[ -5.04277e-05, 0.00347296, -3.26037e-06, 0.00131618, 0.000174918, 0.00658265, 2.81244e-05 ]
[ -5.0269e-05, 0.00382837, -4.21608e-06, 0.00144919, 0.000174914, 0.00684443, 2.8386e-05 ]
[ -5.08317e-05, 0.00406283, -3.97129e-06, 0.00154209, 0.00017461, 0.0071302, 2.65501e-05 ]
[ -5.09191e-05, 0.00430414, -3.72395e-06, 0.00163653, 0.000174605, 0.00743732, 2.65134e-05 ]
[ -5.14903e-05, 0.00454228, -3.47394e-06, 0.00173026, 0.000173703, 0.00776754, 2.73792e-05 ]
[ -4.94298e-05, 0.00477107, -3.22161e-06, 0.00182008, 0.000174301, 0.00808516, 2.97471e-05 ]
[ -4.44949e-05, 0.00499195, -2.72927e-06, 0.00190113, 0.000173702, 0.00837568, 2.76203e-05 ]
[ -3.97973e-05, 0.00519523, -2.95594e-06, 0.00197432, 0.000174005, 0.00865008, 2.63957e-05 ]
[ -3.62917e-05, 0.00538603, -2.4621e-06, 0.00203886, 0.000174309, 0.00889956, 2.60725e-05 ]
[ -3.34943e-05, 0.00556061, -1.96615e-06, 0.00209494, 0.000174915, 0.00912499, 2.57557e-05 ]
[ -3.25994e-05, 0.00571986, -1.46819e-06, 0.00214376, 0.000174626, 0.00934602, 2.60456e-05 ]
[ -3.2646e-05, 0.00586643, -4.90999e-07, 0.00218868, 0.000174638, 0.00954226, 2.63355e-05 ]
[ -3.33925e-05, 0.00589661, -4.73489e-07, 0.00220752, 0.000174954, 0.00992372, 2.66195e-05 ]
[ -3.41179e-05, 0.00601287, 1.46095e-06, 0.00224717, 0.000175573, 0.0101128, 2.56991e-05 ]
[ -3.38626e-05, 0.00612143, 3.87576e-06, 0.0022879, 0.000176198, 0.0103097, 2.56715e-05 ]
[ -3.3826e-05, 0.00631704, 8.21291e-06, 0.00235533, 0.00017653, 0.0102738, 2.56407e-05 ]
[ -3.30516e-05, 0.00641417, 1.15989e-05, 0.00240125, 0.000177767, 0.0104247, 2.53149e-05 ]
[ -3.29798e-05, 0.00650968, 1.54734e-05, 0.00245079, 0.000180811, 0.0105625, 2.52988e-05 ]
[ -3.2416e-05, 0.00661132, 1.93575e-05, 0.00250201, 0.000181767, 0.0106839, 2.6191e-05 ]
[ -3.28022e-05, 0.00660467, 2.10917e-05, 0.00252576, 0.00018303, 0.0110632, 2.70859e-05 ]
[ -3.29418e-05, 0.00671698, 2.47492e-05, 0.00257627, 0.000184898, 0.0111595, 2.52841e-05 ]
[ -3.25955e-05, 0.00683338, 2.7692e-05, 0.00262549, 0.000186167, 0.0112351, 2.52734e-05 ]
[ -3.24834e-05, 0.00696588, 3.13582e-05, 0.00267283, 0.000188038, 0.0112868, 2.5854e-05 ]
[ -3.2606e-05, 0.0071115, 3.50305e-05, 0.00271675, 0.000191109, 0.011307, 2.76302e-05 ]
[ -3.22451e-05, 0.00726624, 3.94303e-05, 0.00275398, 0.00019568, 0.0112792, 2.79132e-05 ]
[ -3.23625e-05, 0.00743598, 4.43192e-05, 0.00278725, 0.000203546, 0.01121, 2.67091e-05 ]
[ -3.22427e-05, 0.00762094, 5.04151e-05, 0.00281376, 0.000213806, 0.0111021, 2.6418e-05 ]
[ -3.21278e-05, 0.00781554, 5.81932e-05, 0.00283672, 0.000227355, 0.0109725, 2.67412e-05 ]
[ -3.22608e-05, 0.00802267, 6.8368e-05, 0.00285507, 0.000244188, 0.0108026, 2.55752e-05 ]
[ -3.24044e-05, 0.00824385, 8.18943e-05, 0.00287159, 0.000264902, 0.0106262, 2.50052e-05 ]
[ -3.25597e-05, 0.00830682, 9.10974e-05, 0.00288049, 0.000277508, 0.0109013, 2.68219e-05 ]
[ -3.68015e-05, 0.00870592, 0.000122821, 0.0029076, 0.000322158, 0.0102275, 2.56335e-05 ]
[ -4.39324e-05, 0.008937, 0.000151898, 0.00293037, 0.000360204, 0.00998619, 2.62333e-05 ]
[ -5.58708e-05, 0.0091635, 0.00018696, 0.00295669, 0.000404234, 0.00973534, 2.68266e-05 ]
[ -8.50804e-05, 0.00953352, 0.000253412, 0.00300524, 0.000479418, 0.00891659, 2.53225e-05 ]
[ -0.000113824, 0.00973882, 0.000307632, 0.00303934, 0.000533924, 0.00858792, 2.50206e-05 ]
[ -0.000150731, 0.00993726, 0.000369033, 0.00307194, 0.000590224, 0.00824426, 2.65159e-05 ]
[ -0.00017207, 0.00998863, 0.000403578, 0.00308844, 0.000618656, 0.00844338, 2.5606e-05 ]
[ -0.000220264, 0.0101747, 0.000476221, 0.00311789, 0.000676447, 0.0080539, 2.4382e-05 ]
[ -0.000304659, 0.0104832, 0.000597273, 0.00315414, 0.000766597, 0.00703785, 2.58415e-05 ]
[ -0.000336089, 0.0105278, 0.000640181, 0.00316273, 0.000798327, 0.00717803, 2.5197e-05 ]
[ -0.000403714, 0.0107086, 0.000729823, 0.00317803, 0.000865714, 0.00667699, 2.66501e-05 ]
[ -0.000476853, 0.0108893, 0.000825216, 0.00318737, 0.000939098, 0.00613659, 2.57119e-05 ]
[ -0.000553108, 0.0110805, 0.000927794, 0.003192, 0.00101938, 0.00555085, 2.38803e-05 ]
[ -0.000630322, 0.0112846, 0.00103636, 0.00319194, 0.00110475, 0.0049252, 2.56497e-05 ]
[ -0.00066871, 0.0113341, 0.00109267, 0.00318937, 0.00114969, 0.00496114, 2.47309e-05 ]
[ -0.000742815, 0.011551, 0.00120914, 0.00318724, 0.00123507, 0.00428604, 2.53158e-05 ]
[ -0.000816683, 0.0117789, 0.00133136, 0.00318723, 0.00122579, 0.0035827, 2.59049e-05 ]
[ -0.000891032, 0.0120141, 0.00145957, 0.00318745, 0.00123119, 0.00284579, 2.47046e-05 ]
[ -0.00096634, 0.0122551, 0.00159282, 0.00318909, 0.0012309, 0.00208807, 2.50156e-05 ]
[ -0.00104212, 0.012496, 0.00173087, 0.00319239, 0.00123031, 0.00149163, 2.47398e-05 ]
[ -0.00111622, 0.0127303, 0.00187444, 0.00319639, 0.00123032, 0.001152, 2.50792e-05 ]
[ -0.00115244, 0.0127773, 0.00194707, 0.00319846, 0.00122944, 0.00143857, 2.57407e-05 ]
[ -0.00122076, 0.0129929, 0.00197753, 0.00320099, 0.00122377, 0.00159358, 2.58214e-05 ]
[ -0.00121404, 0.0131647, 0.00196053, 0.00319849, 0.00122739, 0.00207446, 2.65093e-05 ]
[ -0.00120683, 0.0131026, 0.00196704, 0.00318832, 0.00122682, 0.00272801, 2.59981e-05 ]
[ -0.00120799, 0.0129448, 0.00197499, 0.00317722, 0.00122687, 0.00336626, 2.75783e-05 ]
[ -0.00121632, 0.0127922, 0.00196953, 0.00318031, 0.00122722, 0.00399512, 2.7055e-05 ]
[ -0.00122105, 0.0126381, 0.00197056, 0.00318059, 0.00122728, 0.00461514, 2.6827e-05 ]
[ -0.00121641, 0.0124831, 0.00197138, 0.00318333, 0.00122765, 0.00522803, 2.59971e-05 ]
[ -0.00121845, 0.0123273, 0.00197174, 0.00318565, 0.00122742, 0.00583255, 2.72575e-05 ]
[ -0.00121784, 0.012171, 0.00197141, 0.00318945, 0.00122691, 0.00642746, 2.7911e-05 ]
[ -0.00121768, 0.0120145, 0.00197182, 0.00319346, 0.0012279, 0.00701544, 2.82542e-05 ]
[ -0.0012175, 0.0118589, 0.00197107, 0.00320264, 0.0012268, 0.00759286, 2.67869e-05 ]
[ -0.00121753, 0.0117031, 0.00197226, 0.00322435, 0.0012269, 0.0081638, 2.77004e-05 ]
[ -0.00121704, 0.0115476, 0.00197206, 0.00324314, 0.00122671, 0.00872411, 2.74007e-05 ]
[ -0.00121654, 0.0113923, 0.00197164, 0.00324473, 0.00122742, 0.00927737, 2.70908e-05 ]
