0
0.83
0.83
0.83
5.13
5.29
5.29
5.56
5.76
5.76
5.79
5.94
5.94
6.03
6.03
6.15
6.32
6.32
6.46
6.76
6.76
6.76
6.9
6.9
6.77
6.68
6.68
5.93
5.88
5.88
5.67
5.67
5.56
5.5
5.5
5.41
5.2
5.2
4.95
4.95
4.95
4.55
3.95
3.95
3.59
3.59
3.06
2.71
2.71
2.53
2.28
2.28
2.13
1.85
1.85
1.58
1.58
1.52
1.5
1.5
1.45
1.44
1.44
1.63
1.76
1.76
2.32
2.64
2.64
3.16
3.47
3.47
3.51
3.51
3.42
3.41
3.41
3.55
3.78
3.78
3.95
4.49
4.49
4.72
4.88
4.88
4.77
4.77
4.73
4.6
4.6
4.52
4.49
4.49
4.61
4.71
4.71
4.92
4.92
5.02
4.92
4.92
4.67
4.62
4.62
4.59
4.63
4.63
4.83
4.83
5.29
5.55
5.55
5.77
5.77
5.77
5.77
5.86
5.86
5.96
5.96
5.96
6.01
6.01
6.16
6.16
6.16
6.38
6.64
6.64
6.79
6.79
7.3
7.44
7.44
7.61
7.69
7.69
7.72
8.02
8.02
8.25
8.41
8.41
8.44
8.44
8.54
8.81
8.81
9.02
9.17
9.17
9.24
9.3
9.3
9.42
9.59
9.59
9.73
9.73
9.8
9.9
9.9
10.29
10.57
10.57
10.68
10.42
10.42
10.35
10.46
10.46
10.52
10.52
10.45
10.41
10.41
10.39
10.39
10.39
10.45
10.45
10.45
10.98
11.17
11.17
11.54
11.55
11.55
11.38
11.38
11.34
11.33
11.33
11.23
11.19
11.19
11.19
11.34
11.34
11.41
11.48
11.48
11.63
11.63
12.01
12.34
12.34
12.34
12.2
12.2
12.31
12.72
12.72
12.73
12.69
12.69
12.63
12.63
12.62
12.69
12.69
12.88
12.88
12.88
13.05
12.96
12.96
12.73
12.56
12.56
12.49
12.14
12.14
12.08
12.08
11.98
11.91
11.91
11.88
11.86
11.86
11.9
11.71
11.71
11.57
11.59
11.59
11.39
11.39
11.24
11.03
11.03
11.02
10.97
10.97
10.89
10.9
10.9
10.88
10.65
10.65
10.65
10.52
10.52
10.44
10.44
10.21
9.95
9.95
9.9
9.99
9.99
10.08
10.23
10.23
10.15
10.06
10.06
9.9
9.9
9.9
9.77
9.77
9.62
9.64
9.64
9.74
9.87
9.87
9.94
9.94
10.05
9.96
9.96
10
10.08
10.08
9.97
9.71
9.71
9.62
9.62
9.63
9.71
9.71
9.85
9.9
9.9
9.88
9.86
9.86
9.87
9.87
9.89
9.83
9.83
9.74
9.77
9.77
9.81
9.93
9.93
10.03
10.03
10.03
9.96
9.96
9.96
10.02
10.02
10.01
9.96
9.96
9.74
9.72
9.72
9.73
9.73
9.79
9.86
9.86
9.92
9.83
9.83
9.84
9.8
9.8
9.64
9.46
9.46
9.44
9.44
9.36
9.35
9.35
9.41
9.53
9.53
9.45
9.19
9.19
9.16
9.4
9.4
9.33
9.26
9.26
9.16
9.16
9.14
9.15
9.15
9.17
9.2
9.2
9.16
9.06
9.06
8.81
8.74
8.74
8.53
8.53
7.71
7.24
7.24
6.39
5.74
5.74
5.58
5.21
5.21
4.94
4.38
4.38
3.55
3.55
3.18
2.49
2.49
2.29
1.55
1.55
1.03
0.97
0.97
0.91
0.89
0.89
0.92
0.92
0.86
0.88
0.88
0.99
0.94
0.94
0.77
0.84
0.84
0.86
0.89
0.89
0.95
0.95
0.95
0.79
0.79
0.76
0.77
0.77
0.69
0.69
0.69
0.69
0.73
0.73
0.75
0.77
0.77
0.74
0.74
0.68
0.66
0.66
0.68
0.72
0.72
0.84
0.84
0.84
0.77
0.71
0.71
0.69
0.69
0.7
0.78
0.78
0.72
0.65
0.65
0.63
0.66
0.66
0.63
0.58
0.58
0.59
0.59
0.6
0.61
0.61
0.54
0.46
0.46
0.33
0.33
0.33
0
0
0
-0.13
-0.13
-0.13
-0.26
-0.26
-0.19
-0.19
-0.19
-0.15
-0.15
-0.15
-0.15
-0.15
-0.15
0.21
0.21
0.34
0.38
0.38
0.37
0.33
0.33
0.27
0.18
0.18
-0.1
-0.1
-0.35
-0.68
-0.68
-0.72
-0.81
-0.81
-1.14
-1.39
-1.39
-1.63
-1.63
-1.81
-2.05
-2.05
-2.42
-2.74
-2.74
-3.14
-3.27
-3.27
-3.27
-3.27
-3.87
-3.96
-3.96
-4.2
-4.33
-4.33
-4.39
-4.52
-4.52
-4.61
-4.73
-4.73
-4.83
-4.83
-4.8
-4.87
-4.87
-4.89
-4.94
-4.94
-4.92
-4.89
-4.89
-4.79
-4.8
-4.8
-4.79
-4.79
-4.77
-4.67
-4.67
-4.7
-4.8
-4.8
-5.16
-5.31
-5.31
-5.52
-5.52
-5.52
-5.81
-5.81
-6.03
-6.03
-6.03
-6.18
-6.23
-6.23
-6.35
-6.72
-6.72
-6.72
-7.21
-7.21
-7.59
-7.59
-7.59
-7.94
-7.94
-8.09
-8.31
-8.31
-8.42
-8.46
-8.46
-8.29
-8.07
-8.07
-7.5
-7.01
-7.01
-6.62
-6.62
-4.47
-2.05
-2.05
-3.56
-4.83
-4.83
-4.76
-4.75
-4.75
-4.8
-4.23
-4.23
-3.65
-3.49
-3.49
-2.86
-2.86
-2.61
-1.87
-1.87
-1.87
-1.11
-1.11
-0.94
-0.77
-0.77
-0.17
-0.17
-0.17
0.44
0.44
0.36
0.42
0.42
0.46
0.71
0.71
0.81
0.89
0.89
0.88
1
1
0.83
0.83
0.72
0.53
0.53
0.63
0.95
0.95
0.93
0.79
0.79
0.64
0.55
0.55
0.63
0.63
0.51
0.65
0.65
0.86
0.82
0.82
0.47
0.24
0.24
0.08
-0.13
-0.13
-0.01
-0.01
-1.31
-2.15
-2.15
-2.37
-2.81
-2.81
-2.81
-3.84
-3.84
-5.24
-5.82
-5.82
-5.91
-5.91
-5.86
-5.34
-5.34
-4.87
-4.43
-4.43
-4.25
-4.19
-4.19
-3.69
-3.69
-3.07
-2.89
-2.89
-2.57
-2.31
-2.31
-1.85
-1.4
-1.4
-1.08
-1.08
-0.71
-0.44
-0.44
-0.19
0.09
0.09
0.08
0.03
0.03
-0.03
-0.03
0.21
0.15
0.15
0.3
0.31
0.31
0.1
0.1
0.1
-0.84
-1.01
-1.01
-1.24
-1.48
-1.48
-1.46
-1.46
-1.49
-1.61
-1.61
-1.82
-1.94
-1.94
-2.47
-2.85
-2.85
-3.29
-3.29
-3.29
-4.49
-4.49
-5.9
-6.27
-6.27
-6.84
-7.61
-7.61
-8.07
-8.75
-8.75
-9.13
-9.61
-9.61
-9.35
-9.35
-9.39
-9.39
-9.39
-10.52
-10.6
-10.6
-10.69
-10.9
-10.9
-11.31
-11.34
-11.34
-11.1
-11.1
-10.08
-9.47
-9.47
-9.33
-9.66
-9.66
-9.32
-8.79
-8.79
-8.64
-8.6
-8.6
-8.6
-8.6
-8.58
-8.74
-8.74
-8.67
-8.13
-8.13
-8.17
-8.45
-8.45
-8.24
-8.16
-8.16
-8.53
-8.53
-8.61
-8.72
-8.72
-8.78
-8.75
-8.75
-8.85
-8.61
-8.61
-8.7
-9.54
-9.54
-9.7
-9.7
-9.44
-9.52
-9.52
-10.2
-10.66
-10.66
-10.9
-11.39
-11.39
-11.58
-11.66
-11.66
-11.57
-11.57
-11.81
-12.77
-12.77
-12.91
-12.93
-12.93
-13.54
-13.92
-13.92
-14.3
-14.41
-14.41
-14.68
-14.68
-15.04
-15.22
-15.22
-15
-14.76
-14.76
-15.05
-15.41
-15.41
-15.21
-14.97
-14.97
-15.08
-15.08
-15.38
-15.48
-15.48
-15.4
-15.31
-15.31
-15.34
-15.56
-15.56
-15.37
-15.37
-15.14
-15.27
-15.27
-15.58
-15.79
-15.79
-14.98
-14.79
-14.79
-14.67
-14.67
-14.63
-14.5
-14.5
-14.28
-14.17
-14.17
-14.13
-14.18
-14.18
-14.32
-14.32
-14.13
-13.89
-13.89
-13.74
-13.95
-13.95
-14.42
-14.05
-14.05
-13.74
-13.74
-13.55
-13.51
-13.51
-13.76
-13.84
-13.84
-13.64
-13.31
-13.31
-13.21
-13.21
-13.27
-13.4
-13.4
-13.42
-13.27
-13.27
-13.13
-12.82
-12.82
-12.64
-12.81
-12.81
-13.45
-13.45
-13.64
-13.23
-13.23
-12.63
-12.55
-12.55
-12.76
-12.96
-12.96
-13.24
-13.2
-13.2
-12.82
-12.82
-12.46
-12.31
-12.31
-11.93
-11.81
-11.81
-11.66
-11.42
-11.42
-11.23
-10.84
-10.84
-10.75
-10.75
-10.45
-9.89
-9.89
-9.69
-9.44
-9.44
-9.35
-9.27
-9.27
-9.52
-9.52
-9.66
-9.85
-9.85
-9.9
-9.82
-9.82
-9.38
-9.12
-9.12
-8.68
-8.66
-8.66
-9.17
-9.17
-9.64
-9.78
-9.78
-9.89
-9.77
-9.77
-9.29
-9.06
-9.06
-9.02
-9
-9
-9.03
-9.03
-9.15
-9.26
-9.26
-9.34
-9.37
-9.37
-9.37
-9.52
-9.52
-9.52
-9.47
-9.47
-9.47
-9.51
-9.51
-9.6
-9.6
-9.6
-9.6
-9.6
-9.6
-9.6
-9.6
-9.94
-9.99
-9.99
-10.01
-10.12
-10.12
-10.12
-10.12
-10.04
-9.95
-9.95
-9.87
-9.97
-9.97
-10.03
-10.18
-10.18
-10.33
-10.33
-10.41
-10.56
-10.56
-10.58
-10.49
-10.49
-10.22
-10.1
-10.1
-9.8
-9.8
-9.8
-9.29
-9.29
-8.99
-8.83
-8.83
-8.37
-8.09
-8.09
-7.53
-7.05
-7.05
-6.89
-6.89
-6.89
-6.69
-6.69
-6.66
-6.46
-6.46
-6.46
-5.57
-5.57
-5.23
-4.7
-4.7
-4.31
-4.24
-4.24
-4.28
-4.28
-4.28
-4.32
-4.32
-4.06
-3.83
-3.83
-3.3
-2.98
-2.98
-2.6
-2.51
-2.51
-2.46
-2.46
-2.3
-2.32
-2.32
-2.26
-2.2
-2.2
-2.14
-1.99
-1.99
-1.91
-1.91
-1.83
-2.13
-2.13
-2.25
-2.52
-2.52
-2.51
-2.38
-2.38
-2.46
-2.46
-2.59
-2.65
-2.65
-2.64
-2.65
-2.65
-2.65
-2.65
-2.65
-2.82
-2.82
-2.89
-3
-3
-3.15
-3.11
-3.11
-3.11
-3.29
-3.29
-3.89
-3.89
-4.05
-4.18
-4.18
-4.33
-4.54
-4.54
-5.14
-5.21
-5.21
-5.57
-5.75
-5.75
-5.94
-6.43
-6.43
-6.68
-6.68
-6.91
-6.97
-6.97
-7.16
-7.38
-7.38
-7.49
-7.65
-7.65
-7.8
-7.8
-7.93
-8.02
-8.02
-8.15
-8.15
-8.15
-8.4
-8.43
-8.43
-8.31
-8.39
-8.39
-8.33
-8.33
-8.41
-8.37
-8.37
-8.15
-8.15
-8.15
-8.12
-8.1
-8.1
-8.13
-8.26
-8.26
-8.28
-8.28
-8.16
-7.99
-7.99
-7.91
-7.72
-7.72
-7.63
-7.61
-7.61
-7.35
-7.35
-7.35
-7.36
-7.21
-7.21
-7.12
-7.12
-6.95
-6.83
-6.83
-6.22
-6.04
-6.04
-6
-5.92
-5.92
-5.89
-6.02
-6.02
-6.04
-6.04
-6.3
-6.35
-6.35
-6.46
-6.44
-6.44
-6.38
-6.35
-6.35
-6.5
-6.48
-6.48
-6.56
-6.56
-6.62
-6.9
-6.9
-7.04
-7.09
-7.09
-7.15
-7.08
-7.08
-6.92
-6.7
-6.7
-6.79
-6.79
-6.98
-7.01
-7.01
-7.13
-7.3
-7.3
-7.35
-7.42
-7.42
-7.44
-7.36
-7.36
-7.08
-7.08
-7
-7.08
-7.08
-7.12
-7.07
-7.07
-7.17
-7.26
-7.26
-7.31
-7.31
-7.26
-7.06
-7.06
-6.53
-6.32
-6.32
-6.25
-6.18
-6.18
-5.83
-5.83
-5.62
-5.59
-5.59
-5.52
-5.33
-5.33
-5.02
-4.59
-4.59
-4.34
-4.34
-4.07
-3.97
-3.97
-3.91
-3.54
-3.54
-3.47
-3.5
-3.5
-3.57
-3.59
-3.59
-3.4
-3.4
-3.16
-2.94
-2.94
-2.96
-2.9
-2.9
-2.62
-2.57
-2.57
-2.57
-2.51
-2.51
-2.33
-2.33
-2.17
-2.12
-2.12
-1.82
-1.6
-1.6
-1.43
-1.22
-1.22
-1.1
-0.89
-0.89
-0.84
-0.84
-0.5
0.02
0.02
0.14
0.46
0.46
0.75
1.47
1.47
2.13
2.54
2.54
3.24
3.24
3.77
4.65
4.65
4.87
5.46
5.46
6.19
6.19
6.19
7.25
7.56
7.56
8.72
8.72
9.63
12.76
12.76
15.05
15.48
15.48
15.76
16
16
16.02
16.37
16.37
16.59
16.59
16.99
14.67
14.67
12.78
11.4
11.4
10.94
9.99
9.99
9.14
8.38
8.38
7.37
7.37
6.9
5.72
5.72
4.51
4.12
4.12
3.48
2.8
2.8
1.29
0.89
0.89
0.83
0.85
0.85
0.97
0.97
1.34
1.72
1.72
1.79
2.04
2.04
2.21
2.56
2.56
3.4
3.64
3.64
4.12
4.12
4.32
4.51
4.51
4.51
4.51
4.51
5.71
6.03
6.03
6.86
7.9
7.9
8.45
8.45
8.91
9.31
9.31
9.85
10.46
10.46
10.73
10.73
10.73
11.14
10.98
10.98
10.96
10.96
11.02
11.02
11.02
11.06
11.25
11.25
11.38
11.47
11.47
11.51
11.51
11.49
11.32
11.32
11.24
11.31
11.31
11.37
11.37
11.37
11.44
11.44
11.62
11.67
11.67
11.71
11.73
11.73
11.65
11.59
11.59
11.55
11.55
11.43
11.48
11.48
11.51
11.43
11.43
11.43
11.31
11.31
11.33
11.33
11.2
11.15
11.15
11.2
11.19
11.19
11.19
11.17
11.17
11.19
11.1
11.1
11.02
11.02
10.98
10.88
10.88
10.88
10.88
10.88
10.82
10.76
10.76
10.62
10.69
10.69
10.87
10.99
10.99
11.05
11.05
11.25
11.11
11.11
11.15
11.06
11.06
11.03
10.9
10.9
10.79
10.78
10.78
10.85
10.85
10.84
10.8
10.8
10.69
10.67
10.67
10.65
10.63
10.63
10.59
10.44
10.44
10.18
10.18
9.86
9.86
9.86
9.63
9.51
9.51
9.36
8.84
8.84
8.54
7.95
7.95
7.78
7.03
7.03
6.39
6.39
6.05
5.81
5.81
5.87
5.87
5.87
4.41
4.01
4.01
3.96
4.07
4.07
2.01
2.01
1.05
1.02
1.02
0.75
0.59
0.59
0.7
0.91
0.91
0.97
1.09
1.09
1.16
1.16
0.77
0.72
0.72
0.78
0.97
0.97
0.97
0.77
0.77
0.84
0.89
0.89
1.01
1.01
0.83
0.83
0.83
0.78
0.87
0.87
0.97
1.06
1.06
0.88
0.76
0.76
0.73
0.89
0.89
0.89
0.89
0.85
0.95
0.95
0.99
0.83
0.83
0.77
0.69
0.69
0.92
1.04
1.04
-1.14
-1.14
-2.47
-2.25
-2.25
-2.19
-2.5
-2.5
-2.34
-2.1
-2.1
-1.7
-1.67
-1.67
-1.64
-1.32
-1.32
-1.14
-1.14
-1.16
-1.52
-1.52
-1.51
-1.6
-1.6
-1.6
-1.72
-1.72
-1.86
-1.86
-2.02
-2.77
-2.77
-3.06
-3.11
-3.11
-3.33
-3.5
-3.5
-4
-4
-4.1
-4.22
-4.22
-4.18
-4
-4
-3.71
-3.7
-3.7
-3.63
-3.15
-3.15
-3.15
-3.15
-2.91
-2.88
-2.88
-2.81
-2.81
-2.81
-2.83
-2.58
-2.58
-2.49
-2.49
-2.64
-2.48
-2.48
-2.48
-2.31
-2.31
-2.5
-2.51
-2.51
-2.37
-2.27
-2.27
-1.92
-1.74
-1.74
-1.63
-1.63
-1.44
-1.22
-1.22
-1.22
-1.01
-1.01
-1.18
-1.27
-1.27
-1.33
-1.28
-1.28
-1.19
-1.19
-1.32
-1.75
-1.75
-1.8
-1.71
-1.71
-1.78
-1.91
-1.91
-1.95
-1.96
-1.96
-2.03
-2.03
-1.93
-1.63
-1.63
-1.77
-1.82
-1.82
-1.65
-1.68
-1.68
-1.89
-2.13
-2.13
-2.31
-2.68
-2.68
-2.86
-2.86
-3.07
-3.07
-3.07
-3.42
-3.53
-3.53
-3.45
-3.39
-3.39
-3.26
-3.13
-3.13
-3.05
-3.05
-3.02
-2.97
-2.97
-2.82
-2.56
-2.56
-2.68
-2.67
-2.67
-2.32
-1.93
-1.93
-1.71
-1.46
-1.46
-1.46
-1.46
-0.23
-0.29
-0.29
-0.74
-0.21
-0.21
-0.5
-1.2
-1.2
-0.95
0.01
0.01
0.01
0.01
0.25
0.5
0.5
0.54
0.5
0.5
0.51
0.54
0.54
0.72
0.72
0.7
0.7
0.7
0.56
0.6
0.6
0.5
0.5
0.49
0.5
0.5
0.5
0.56
0.56
0.54
0.56
0.56
0.71
0.71
0.6
0.46
0.46
0.45
0.56
0.56
0.58
0.5
0.5
0.48
0.48
0.52
0.59
0.59
0.6
0.52
0.52
0.55
0.64
0.64
0.7
0.7
0.56
0.39
0.39
0.47
0.63
0.63
0.62
0.62
0.51
0.5
0.5
0.53
0.61
0.61
0.57
0.57
0.5
0.5
0.5
0.54
0.66
0.66
0.67
0.57
0.57
0.46
0.48
0.48
0.65
0.65
0.67
0.62
0.62
0.5
0.49
0.49
0.53
0.54
0.54
0.55
0.56
0.56
0.56
0.56
0.49
0.51
0.51
0.56
0.65
0.65
0.66
0.59
0.59
0.5
0.5
0.5
0.5
0.5
0.62
0.66
0.66
0.64
0.52
0.52
0.46
0.48
0.48
0.52
0.52
0.57
0.56
0.56
0.54
0.53
0.53
0.48
0.47
0.47
0.49
0.49
0.49
0.54
0.54
0.56
0.59
0.59
0.62
0.61
0.61
0.62
0.53
0.53
0.51
0.51
0.5
0.45
0.45
0.42
0.44
0.44
0.5
0.66
0.66
0.72
0.71
0.71
0.56
0.56
0.49
0.44
0.44
0.44
0.48
0.48
0.54
0.56
0.56
0.61
0.58
0.58
