1.13173e-06
-2.65549e-06
-2.68448e-06
-2.57851e-06
-2.2626e-06
-2.21858e-06
-2.15863e-06
-2.33959e-06
-2.33959e-06
-1.60493e-06
6.53763e-06
4.18465e-05
5.96878e-05
7.3483e-05
8.36776e-05
9.17881e-05
9.81292e-05
0.000101248
0.000112163
0.000119872
0.000124296
0.000138419
0.000150639
0.000163622
0.000178015
0.000193952
0.000212996
0.000233976
0.000254935
0.000277846
0.000300333
0.000324144
0.000349243
0.000374254
0.000399354
0.000424888
0.000453946
0.000468861
0.000516542
0.000549273
0.000583338
0.00060061
0.00065444
0.000671666
0.000724275
0.000760681
0.000800787
0.000843683
0.000865229
0.000929131
0.000970302
0.00101372
0.00105989
0.00110825
0.00115734
0.00120484
0.00125478
0.00130636
0.00135952
0.00141283
0.00146608
0.0015218
0.0015789
0.00163751
0.00169562
0.00175323
0.00181283
0.00187454
0.00193759
0.00199979
0.00206123
0.00212479
0.00219168
0.002259
0.00232527
0.00239164
0.00245866
0.00252834
0.00256367
0.00267022
0.00274139
0.00281299
0.00288691
0.00296229
0.00303919
0.0031131
0.00318615
0.00326365
0.00334294
0.00341948
0.00349403
0.00356976
0.0036482
0.00372551
0.00380292
0.00388074
0.00395747
0.00403601
0.00411785
0.00420059
0.00424053
0.00435846
0.00440038
0.00452674
0.0046096
0.00469272
0.00477335
0.00485446
0.00489567
0.00502349
0.00510595
0.00518603
0.00527061
0.00535732
0.00544322
0.00552919
0.00561337
0.00569935
0.00578904
0.00587889
0.00596682
0.00605469
0.00614485
0.00623584
0.00632828
0.00641978
0.00650658
0.00659624
0.0066895
0.00678138
0.00687234
0.0069619
0.00705238
0.0071473
0.00724316
0.00733575
0.00742719
0.0075187
0.00761193
0.00770857
0.00780476
0.00789616
0.0079906
0.00808839
0.00818583
0.00828598
0.00838324
0.00847858
0.00858046
0.00868249
0.0087831
0.00888313
0.00898044
0.00908195
0.00918562
0.00928495
0.00938458
0.00948062
0.00957642
0.00967791
0.00977906
0.00987688
0.0099754
0.013384
0.0134909
0.0135969
0.0136979
0.0138039
0.0139106
0.0140169
0.0141242
0.0142265
0.0143334
0.0144439
0.0145531
0.0146635
0.0147693
0.0148801
0.0149933
0.0151053
0.0152182
0.0153252
0.0154323
0.0155428
0.015654
0.0157658
0.0158719
0.01598
0.0160914
0.0162031
0.016317
0.0164255
0.0165372
0.0166511
0.0167663
0.0168826
0.0169927
0.0171055
0.0172198
0.0173359
0.0174516
0.0175614
0.0176703
0.0177785
0.0365198
0.0366373
0.0367499
0.0368599
0.0369709
0.0370829
0.0371969
0.0373064
0.0374149
0.0375257
0.0376395
0.0377544
0.0378656
0.0379769
0.0380871
0.0381433
0.0383174
0.0384285
0.0385384
0.038647
0.0387622
0.0388745
0.0389849
0.0390933
0.0391976
0.0393095
0.0394192
0.03953
0.0396382
0.0397437
0.0398562
0.0399674
0.0400802
0.0401889
0.0402977
0.0404106
0.0405219
0.0406358
0.0407451
0.0408522
0.0409616
0.0410728
0.0593691
0.0594702
0.0595656
0.0596663
0.059768
0.0598695
0.0599706
0.0600651
0.0601607
0.0602578
0.060355
0.0604534
0.0605463
0.0605887
0.0606847
0.0608313
0.0609277
0.0610199
0.0610619
0.0612086
0.0612534
0.061403
0.0614981
0.0615408
0.0616853
0.06173
0.0618774
0.0619716
0.062063
0.0621573
0.0622522
0.0623481
0.0624427
0.0625333
0.062629
0.0627261
0.0628226
0.0629189
0.0629611
0.0631044
0.0632002
0.0632945
0.0780923
0.0781686
0.0782396
0.0783124
0.0783882
0.0784628
0.0785396
0.0786144
0.0786869
0.0787185
0.0788412
0.0789159
0.0789913
0.0790639
0.0791343
0.0792095
0.0792838
0.0793546
0.0794256
0.079499
0.0795718
0.079647
0.0797211
0.0797915
0.0798656
0.0799415
0.0800157
0.0800901
0.0801617
0.0802337
0.0803096
0.0803848
0.0804569
0.0805281
0.0805974
0.0806678
0.0807404
0.0808113
0.0808392
0.0809497
0.0810198
0.0810902
0.0914299
0.0914813
0.0915306
0.0915781
0.091627
0.0916784
0.0917286
0.091777
0.0917925
0.091875
0.0918902
0.0919714
0.0920202
0.0920669
0.0921128
0.0921602
0.0922088
0.0922562
0.0923012
0.0923458
0.0923922
0.0924379
0.0924821
0.0925266
0.092571
0.0926163
0.0926618
0.0927073
0.0927514
0.0927934
0.0928376
0.0928832
0.0929278
0.0929699
0.0930121
0.0930557
0.0930995
0.0931427
0.0931856
0.0932281
0.0932703
0.0933131
0.098502
0.0985207
0.0985391
0.098556
0.0985726
0.0985897
0.098608
0.0986266
0.0986439
0.0986597
0.0986747
0.0986899
0.0986865
0.0987213
0.0987169
0.0987502
0.0987452
0.098776
0.0987884
0.0988018
0.0988154
0.0988288
0.0988414
0.0988527
0.0988636
0.0988572
0.0988887
0.0989014
0.0989133
0.0989069
0.0989345
0.0989457
0.0989581
0.0989709
0.098983
0.0989948
0.099007
0.0990183
0.0990298
0.0990412
0.0990531
0.0990651
0.0987288
0.0987203
0.0987
0.0986924
0.0986772
0.0986553
0.0986451
0.0986235
0.0986075
0.0985897
0.0985764
0.0985588
0.0985413
0.0985236
0.0985053
0.0984865
0.0984678
0.0984498
0.0984321
0.0984135
0.0983945
0.0983754
0.0983566
0.0983352
0.0983209
0.098302
0.0982842
0.0982662
0.0982441
0.0982294
0.0982061
0.0981908
0.098168
0.0981536
0.0981348
0.0981113
0.0980909
0.0980734
0.098053
0.0980299
0.0980082
0.0979879
0.0921422
0.0920929
0.0920455
0.0919985
0.0919497
0.0919018
0.0918547
0.0918079
0.0917609
0.091712
0.0916627
0.0916125
0.0915633
0.0915265
0.0914652
0.0914162
0.0913681
0.0913212
0.0912738
0.0912239
0.0911733
0.0911226
0.0910733
0.0910261
0.0909793
0.0909316
0.0908839
0.090837
0.0907905
0.0907414
0.09069
0.0906388
0.0905893
0.0905412
0.090492
0.0904415
0.0903899
0.0903377
0.0902997
0.0902348
0.0901822
0.0901289
0.0791505
0.0790754
0.0790028
0.0789311
0.0788554
0.0787779
0.0787019
0.0786276
0.0785555
0.0784802
0.0784034
0.0783269
0.0782502
0.0781762
0.0781002
0.0780219
0.0779434
0.0778675
0.0777934
0.0777174
0.0776402
0.0775637
0.0774883
0.0774143
0.0773392
0.077262
0.0771827
0.077106
0.0770315
0.0769556
0.0768768
0.0767981
0.0767193
0.0766409
0.0765637
0.0764841
0.0764022
0.0763222
0.0762456
0.0761675
0.0760863
0.0760061
0.0606484
0.0605515
0.0604554
0.0603603
0.0602615
0.0602039
0.0600637
0.0599662
0.0598712
0.0598142
0.0596699
0.0596128
0.0594712
0.059373
0.0592713
0.05917
0.0590679
0.05897
0.0588709
0.0587706
0.0586668
0.0585661
0.0584658
0.0583682
0.0582654
0.0581632
0.0580597
0.0579598
0.0578623
0.0577628
0.0576621
0.0575606
0.057463
0.0573658
0.0572687
0.0571662
0.0570665
0.056966
0.0568692
0.056768
0.05671
0.0565627
0.037982
0.0378691
0.0378095
0.0376465
0.0375322
0.0374153
0.037302
0.0371902
0.0370828
0.037024
0.0368587
0.0367991
0.0366341
0.0365773
0.0364133
0.0362978
0.0361829
0.0360686
0.0360111
0.0358447
0.0357287
0.0356133
0.035498
0.035387
0.0352713
0.0351534
0.0350367
0.0349202
0.0348095
0.0347506
0.0345834
0.0344681
0.0343525
0.0342417
0.0341298
0.0340151
0.033899
0.033838
0.0336701
0.0335567
0.0334395
0.0333223
0.0126997
0.0125769
0.0124557
0.0123358
0.0122124
0.0120862
0.0119615
0.0118407
0.0117217
0.0116003
0.0114784
0.0113551
0.0112337
0.011118
0.0109975
0.0108738
0.0107521
0.0106312
0.0105126
0.0103924
0.0102672
0.0101415
0.0100193
0.00989911
0.00977461
0.0096487
0.00952334
0.00939852
0.00927832
0.00915915
0.00903464
0.00890991
0.00878768
0.00866784
0.00854945
0.00842822
0.00830458
0.00818172
0.00806368
0.00794372
0.00782033
0.00769697
-0.0134687
-0.0135917
-0.0137136
-0.0138328
-0.0139542
-0.0140785
-0.0142029
-0.0143229
-0.0144406
-0.0145619
-0.0146837
-0.0148071
-0.0149296
-0.0150461
-0.0151047
-0.0152819
-0.0154019
-0.0155216
-0.0156401
-0.0157577
-0.0158807
-0.0160052
-0.0161264
-0.0161872
-0.0163623
-0.0164817
-0.0166033
-0.0167251
-0.0168423
-0.0169607
-0.0170833
-0.017205
-0.0173264
-0.0174449
-0.017558
-0.0176763
-0.017797
-0.0179168
-0.0179784
-0.0181528
-0.0182707
-0.0183942
-0.0386985
-0.0388141
-0.0389272
-0.0390387
-0.0391507
-0.0392681
-0.0393839
-0.0394986
-0.0395574
-0.0397242
-0.0398413
-0.0399558
-0.0400682
-0.0401771
-0.040284
-0.0403961
-0.0405075
-0.04062
-0.040728
-0.0408369
-0.0409489
-0.0410615
-0.041174
-0.0412811
-0.0413903
-0.0415007
-0.0416142
-0.0417262
-0.0418359
-0.0419463
-0.0420592
-0.0421751
-0.042287
-0.0423979
-0.0425073
-0.0426206
-0.0427355
-0.0428475
-0.0429587
-0.0430165
-0.0431801
-0.043293
-0.0613107
-0.0614097
-0.0615036
-0.0615972
-0.06169
-0.0617869
-0.0618827
-0.0619764
-0.0620694
-0.0621634
-0.062261
-0.0623583
-0.0624538
-0.0625479
-0.0626431
-0.0627425
-0.0628395
-0.0629361
-0.0630292
-0.0631243
-0.0632224
-0.0633183
-0.0634138
-0.0635041
-0.0635953
-0.063688
-0.0637817
-0.0638756
-0.0639654
-0.0640573
-0.0641489
-0.0642428
-0.0643356
-0.0644245
-0.0645153
-0.0646069
-0.0647005
-0.0647937
-0.0648829
-0.0649749
-0.0650676
-0.0651632
-0.0796507
-0.0796994
-0.0797991
-0.0798479
-0.0799532
-0.08003
-0.0801049
-0.0801785
-0.0802516
-0.0803254
-0.0803998
-0.080474
-0.0805464
-0.0806173
-0.0806891
-0.0807625
-0.0808362
-0.0809058
-0.0809742
-0.0810464
-0.0810943
-0.0811907
-0.0812585
-0.0813277
-0.0813996
-0.0814706
-0.0815395
-0.0816073
-0.0816737
-0.0817409
-0.0818078
-0.0818751
-0.0819422
-0.0820081
-0.0820753
-0.0821425
-0.0822109
-0.0822797
-0.0823465
-0.0824144
-0.0824843
-0.0825544
-0.0924262
-0.0924738
-0.0925197
-0.0925651
-0.0926119
-0.0926574
-0.0927017
-0.0927441
-0.092787
-0.0928227
-0.0928769
-0.0929216
-0.0929658
-0.0930089
-0.0930529
-0.0930972
-0.0931399
-0.0931811
-0.0932209
-0.0932612
-0.093302
-0.093343
-0.0933833
-0.0934228
-0.0934637
-0.0935062
-0.0935492
-0.0935909
-0.0936314
-0.0936727
-0.0937141
-0.0937546
-0.0937944
-0.0938316
-0.0938695
-0.0939011
-0.0939461
-0.0939848
-0.0940223
-0.09406
-0.0940997
-0.0941404
-0.0990512
-0.0990611
-0.0990704
-0.0990794
-0.0990888
-0.0990984
-0.0991083
-0.0991184
-0.0991286
-0.0991404
-0.0991527
-0.0991646
-0.0991757
-0.0991861
-0.0991954
-0.0992048
-0.0992136
-0.0992212
-0.0992282
-0.099235
-0.0992422
-0.0992498
-0.0992576
-0.099265
-0.0992731
-0.0992799
-0.0992863
-0.099292
-0.0992964
-0.0993003
-0.0993046
-0.0993091
-0.0993137
-0.0993181
-0.0993231
-0.0993293
-0.0993362
-0.099343
-0.0993491
-0.0993552
-0.0993615
-0.0993676
-0.0983928
-0.0983772
-0.0983622
-0.0983671
-0.0983299
-0.0983119
-0.0982946
-0.0982778
-0.0982615
-0.0982439
-0.0982243
-0.0982048
-0.098186
-0.0981675
-0.0981488
-0.098129
-0.0981083
-0.0981095
-0.0980692
-0.0980717
-0.0980515
-0.0980072
-0.0979847
-0.0979632
-0.0979413
-0.0979183
-0.0978946
-0.0978708
-0.0978474
-0.0978244
-0.0978004
-0.0977757
-0.0977516
-0.0977281
-0.0977275
-0.0976796
-0.0976548
-0.0976533
-0.0976072
-0.0975838
-0.0975584
-0.0975331
-0.0911393
-0.0910871
-0.0910373
-0.0909899
-0.090941
-0.0908911
-0.0908417
-0.0907933
-0.0907454
-0.0906961
-0.0906462
-0.0905949
-0.0905445
-0.090496
-0.0904464
-0.0903954
-0.0903435
-0.0902938
-0.090245
-0.0901942
-0.0901427
-0.0900914
-0.0900395
-0.0899887
-0.0899398
-0.0898884
-0.0898356
-0.0897832
-0.0897333
-0.0896822
-0.0896287
-0.089611
-0.0895229
-0.0894694
-0.0894168
-0.0893648
-0.0893101
-0.0892546
-0.0892018
-0.0891501
-0.0890943
-0.0890371
-0.0776074
-0.0775296
-0.0774519
-0.0773758
-0.0772994
-0.0772201
-0.0771417
-0.0770659
-0.0769906
-0.0769149
-0.0768376
-0.076759
-0.0766825
-0.0766085
-0.0765338
-0.0764581
-0.0763814
-0.0763031
-0.0762279
-0.0761528
-0.076073
-0.0759944
-0.0759159
-0.0758821
-0.075762
-0.0756821
-0.0755997
-0.0755647
-0.0754389
-0.0753575
-0.0752756
-0.0751907
-0.0751066
-0.0750264
-0.0749474
-0.074868
-0.074788
-0.0747058
-0.0746266
-0.0745504
-0.0744701
-0.0743897
-0.0586059
-0.058507
-0.0584093
-0.0583125
-0.0582678
-0.0581134
-0.0580152
-0.057919
-0.0578241
-0.0577289
-0.0576292
-0.0575331
-0.057438
-0.0573419
-0.0572965
-0.0571396
-0.0570379
-0.0569386
-0.0568373
-0.0567357
-0.0566301
-0.0565284
-0.056429
-0.0563307
-0.0562341
-0.056187
-0.0560313
-0.0559323
-0.0558331
-0.0557353
-0.0556315
-0.0555818
-0.0554814
-0.0553817
-0.0552305
-0.0551267
-0.0550227
-0.054922
-0.0548216
-0.0547213
-0.0546721
-0.0545111
-0.0356693
-0.0354941
-0.0353836
-0.0352726
-0.0351575
-0.0350431
-0.0349264
-0.0348158
-0.0347021
-0.0345865
-0.0344696
-0.0344115
-0.0342987
-0.0341289
-0.0340143
-0.0338949
-0.0337777
-0.0336623
-0.0335494
-0.0334361
-0.0333188
-0.0332044
-0.0330895
-0.0329798
-0.032867
-0.0327506
-0.0326348
-0.0325191
-0.0324086
-0.0322928
-0.0321753
-0.0320567
-0.0319388
-0.0318834
-0.0317079
-0.0315909
-0.0314705
-0.0313552
-0.0312431
-0.0311315
-0.0310183
-0.0309004
-0.0102645
-0.0101378
-0.0100167
-0.00989507
-0.00977349
-0.00964721
-0.00952208
-0.00939799
-0.00927605
-0.00915254
-0.00902261
-0.00889641
-0.00876883
-0.00864816
-0.00852263
-0.00839747
-0.00827166
-0.00814903
-0.00802978
-0.00790575
-0.00778088
-0.00765232
-0.00752853
-0.0074058
-0.00728692
-0.00716367
-0.00703987
-0.00691838
-0.00679944
-0.00668293
-0.00656035
-0.0064383
-0.00631467
-0.00619488
-0.00607405
-0.00594865
-0.00582181
-0.00569425
-0.00557193
-0.00544756
-0.00532339
-0.00519466
0.0159416
0.0160663
0.0161844
0.0163059
0.0164285
0.0165547
0.0166782
0.0167995
0.0169178
0.0170369
0.0171608
0.0172811
0.0174024
0.0175175
0.0176374
0.01776
0.0178817
0.018004
0.0181196
0.0182425
0.0183643
0.0184891
0.01861
0.0187286
0.0187873
0.0189671
0.0190923
0.0192127
0.0192734
0.0193914
0.0195103
0.0196334
0.0198151
0.0198746
0.0199906
0.0201107
0.0202329
0.0203561
0.0205362
0.0205944
0.0207164
0.0208378
0.0409923
0.041105
0.0412167
0.0413232
0.0414338
0.0415441
0.0416567
0.041766
0.0418731
0.0419839
0.0420945
0.0422087
0.0422626
0.0424259
0.0425334
0.0426423
0.0427558
0.0428649
0.0429177
0.0430809
0.0431912
0.0433058
0.0434162
0.0435273
0.0436353
0.0437479
0.0438616
0.0439721
0.0440824
0.0441892
0.0443017
0.0444144
0.044525
0.0446338
0.0447365
0.0448435
0.0449503
0.0450575
0.045164
0.0452664
0.0453742
0.0454823
0.0632869
0.0633825
0.0634722
0.0635615
0.0636568
0.0637502
0.0638439
0.0639365
0.0640249
0.0641192
0.0642121
0.0643046
0.0643959
0.0644843
0.0645781
0.064673
0.0647653
0.0648577
0.0649481
0.0650426
0.0651397
0.0652338
0.0653276
0.0654183
0.0655099
0.0656058
0.0656991
0.0657916
0.0658825
0.0659731
0.0660682
0.066161
0.0662537
0.0663444
0.0664345
0.0665296
0.0666237
0.0667159
0.066807
0.0668976
0.0669918
0.0670858
0.0811031
0.0811742
0.0812023
0.08131
0.0813826
0.0814545
0.0815253
0.0815962
0.0816652
0.0817359
0.0818096
0.0818811
0.0819489
0.0819764
0.0820886
0.082158
0.0822292
0.0822578
0.0823651
0.082435
0.0825068
0.0825755
0.0826442
0.0827126
0.0827805
0.08285
0.0829195
0.0829856
0.0830528
0.0831229
0.0831924
0.0832621
0.0833312
0.0833971
0.0834641
0.0835342
0.0836021
0.0836682
0.0837338
0.0837995
0.0838654
0.0839329
0.0933236
0.0933666
0.0934081
0.0934471
0.0934882
0.093532
0.0935752
0.0936163
0.093657
0.0937005
0.0937444
0.0937862
0.0937969
0.0938673
0.093908
0.0939474
0.0939868
0.0940269
0.0940655
0.0941031
0.0941413
0.0941509
0.0942203
0.094258
0.0942947
0.0943343
0.094376
0.0944152
0.0944518
0.0944899
0.0945309
0.0945717
0.0946093
0.0946456
0.0946822
0.0947195
0.0947553
0.0947907
0.0948259
0.094862
0.0948978
0.0949331
0.099069
0.0990807
0.0990916
0.099085
0.0990949
0.0991231
0.0991334
0.0991427
0.0991521
0.09916
0.0991683
0.0991763
0.0991844
0.0991924
0.0992007
0.0992093
0.099218
0.0992264
0.0992192
0.0992428
0.0992352
0.0992604
0.0992701
0.0992794
0.0992882
0.0992966
0.0992884
0.0993123
0.0993197
0.0993271
0.0993344
0.0993409
0.0993476
0.0993537
0.0993593
0.0993651
0.0993722
0.0993798
0.0993871
0.0993941
0.0994
0.0994056
0.0979872
0.0979631
0.0979434
0.0979219
0.0978973
0.0978762
0.0978526
0.0978292
0.0978069
0.0977821
0.0977605
0.0977378
0.0977154
0.097693
0.0976704
0.0976476
0.0976247
0.0976021
0.0975808
0.0975582
0.0975347
0.0975109
0.097487
0.0974638
0.0974402
0.0974151
0.097389
0.0973633
0.0973388
0.0973141
0.0972883
0.0972621
0.0972363
0.0972119
0.0971867
0.0971603
0.0971342
0.0971079
0.0970819
0.0970573
0.0970314
0.0970049
0.0901666
0.0901131
0.0900613
0.0900105
0.0899574
0.0899019
0.0898457
0.0897917
0.0897398
0.0896866
0.0896327
0.0895787
0.0895245
0.0894709
0.0894161
0.0893606
0.0893052
0.0892662
0.0892001
0.0891477
0.0890922
0.0890368
0.0889817
0.0889274
0.0888736
0.088818
0.0887606
0.0887028
0.0886463
0.0886055
0.088531
0.0884719
0.0884136
0.0883565
0.0882994
0.0882403
0.088181
0.0881222
0.0880647
0.0880094
0.087952
0.087893
0.0760353
0.0759554
0.0758747
0.0757963
0.0757177
0.0756351
0.0755522
0.0754726
0.075394
0.0753123
0.0752301
0.0751481
0.0750664
0.0749873
0.0749067
0.0748229
0.0747395
0.0746585
0.0745774
0.0744954
0.0744119
0.0743279
0.0742454
0.0741652
0.0740834
0.0739988
0.0739153
0.0738327
0.0737518
0.0736722
0.0735895
0.0735052
0.0734221
0.0733411
0.0732591
0.0731756
0.07309
0.0730046
0.0729227
0.0728398
0.0727532
0.0726674
0.0566183
0.0565155
0.0564181
0.0563181
0.0562167
0.0561119
0.0560097
0.055908
0.0558075
0.0557019
0.0555966
0.0554914
0.0553898
0.0552907
0.0551898
0.0550868
0.0549836
0.0548827
0.0547828
0.0546813
0.0545767
0.0544733
0.0543707
0.0542722
0.0541697
0.0540669
0.0539618
0.0538613
0.0537604
0.053659
0.0535522
0.0534482
0.0533419
0.0532421
0.0531408
0.0530389
0.0529331
0.0528312
0.0527294
0.0526743
0.0525241
0.0524194
0.0332782
0.0331608
0.033102
0.0329354
0.0328745
0.0327015
0.0326403
0.03247
0.0324124
0.0322386
0.0321775
0.0320579
0.031887
0.031774
0.0316566
0.0315366
0.0314193
0.0313027
0.0311876
0.0310703
0.0309503
0.0308327
0.0307173
0.0306042
0.03049
0.0303715
0.0303113
0.0301386
0.0300247
0.0299095
0.0298477
0.0297303
0.0296125
0.0294439
0.0293285
0.029211
0.0290914
0.0289765
0.028863
0.028746
0.0286286
0.0285084
0.00775824
0.00763341
0.00751225
0.0073934
0.00726979
0.00714454
0.00701856
0.00689366
0.00677261
0.00665008
0.0065235
0.00639804
0.00627619
0.00615723
0.00603897
0.00591856
0.00579532
0.00567329
0.00555597
0.0054377
0.00537773
0.00519318
0.00507039
0.00494952
0.00483037
0.00470653
0.00457991
0.00445625
0.00433573
0.00421374
0.00408926
0.00396473
0.00384065
0.00371941
0.00360363
0.00348349
0.00336069
0.00323894
0.00311825
0.00300012
0.00288083
0.00275718
-0.0184359
-0.0185599
-0.0186789
-0.0187945
-0.0189137
-0.0190334
-0.0191527
-0.019271
-0.0193847
-0.0195026
-0.0196239
-0.0197435
-0.0198625
-0.0199787
-0.0200961
-0.0202191
-0.0203408
-0.0204596
-0.0205777
-0.0206372
-0.0208193
-0.020943
-0.0210626
-0.0211777
-0.0212985
-0.0214213
-0.0215427
-0.0216642
-0.021781
-0.0218964
-0.0220167
-0.0221357
-0.022254
-0.0223702
-0.0224848
-0.0226056
-0.0227283
-0.0228484
-0.0229665
-0.0230844
-0.0232044
-0.0233275
-0.0432494
-0.0433635
-0.0434733
-0.0435319
-0.0436915
-0.0438035
-0.0439169
-0.0440255
-0.0441341
-0.0442427
-0.0443565
-0.0444688
-0.0445801
-0.0446887
-0.0447996
-0.0449139
-0.0450257
-0.0451377
-0.0452442
-0.045355
-0.0454668
-0.0455791
-0.0456891
-0.0457949
-0.0459015
-0.0459599
-0.0461212
-0.0462286
-0.0463349
-0.0464395
-0.0465483
-0.0466066
-0.0467666
-0.0468732
-0.0469794
-0.0470905
-0.0472012
-0.047313
-0.0474188
-0.0475266
-0.047635
-0.0477469
-0.0652137
-0.0653061
-0.0653981
-0.0654905
-0.0655451
-0.0656797
-0.0657338
-0.065863
-0.0659158
-0.0660456
-0.0661015
-0.0662321
-0.0662851
-0.0664118
-0.0665033
-0.0665587
-0.0666875
-0.0667765
-0.0668655
-0.066956
-0.0670113
-0.06714
-0.0672291
-0.0673194
-0.0674105
-0.0675048
-0.0675966
-0.0676859
-0.0677729
-0.0678599
-0.0679501
-0.0680389
-0.0681242
-0.0681744
-0.0682953
-0.0683467
-0.0684716
-0.0685571
-0.0686074
-0.0687295
-0.0688175
-0.0689068
-0.0824902
-0.0825601
-0.0826283
-0.082695
-0.0827628
-0.0828318
-0.0829015
-0.0829693
-0.0830354
-0.0831034
-0.083173
-0.0832421
-0.0833095
-0.0833757
-0.0834411
-0.0835076
-0.0835742
-0.083641
-0.0837058
-0.0837712
-0.0838377
-0.0839048
-0.0839721
-0.0840373
-0.0841022
-0.0841686
-0.0842351
-0.0843018
-0.0843667
-0.084431
-0.0844955
-0.0845607
-0.0846262
-0.0846894
-0.0847521
-0.0848149
-0.0848787
-0.0849429
-0.0850056
-0.0850652
-0.0851257
-0.0851872
-0.0941285
-0.0941694
-0.0942093
-0.0942482
-0.0942878
-0.0943277
-0.0943671
-0.0944058
-0.0944376
-0.0944811
-0.0945197
-0.0945576
-0.0945949
-0.0946318
-0.0946696
-0.0947085
-0.0947478
-0.0947862
-0.0948241
-0.0948629
-0.0949023
-0.0949416
-0.0949806
-0.0950179
-0.0950552
-0.0950931
-0.0951306
-0.095167
-0.0951965
-0.0952353
-0.0952707
-0.0953051
-0.0953392
-0.0953723
-0.0954053
-0.0954388
-0.0954723
-0.0955058
-0.0955388
-0.0955671
-0.0956045
-0.0956386
-0.0993668
-0.0993726
-0.0993772
-0.0993832
-0.0994002
-0.0993976
-0.0994051
-0.0994129
-0.0994308
-0.0994293
-0.0994362
-0.0994424
-0.0994581
-0.0994523
-0.099457
-0.0994615
-0.0994658
-0.0994711
-0.0994867
-0.0994841
-0.09949
-0.0994954
-0.0995001
-0.0995033
-0.0995064
-0.0995082
-0.0995091
-0.0995097
-0.0995109
-0.0995133
-0.0995161
-0.099518
-0.0995192
-0.0995197
-0.0995322
-0.099532
-0.0995193
-0.0995192
-0.0995317
-0.0995335
-0.0995237
-0.0995256
-0.0975418
-0.0975164
-0.0974923
-0.0974686
-0.0974423
-0.097414
-0.0973863
-0.0973599
-0.0973341
-0.0973062
-0.097277
-0.0972486
-0.0972214
-0.0971948
-0.0971666
-0.0971378
-0.0971099
-0.0970844
-0.0970584
-0.0970306
-0.0970021
-0.0969748
-0.0969492
-0.0969239
-0.0968966
-0.0968684
-0.0968407
-0.0968144
-0.0967884
-0.0967606
-0.0967313
-0.0967026
-0.0966752
-0.0966473
-0.0966173
-0.096587
-0.0965576
-0.0965287
-0.0964999
-0.0964696
-0.0964396
-0.0964105
-0.0890617
-0.0890064
-0.0889515
-0.0888951
-0.0888386
-0.0887821
-0.0887238
-0.088665
-0.0886106
-0.0885552
-0.0884964
-0.0884387
-0.0883829
-0.0883268
-0.0882714
-0.0882168
-0.0881611
-0.0881038
-0.0880491
-0.0879957
-0.0879382
-0.0878808
-0.0878242
-0.0877677
-0.0877099
-0.0876511
-0.0875922
-0.0875323
-0.0874737
-0.0874161
-0.0873556
-0.087294
-0.0872339
