0.562963
0.563002
0.563002
0.563003
0.563002
0.563002
0.563002
0.563002
0.563002
0.563002
0.563001
0.562999
0.563
0.563
0.563001
0.563
0.563
0.563
0.563001
0.563
0.563001
0.563
0.563001
0.563001
0.563
0.563001
0.563
0.563001
0.563001
0.563001
0.563001
0.563002
0.563002
0.563002
0.563001
0.563001
0.563001
0.563
0.563
0.563
0.563
0.562999
0.562999
0.562999
0.562998
0.562998
0.562997
0.562997
0.562996
0.562996
0.562995
0.562995
0.562995
0.562994
0.562994
0.562992
0.562992
0.56299
0.562989
0.562988
0.562987
0.562985
0.562984
0.562983
0.562981
0.562979
0.562977
0.562974
0.562972
0.562971
0.562969
0.562966
0.562963
0.562961
0.562958
0.562955
0.562951
0.562949
0.562946
0.562942
0.562939
0.562935
0.562931
0.562927
0.562923
0.562919
0.562916
0.562913
0.562909
0.562905
0.562901
0.562897
0.562892
0.562888
0.562885
0.562881
0.562876
0.562871
0.562866
0.56286
0.562855
0.562849
0.562844
0.562838
0.562831
0.562826
0.562821
0.562815
0.562811
0.562805
0.5628
0.562795
0.562789
0.562784
0.562779
0.562774
0.562769
0.562762
0.562756
0.56275
0.562744
0.562737
0.562731
0.562723
0.562716
0.56271
0.562702
0.562694
0.562686
0.562677
0.562668
0.562658
0.562648
0.562638
0.562626
0.562616
0.562605
0.562596
0.562585
0.562575
0.562565
0.562556
0.562545
0.562534
0.562523
0.562511
0.562499
0.562487
0.562474
0.562462
0.562449
0.562436
0.562424
0.562411
0.562398
0.562385
0.562373
0.56236
0.562347
0.562334
0.56232
0.562307
0.562294
0.561818
0.561801
0.561786
0.561771
0.561755
0.561738
0.561722
0.561707
0.561691
0.561676
0.561659
0.561642
0.561625
0.561607
0.561587
0.561567
0.561547
0.561528
0.561509
0.56149
0.561469
0.561449
0.561429
0.56141
0.561391
0.561371
0.56135
0.561329
0.561308
0.561287
0.561265
0.561243
0.561221
0.561199
0.561176
0.561154
0.561132
0.561109
0.561087
0.561063
0.561038
0.555552
0.555506
0.555462
0.555419
0.555374
0.555328
0.555282
0.555236
0.555191
0.555145
0.555098
0.555053
0.555009
0.554965
0.55492
0.554878
0.554826
0.55478
0.554734
0.554686
0.554637
0.55459
0.554541
0.554494
0.554445
0.554395
0.554345
0.554295
0.554245
0.554195
0.554143
0.554091
0.554041
0.553991
0.553942
0.553892
0.55384
0.553789
0.553739
0.553689
0.553639
0.553588
0.542795
0.542722
0.542648
0.542572
0.542494
0.542416
0.542339
0.542263
0.542188
0.54211
0.542034
0.541957
0.541885
0.541814
0.541739
0.541656
0.541581
0.541507
0.54144
0.541359
0.541289
0.541209
0.541136
0.541072
0.540992
0.540925
0.540844
0.540773
0.5407
0.540625
0.540548
0.540472
0.540399
0.540326
0.540251
0.540174
0.540098
0.54002
0.53995
0.539866
0.539785
0.539707
0.524594
0.524492
0.524396
0.524296
0.524193
0.524092
0.523993
0.523895
0.523799
0.523707
0.523601
0.523503
0.523408
0.523317
0.523223
0.523128
0.523033
0.52294
0.522849
0.522754
0.522657
0.522561
0.522465
0.522369
0.522269
0.522168
0.522066
0.521965
0.521867
0.521765
0.52166
0.521557
0.521457
0.521361
0.521263
0.521162
0.521059
0.520959
0.520868
0.520764
0.520661
0.520558
0.502119
0.502004
0.501891
0.501782
0.501668
0.501555
0.501443
0.501334
0.501232
0.501115
0.501007
0.500887
0.500774
0.500666
0.500553
0.500437
0.500319
0.500205
0.500097
0.499986
0.499873
0.499757
0.499642
0.499531
0.499419
0.499302
0.499184
0.499067
0.498952
0.498836
0.498717
0.498601
0.498485
0.498371
0.498255
0.498136
0.498018
0.497903
0.497791
0.497678
0.497561
0.497444
0.476858
0.476731
0.47661
0.47649
0.476365
0.47624
0.476115
0.475995
0.475879
0.47576
0.47564
0.47552
0.475406
0.475285
0.475167
0.475041
0.474924
0.474801
0.474685
0.474564
0.474439
0.474317
0.4742
0.474084
0.473963
0.473841
0.473711
0.473588
0.473468
0.473353
0.473226
0.473103
0.472981
0.472863
0.472744
0.472622
0.4725
0.472379
0.472263
0.472146
0.472025
0.471903
0.450754
0.450631
0.450511
0.450387
0.450261
0.450134
0.450005
0.449883
0.449762
0.449638
0.449512
0.449389
0.44927
0.449154
0.449038
0.448919
0.4488
0.448683
0.448569
0.448452
0.44833
0.448209
0.448089
0.447973
0.447855
0.447733
0.447611
0.44749
0.447373
0.447251
0.447127
0.447001
0.446879
0.446758
0.446639
0.446517
0.446392
0.446267
0.446144
0.446026
0.445903
0.445778
0.425294
0.425178
0.425069
0.42496
0.424845
0.424731
0.42462
0.42451
0.424396
0.424282
0.424167
0.424052
0.423941
0.423829
0.423718
0.423603
0.42349
0.423382
0.423272
0.423157
0.423044
0.422932
0.422823
0.422718
0.42261
0.422502
0.422394
0.422289
0.422187
0.422081
0.421971
0.421863
0.421757
0.421651
0.421542
0.421431
0.421319
0.421207
0.421097
0.420992
0.42088
0.420766
0.40265
0.402549
0.402453
0.402356
0.402255
0.402155
0.402057
0.40196
0.401868
0.40177
0.401669
0.401571
0.401473
0.401378
0.40128
0.401179
0.40108
0.400983
0.400889
0.400795
0.400697
0.400601
0.400511
0.400421
0.40033
0.400237
0.400144
0.400054
0.399964
0.399875
0.399784
0.399688
0.399596
0.399505
0.399412
0.399316
0.399218
0.399122
0.399028
0.398935
0.39884
0.398743
0.384103
0.384027
0.383953
0.383878
0.3838
0.383715
0.383644
0.383568
0.383492
0.383406
0.383334
0.383251
0.383183
0.38311
0.383034
0.38296
0.382886
0.382816
0.382745
0.382675
0.382603
0.382532
0.382463
0.382392
0.382321
0.382248
0.382175
0.382104
0.382035
0.381964
0.381893
0.38182
0.38175
0.381681
0.38161
0.381536
0.381462
0.38139
0.381321
0.381247
0.381167
0.381101
0.370997
0.370951
0.3709
0.370861
0.370814
0.370766
0.370719
0.370676
0.370632
0.370581
0.370541
0.370489
0.370447
0.370398
0.370358
0.37031
0.370263
0.370217
0.370166
0.370124
0.370077
0.37003
0.369984
0.369939
0.369895
0.369848
0.369803
0.369761
0.369719
0.369672
0.369634
0.369592
0.36955
0.369509
0.369469
0.369427
0.369386
0.369339
0.369305
0.369265
0.369224
0.369183
0.364264
0.364249
0.364235
0.364221
0.364206
0.364191
0.364176
0.364162
0.364149
0.364136
0.364123
0.36411
0.364098
0.364086
0.364073
0.36406
0.364047
0.364034
0.364021
0.36401
0.363997
0.363986
0.363974
0.363964
0.363953
0.363942
0.363931
0.36392
0.363909
0.363898
0.363887
0.363876
0.363866
0.363856
0.363846
0.363837
0.363829
0.36382
0.363812
0.363804
0.363795
0.363785
0.364248
0.364269
0.364289
0.364309
0.36433
0.36435
0.364371
0.364391
0.364411
0.364431
0.364453
0.364474
0.364495
0.364516
0.36454
0.364559
0.364582
0.364603
0.364624
0.364646
0.364669
0.364691
0.364713
0.364738
0.364756
0.364778
0.364802
0.364826
0.36485
0.364873
0.364898
0.364923
0.364948
0.364974
0.364998
0.365023
0.365049
0.365074
0.365101
0.365122
0.365147
0.365174
0.371327
0.371378
0.371428
0.371475
0.371524
0.371574
0.371623
0.371669
0.371722
0.371765
0.371814
0.371863
0.371911
0.371958
0.372005
0.372055
0.372105
0.372154
0.372202
0.372249
0.372298
0.372349
0.372399
0.372447
0.372497
0.372547
0.372596
0.372648
0.372698
0.372748
0.372802
0.372857
0.37291
0.372963
0.373017
0.373074
0.373132
0.373187
0.373242
0.373303
0.373353
0.373411
0.384597
0.384673
0.384746
0.384819
0.384894
0.384973
0.385052
0.385131
0.385208
0.38529
0.385373
0.385458
0.385538
0.385619
0.385701
0.385787
0.38587
0.385951
0.386029
0.386109
0.386189
0.386266
0.386341
0.386412
0.386482
0.386555
0.386626
0.386698
0.386767
0.386838
0.38691
0.386984
0.387056
0.387128
0.387199
0.387275
0.387352
0.38743
0.387504
0.387581
0.387661
0.387743
0.403334
0.403439
0.403531
0.403638
0.403737
0.40384
0.403943
0.404043
0.404143
0.404245
0.404351
0.404451
0.40455
0.404651
0.404752
0.404855
0.404957
0.405052
0.40515
0.40525
0.405355
0.405449
0.405543
0.40564
0.405738
0.405835
0.405934
0.406028
0.406119
0.406215
0.406313
0.406412
0.406507
0.406602
0.406701
0.4068
0.4069
0.407001
0.407097
0.407199
0.407306
0.40741
0.426126
0.426242
0.426354
0.426468
0.426586
0.426705
0.426822
0.426934
0.427049
0.427171
0.427289
0.427408
0.427523
0.427637
0.427755
0.427874
0.427992
0.428107
0.428221
0.428337
0.428455
0.428571
0.428687
0.428798
0.428913
0.429031
0.429149
0.429262
0.429372
0.429488
0.429604
0.429719
0.429831
0.42994
0.43005
0.430164
0.430274
0.430386
0.430494
0.430601
0.430715
0.430831
0.451469
0.45159
0.45171
0.451832
0.451957
0.452083
0.452208
0.452329
0.452448
0.452571
0.452698
0.452824
0.452948
0.453068
0.453192
0.453318
0.453444
0.453568
0.453689
0.453812
0.453938
0.454062
0.454184
0.454303
0.454425
0.454548
0.45467
0.454791
0.454906
0.455021
0.455139
0.45526
0.45538
0.455495
0.455612
0.455733
0.455853
0.455973
0.456089
0.456207
0.456332
0.456458
0.477675
0.477802
0.477926
0.478048
0.478183
0.478315
0.478445
0.478568
0.478688
0.47881
0.478934
0.479058
0.479178
0.479297
0.479418
0.479542
0.479665
0.479782
0.479906
0.480027
0.480153
0.480281
0.480401
0.480518
0.48064
0.480762
0.480883
0.480998
0.48111
0.481228
0.481348
0.481468
0.481585
0.481699
0.481812
0.481938
0.482059
0.482173
0.482292
0.482413
0.482536
0.482659
0.502854
0.502963
0.503068
0.50317
0.503275
0.503384
0.503492
0.503598
0.503705
0.503816
0.503927
0.50404
0.504151
0.504261
0.504375
0.504491
0.504608
0.504722
0.504832
0.504946
0.505062
0.505177
0.505289
0.505396
0.505503
0.505614
0.505726
0.505837
0.505945
0.506053
0.506165
0.506273
0.506392
0.506502
0.506614
0.506728
0.506843
0.506954
0.507061
0.50717
0.507283
0.507394
0.525201
0.525293
0.525382
0.525473
0.525568
0.525664
0.525761
0.525856
0.525951
0.52605
0.526151
0.526251
0.526351
0.526448
0.526545
0.526646
0.526748
0.526845
0.526939
0.527035
0.527132
0.527227
0.527323
0.527409
0.527505
0.527598
0.52769
0.527772
0.527867
0.527956
0.528045
0.528134
0.528221
0.528307
0.528392
0.528481
0.528571
0.52866
0.528746
0.528833
0.528923
0.529016
0.543368
0.543442
0.543513
0.543585
0.543652
0.543732
0.543802
0.543873
0.543943
0.544019
0.544092
0.544165
0.544235
0.544308
0.544375
0.544455
0.544528
0.544598
0.544668
0.544739
0.54481
0.54488
0.544949
0.545016
0.545087
0.545151
0.545225
0.545289
0.545353
0.545419
0.545488
0.545549
0.545614
0.545678
0.545748
0.545815
0.54588
0.545945
0.546008
0.546076
0.546136
0.546209
0.555869
0.555912
0.555952
0.555991
0.556031
0.556073
0.556114
0.556155
0.556196
0.556239
0.556281
0.55632
0.556363
0.556408
0.556452
0.556495
0.556538
0.55658
0.556623
0.556666
0.55671
0.556753
0.556794
0.556834
0.556874
0.556914
0.556953
0.556992
0.557029
0.557068
0.557105
0.557144
0.55718
0.557212
0.557252
0.55729
0.557326
0.557361
0.557394
0.557428
0.557462
0.557497
0.561959
0.561972
0.561984
0.561996
0.562007
0.562018
0.562029
0.562039
0.562049
0.562058
0.562068
0.562077
0.562086
0.562095
0.562105
0.562114
0.562122
0.562129
0.562136
0.562143
0.56215
0.562157
0.562164
0.562171
0.562178
0.562185
0.562193
0.5622
0.562208
0.562214
0.562222
0.562229
0.562235
0.562242
0.562248
0.562255
0.562261
0.562267
0.562274
0.562281
0.562288
0.562295
0.561215
0.561192
0.561169
0.561146
0.561122
0.561096
0.561069
0.561043
0.561018
0.560992
0.560965
0.560937
0.56091
0.560884
0.560858
0.560832
0.560806
0.56078
0.560754
0.560728
0.560701
0.560676
0.56065
0.560625
0.560603
0.560576
0.560551
0.560527
0.560506
0.560482
0.560458
0.560433
0.560406
0.560384
0.560358
0.560333
0.560307
0.560281
0.560255
0.560232
0.560207
0.560182
0.553589
0.553538
0.553487
0.553437
0.553385
0.553334
0.553282
0.553231
0.55318
0.553127
0.553076
0.553023
0.552977
0.552925
0.552875
0.552826
0.552777
0.552726
0.552682
0.552627
0.552573
0.552519
0.552467
0.552416
0.552364
0.55231
0.552257
0.552203
0.552151
0.552097
0.552042
0.551987
0.551932
0.551879
0.551826
0.551771
0.551714
0.551657
0.551602
0.551546
0.551491
0.551435
0.539701
0.539622
0.539545
0.539466
0.539385
0.539305
0.539224
0.539147
0.539069
0.538988
0.538904
0.538823
0.538744
0.538664
0.538582
0.5385
0.53842
0.538339
0.538259
0.538177
0.538095
0.538017
0.537941
0.537868
0.53779
0.537712
0.537635
0.53756
0.537488
0.537412
0.537336
0.537257
0.537181
0.537105
0.537026
0.536945
0.536863
0.536783
0.536702
0.536617
0.536531
0.536446
0.520539
0.520436
0.520341
0.520232
0.52013
0.520027
0.519925
0.519827
0.51973
0.519629
0.519531
0.519435
0.519338
0.519248
0.519142
0.519041
0.518941
0.51885
0.518742
0.518636
0.51853
0.518427
0.518326
0.518223
0.518117
0.51801
0.517904
0.517803
0.517702
0.517596
0.517489
0.517384
0.517283
0.517183
0.517082
0.516978
0.516874
0.516771
0.516671
0.516569
0.516466
0.516363
0.497399
0.497287
0.497177
0.497065
0.496948
0.496831
0.496716
0.496605
0.49649
0.496373
0.496254
0.496136
0.496028
0.495909
0.495793
0.495675
0.495557
0.495441
0.495326
0.49521
0.495093
0.494981
0.494858
0.494745
0.49463
0.494513
0.494396
0.494282
0.494171
0.494056
0.49394
0.493824
0.493711
0.493602
0.493493
0.49338
0.493266
0.493154
0.493045
0.492935
0.492818
0.492698
0.471914
0.471795
0.471678
0.471564
0.471441
0.471312
0.471186
0.471065
0.470946
0.470824
0.4707
0.470575
0.470454
0.470336
0.470216
0.470094
0.469973
0.469855
0.469742
0.469618
0.4695
0.469376
0.469257
0.469141
0.469026
0.468905
0.468786
0.468662
0.468544
0.468425
0.468301
0.468176
0.468049
0.467925
0.467802
0.467675
0.467548
0.467423
0.467301
0.467178
0.467052
0.466926
0.445758
0.445638
0.445518
0.4454
0.445279
0.445156
0.445034
0.444914
0.444796
0.444675
0.444552
0.44443
0.444311
0.444194
0.444075
0.443953
0.443832
0.443712
0.443597
0.443482
0.443364
0.443244
0.443125
0.443011
0.442897
0.442778
0.442658
0.442539
0.442426
0.442311
0.442192
0.442072
0.441955
0.441843
0.441729
0.441609
0.441489
0.44137
0.441254
0.44114
0.441021
0.440901
0.420845
0.420731
0.420617
0.420508
0.420394
0.420277
0.420163
0.420054
0.419947
0.419835
0.419723
0.419611
0.419501
0.419393
0.419282
0.419169
0.419056
0.418942
0.418839
0.418732
0.41862
0.41851
0.418402
0.418294
0.418187
0.418075
0.417961
0.417849
0.417742
0.417629
0.417519
0.417404
0.417291
0.417183
0.417072
0.416959
0.416847
0.416736
0.416628
0.416524
0.416416
0.416306
0.398775
0.39868
0.398588
0.398498
0.398406
0.398311
0.398217
0.398124
0.398033
0.397941
0.397843
0.397746
0.397652
0.397558
0.397463
0.397366
0.397271
0.397179
0.397087
0.396996
0.396901
0.396808
0.396717
0.396627
0.396537
0.396444
0.396351
0.396261
0.396171
0.396081
0.395987
0.395892
0.395798
0.395707
0.395618
0.395524
0.39543
0.395341
0.395252
0.395165
0.395072
0.394983
0.381137
0.381064
0.380995
0.380923
0.380852
0.380779
0.38071
0.380641
0.380573
0.380501
0.380431
0.380362
0.380293
0.380229
0.380159
0.380092
0.380023
0.379955
0.379888
0.379819
0.379748
0.379677
0.379609
0.379541
0.379472
0.379403
0.379334
0.379267
0.379202
0.379136
0.379068
0.379002
0.378937
0.378875
0.378813
0.378748
0.378685
0.37862
0.378558
0.378488
0.37843
0.378364
0.36917
0.36913
0.369089
0.369057
0.369016
0.368983
0.368941
0.36891
0.368869
0.368836
0.368792
0.368755
0.368724
0.368688
0.368648
0.36861
0.368571
0.368533
0.368494
0.368455
0.368417
0.368377
0.36834
0.368304
0.368266
0.368228
0.368185
0.368154
0.368117
0.368079
0.368035
0.367997
0.367959
0.367926
0.367887
0.367849
0.367813
0.367776
0.36774
0.367703
0.367667
0.36763
0.363792
0.363783
0.363774
0.363765
0.363755
0.363746
0.363737
0.363727
0.363719
0.36371
0.363702
0.363694
0.363687
0.36368
0.363673
0.363665
0.363658
0.363652
0.363646
0.363639
0.363632
0.363626
0.363621
0.363615
0.363608
0.363602
0.363597
0.363592
0.363586
0.363581
0.363576
0.363572
0.363566
0.363562
0.363558
0.363553
0.363548
0.363544
0.363539
0.363535
0.363531
0.363527
0.365183
0.36521
0.365235
0.36526
0.365286
0.365313
0.36534
0.365365
0.36539
0.365415
0.365441
0.365467
0.365494
0.36552
0.365547
0.365574
0.365601
0.365627
0.365653
0.365683
0.365705
0.36573
0.365755
0.365781
0.365809
0.365836
0.365863
0.36589
0.365916
0.365943
0.36597
0.365997
0.366023
0.366047
0.366072
0.366098
0.366125
0.366152
0.366177
0.366203
0.36623
0.366259
0.373391
0.373447
0.3735
0.373559
0.373609
0.373664
0.373722
0.373777
0.373831
0.373887
0.373943
0.374
0.374056
0.374109
0.374164
0.37422
0.374274
0.374328
0.374381
0.374436
0.374493
0.374547
0.374601
0.374654
0.374706
0.374767
0.374815
0.374868
0.374921
0.374974
0.375029
0.375092
0.37514
0.375194
0.37525
0.375308
0.375368
0.375427
0.375483
0.375541
0.3756
0.37566
0.387786
0.387864
0.387941
0.388021
0.388109
0.388185
0.388271
0.388344
0.38843
0.388508
0.388597
0.388676
0.388764
0.38884
0.388927
0.38902
0.3891
0.389184
0.38927
0.389357
0.389451
0.389532
0.389615
0.3897
0.389787
0.389875
0.389962
0.390047
0.390128
0.390212
0.390298
0.390382
0.390465
0.39055
0.390629
0.390719
0.390799
0.390881
0.390969
0.391046
0.391131
0.391215
0.407318
0.407424
0.407526
0.407629
0.407734
0.40784
0.407947
0.408052
0.408153
0.408259
0.408367
0.408473
0.408576
0.408677
0.408778
0.40888
0.408985
0.409087
0.409185
0.409287
0.409391
0.409496
0.409601
0.409701
0.409802
0.40991
0.410016
0.410119
0.41022
0.410321
0.410425
0.410529
0.410631
0.410729
0.410828
0.410929
0.411032
0.411134
0.411234
0.411333
0.411437
0.411545
0.430803
0.430918
0.431031
0.431143
0.43126
0.431378
0.431497
0.431614
0.431732
0.431851
0.431973
0.432096
0.432216
0.432335
0.432456
0.432578
0.432701
0.432819
0.432933
0.433051
0.433171
0.43329
0.433408
0.433522
0.433637
0.433756
0.433876
0.433994
0.434108
0.43422
0.434339
0.434455
0.434569
0.434681
0.434794
0.434909
0.435024
0.435136
0.435245
0.435355
0.435468
0.435583
0.456459
0.456584
0.456707
0.456831
0.456958
0.457091
0.457221
0.457349
0.457473
0.457604
0.457733
0.45786
0.457981
0.458107
0.458236
0.458365
0.458492
0.458616
0.458735
0.458863
0.45899
0.459117
0.459241
0.459362
0.459488
0.459614
0.459737
0.459857
0.459974
0.460095
0.460218
0.460338
0.460456
0.460571
0.460688
0.46081
0.460935
0.461054
0.46117
0.461292
0.461418
0.461542
0.482635
0.482753
0.48287
0.482989
0.483111
0.483232
0.483351
0.483467
0.483585
0.483708
0.483831
0.483951
0.484069
0.484187
0.484309
0.484432
0.484551
0.484668
0.484785
0.484907
0.485031
0.485153
0.485273
0.485391
0.485513
0.485639
0.485764
0.485886
0.486006
0.486129
0.486253
0.486376
0.486492
0.486606
0.486724
0.486845
0.486966
0.487082
0.487196
0.487315
0.487438
0.487561
0.507361
0.507472
0.50758
0.507685
0.507795
0.507907
0.50802
0.508129
0.508236
0.508347
0.508462
0.508575
0.508683
0.508787
0.508893
0.509001
0.509111
0.509219
0.509323
0.509429
0.509536
0.509646
0.509756
0.509861
0.509966
0.510074
0.510183
0.510292
0.510398
0.510504
0.510615
0.510722
0.510828
