[ 0.000124428 0.00594449 2.24905e-05 0.00302608 -1.17926e-05 -0.00142425 0.000363405 ]
[ 0.000125135 0.00641141 2.29061e-05 0.00319421 -1.18073e-05 -0.00142155 0.000366418 ]
[ 0.000124642 0.00677001 2.23595e-05 0.00331223 -1.15258e-05 -0.00142006 0.000364638 ]
[ 0.000124148 0.00713814 2.25277e-05 0.00342351 -1.12502e-05 -0.00141586 0.000366152 ]
[ 7.6435e-05 0.00749504 2.24507e-05 0.00350934 -1.15814e-05 -0.00139699 0.000363169 ]
[ -9.23211e-05 0.00794963 2.33269e-05 0.00358121 -1.16243e-05 -0.00135714 0.000365279 ]
[ -0.000284808 0.00827445 2.65951e-05 0.00360722 -1.07827e-05 -0.00133707 0.000363803 ]
[ -0.000529788 0.00859012 3.46513e-05 0.00361612 -6.36821e-06 -0.00132388 0.000363227 ]
[ -0.0007973 0.00890472 5.42054e-05 0.00361388 1.0004e-05 -0.0013098 0.000365943 ]
[ -0.00108375 0.00921766 8.81281e-05 0.00361201 4.19259e-05 -0.00130501 0.000363557 ]
[ -0.00136588 0.00953543 0.000138334 0.0036129 9.11999e-05 -0.00130501 0.000365658 ]
[ -0.00164226 0.00986603 0.000205542 0.00361394 0.00015544 -0.00131789 0.000365058 ]
[ -0.00199174 0.01035 0.000317317 0.0036123 0.000254736 -0.00133497 0.000364156 ]
[ -0.00224056 0.0107159 0.000415657 0.00361166 0.000336075 -0.00135294 0.000363868 ]
[ -0.00249225 0.0110839 0.00052238 0.00361088 0.000413845 -0.00136433 0.000364789 ]
[ -0.00274465 0.0114429 0.000631494 0.00360949 0.000479958 -0.00137542 0.000363315 ]
[ -0.00301335 0.0117809 0.000735815 0.00361061 0.000529017 -0.00137811 0.000365442 ]
[ -0.0032993 0.012092 0.000832709 0.0036092 0.000558321 -0.00137362 0.000365469 ]
[ -0.00361616 0.0123706 0.000920262 0.00361125 0.000568467 -0.00137182 0.000363987 ]
[ -0.00396178 0.0126194 0.000998715 0.00361434 0.00056335 -0.00136733 0.000366992 ]
[ -0.00433664 0.0128401 0.0010664 0.0036199 0.000555251 -0.00136583 0.000364304 ]
[ -0.00474219 0.0130427 0.00111708 0.00362958 0.000547165 -0.00136134 0.000364616 ]
[ -0.00517265 0.0132305 0.00114644 0.00364098 0.000536695 -0.00136014 0.000365234 ]
[ -0.00562349 0.0134083 0.00115306 0.00365506 0.000525331 -0.00136194 0.000364059 ]
[ -0.00608703 0.0135824 0.00114315 0.00366628 0.000514268 -0.00135954 0.00036439 ]
[ -0.00655535 0.0137534 0.0011251 0.00367512 0.000502302 -0.00136404 0.000363522 ]
[ -0.00702559 0.0139314 0.00110563 0.00367774 0.000490031 -0.00136464 0.000366843 ]
[ -0.00749272 0.0141039 0.00109047 0.00367533 0.000478956 -0.00136464 0.000363563 ]
[ -0.00795457 0.014272 0.00108204 0.00367365 0.000471474 -0.00136525 0.000365368 ]
[ -0.00841259 0.0144351 0.00108176 0.00367294 0.000471482 -0.00136525 0.000366271 ]
[ -0.00886869 0.0145843 0.00108364 0.00367342 0.000473287 -0.00136555 0.000363593 ]
[ -0.00932456 0.0147156 0.00108362 0.00367318 0.000472693 -0.00136195 0.000366018 ]
[ -0.0097797 0.014822 0.00108336 0.00367247 0.000472093 -0.00136314 0.000364557 ]
[ -0.0102303 0.0148974 0.00108286 0.00367079 0.000472087 -0.00136012 0.000363099 ]
[ -0.0106735 0.0149453 0.00108188 0.00367128 0.000472076 -0.001358 0.00036463 ]
[ -0.0111068 0.0149627 0.00107994 0.00367248 0.000470867 -0.00136126 0.000365555 ]
[ -0.011526 0.0149506 0.00107512 0.00367152 0.000466963 -0.0013627 0.000363172 ]
[ -0.0119292 0.0149096 0.00106646 0.00367272 0.000457066 -0.00136112 0.000363772 ]
[ -0.0124457 0.0148474 0.00104295 0.003672 0.000428597 -0.00135921 0.000364663 ]
[ -0.0128246 0.0147957 0.00101513 0.00367344 0.000397135 -0.00136205 0.00036286 ]
[ -0.0131954 0.0147425 0.000978219 0.00367416 0.000359684 -0.00135945 0.000365859 ]
[ -0.0135631 0.0146875 0.000936035 0.00367512 0.00032014 -0.00136039 0.000363774 ]
[ -0.0139329 0.0146341 0.000889299 0.00367512 0.000285392 -0.00136067 0.000363797 ]
[ -0.0143082 0.0145805 0.000837051 0.00367632 0.000293491 -0.00136118 0.000363828 ]
[ -0.0146896 0.0145265 0.000780251 0.00367608 0.000290512 -0.00136012 0.000364166 ]
[ -0.0150754 0.0144736 0.000721058 0.00367608 0.000291433 -0.0013584 0.000363005 ]
[ -0.0154656 0.0144211 0.000660193 0.00367704 0.000291165 -0.00135964 0.000364244 ]
[ -0.0157055 0.0143677 0.000623782 0.0036756 0.000290605 -0.0013597 0.000363685 ]
[ -0.0157236 0.0143158 0.000636986 0.00367584 0.000290349 -0.00135717 0.000364311 ]
[ -0.0157404 0.014264 0.00062526 0.00367536 0.000290396 -0.00135626 0.000366414 ]
[ -0.0157384 0.0142124 0.000627673 0.00367416 0.000289247 -0.00135607 0.000365203 ]
[ -0.0157384 0.0141619 0.000627206 0.00367344 0.000289299 -0.00135682 0.000363085 ]
[ -0.0157384 0.014111 0.000626977 0.00367201 0.000289057 -0.00135702 0.000363653 ]
[ -0.0157386 0.0140607 0.000627465 0.00367129 0.000289118 -0.00135631 0.000364218 ]
[ -0.0157384 0.0140122 0.000626993 0.00367129 0.00028948 -0.00135409 0.000364481 ]
[ -0.0157386 0.0139633 0.000627004 0.00367153 0.000290437 -0.00135429 0.000365041 ]
[ -0.0157386 0.0139165 0.000627499 0.00367057 0.000289592 -0.0013542 0.000365604 ]
[ -0.0157383 0.0138722 0.000627517 0.00367009 0.000289635 -0.00135298 0.000362872 ]
[ -0.015738 0.0138309 0.000627774 0.00367129 0.000290564 -0.00135334 0.000365237 ]
[ -0.0157382 0.0137918 0.000627789 0.00367081 0.000289984 -0.00135285 0.00036491 ]
[ -0.0157377 0.013754 0.000627561 0.00367009 0.000290597 -0.00135143 0.000365491 ]
[ -0.0157368 0.0137196 0.000628527 0.00366937 0.000290012 -0.00135357 0.000364879 ]
[ -0.0157358 0.0136866 0.000629253 0.00366937 0.000290326 -0.00135238 0.000365766 ]
[ -0.0157336 0.0136562 0.000631417 0.00366913 0.00029004 -0.00135444 0.000363656 ]
[ -0.015724 0.0136272 0.000634541 0.00366937 0.000291553 -0.00135497 0.000363341 ]
[ -0.0156959 0.0136002 0.0006403 0.00366961 0.000297563 -0.00135423 0.00036543 ]
[ -0.0156652 0.0135761 0.000655169 0.00366985 0.000310469 -0.00135224 0.000363936 ]
[ -0.0156657 0.0135542 0.000680104 0.00367033 0.000314096 -0.00135325 0.000363046 ]
[ -0.0156645 0.0135335 0.000710553 0.00367081 0.000315035 -0.00135127 0.000365152 ]
[ -0.0156649 0.0135166 0.000696898 0.00367129 0.000315084 -0.00135198 0.000363969 ]
[ -0.0156647 0.0135004 0.000705054 0.00367177 0.00031424 -0.00135331 0.000363388 ]
[ -0.0156649 0.0135476 0.000703141 0.00367249 0.000314902 -0.00135284 0.000364897 ]
[ -0.0156651 0.0135253 0.000702907 0.00371155 0.000314971 -0.00135653 0.000362796 ]
[ -0.0156651 0.0135132 0.000703155 0.00370772 0.000315046 -0.00136589 0.00036607 ]
[ -0.0156651 0.0135027 0.000702925 0.00370724 0.000315126 -0.00136621 0.000365142 ]
[ -0.0156653 0.0134943 0.000702698 0.00370748 0.000315208 -0.00136563 0.000365405 ]
[ -0.0156653 0.0134866 0.000702229 0.00370724 0.000315292 -0.00136566 0.000365372 ]
[ -0.0156658 0.0134805 0.000701757 0.00370772 0.000315378 -0.00136539 0.000365353 ]
[ -0.0156658 0.0134754 0.000701282 0.00370748 0.000315771 -0.00136477 0.000365344 ]
[ -0.015666 0.0134713 0.000699846 0.00370724 0.000315572 -0.00136475 0.000365333 ]
[ -0.0156667 0.013468 0.000698888 0.00370748 0.000315675 -0.00136444 0.000365325 ]
[ -0.0156686 0.0134654 0.000697218 0.00370748 0.000315777 -0.00136416 0.000365315 ]
[ -0.0156755 0.0134635 0.000691959 0.00370748 0.000314972 -0.0013639 0.000365298 ]
[ -0.0156937 0.013462 0.000680473 0.00370724 0.00031386 -0.00136336 0.000365279 ]
[ -0.0157428 0.0134609 0.000649097 0.00370748 0.000310349 -0.00136342 0.000365269 ]
[ -0.0157284 0.0134599 0.000623712 0.00370724 0.000304141 -0.00136287 0.000365271 ]
[ -0.0157355 0.0134594 0.000634039 0.00370724 0.000292543 -0.0013626 0.000365292 ]
[ -0.015736 0.0134591 0.000627827 0.00370724 0.000292332 -0.00136197 0.000365334 ]
[ -0.0157364 0.0134591 0.000628805 0.00370748 0.000291822 -0.00136189 0.000365695 ]
[ -0.0157363 0.013459 0.000629064 0.00370724 0.00029191 -0.00136142 0.000365161 ]
[ -0.0157362 0.0134587 0.000629085 0.00370724 0.000291991 -0.00136086 0.000365827 ]
[ -0.0157359 0.0134588 0.000629108 0.00370724 0.000292964 -0.00135989 0.000365297 ]
[ -0.0157356 0.013459 0.000629612 0.00370724 0.000293327 -0.00135913 0.000365965 ]
[ -0.0157358 0.0134589 0.000629637 0.00370724 0.000293381 -0.00135829 0.000365731 ]
[ -0.0157355 0.013459 0.000630376 0.00370724 0.000295825 -0.00135772 0.000365793 ]
[ -0.0157352 0.0134593 0.000631109 0.003707 0.000298861 -0.00135691 0.000365542 ]
[ -0.0157342 0.0134591 0.000631834 0.00370724 0.000303985 -0.00135592 0.000365876 ]
[ -0.0157324 0.0134594 0.000632314 0.00370748 0.000307303 -0.00135567 0.000365898 ]
[ -0.0157228 0.0134597 0.00063447 0.00370748 0.000309414 -0.00135527 0.000365904 ]
[ -0.0157043 0.0134595 0.000636867 0.00370724 0.00030972 -0.00135471 0.000365892 ]
[ -0.0156739 0.0134596 0.00064094 0.00370748 0.000310614 -0.00135487 0.000365861 ]
[ -0.0156657 0.0134597 0.00064549 0.00370724 0.000313894 -0.00135483 0.000365812 ]
[ -0.015664 0.0134597 0.000659623 0.00370748 0.000315968 -0.00135487 0.000366055 ]
[ -0.0156655 0.0134598 0.000677107 0.00370724 0.000315936 -0.00135494 0.000365693 ]
[ -0.0156648 0.0134598 0.000701296 0.00370724 0.000315597 -0.00135528 0.00036563 ]
[ -0.0156649 0.0134599 0.000704147 0.00370748 0.000315857 -0.00135522 0.000365583 ]
