0.563009
0.563008
0.563009
0.563009
0.563008
0.563008
0.563008
0.563009
0.563009
0.563007
0.563012
0.563018
0.563022
0.563026
0.563029
0.563033
0.563036
0.563039
0.563042
0.563046
0.563048
0.56305
0.563055
0.563058
0.563061
0.563065
0.563069
0.563072
0.563075
0.563078
0.563083
0.563085
0.563088
0.563091
0.563095
0.563096
0.5631
0.563102
0.563105
0.563107
0.563109
0.563111
0.563112
0.563114
0.563115
0.563117
0.563119
0.56312
0.563121
0.563122
0.563121
0.563123
0.563123
0.563123
0.563124
0.563124
0.563124
0.563124
0.563124
0.563124
0.563123
0.563123
0.563123
0.563122
0.563122
0.563122
0.563121
0.56312
0.56312
0.563119
0.563118
0.563118
0.563117
0.563116
0.563116
0.563115
0.563114
0.563114
0.563112
0.563112
0.563111
0.563111
0.56311
0.56311
0.563109
0.563108
0.563108
0.563108
0.563107
0.563106
0.563106
0.563106
0.563105
0.563105
0.563104
0.563104
0.563103
0.563103
0.563102
0.563102
0.563102
0.563102
0.563101
0.5631
0.5631
0.5631
0.563099
0.563099
0.563099
0.563099
0.563098
0.563098
0.563098
0.563097
0.563097
0.563072
0.563071
0.563072
0.563071
0.563071
0.563072
0.563071
0.563071
0.563071
0.563071
0.563071
0.563071
0.563071
0.562885
0.562879
0.562872
0.562866
0.562859
0.562853
0.562848
0.562842
0.562836
0.562829
0.562822
0.562816
0.562809
0.562802
0.562794
0.562787
0.562779
0.562771
0.562763
0.562755
0.562747
0.562738
0.562731
0.562723
0.562715
0.562707
0.562699
0.562691
0.562682
0.562673
0.562664
0.562654
0.562644
0.562635
0.562626
0.562615
0.562605
0.562595
0.562585
0.562575
0.562564
0.562553
0.561362
0.561343
0.561322
0.561302
0.561282
0.561259
0.561238
0.561216
0.561193
0.56117
0.561145
0.561119
0.561094
0.56107
0.561045
0.561018
0.560993
0.560969
0.560946
0.560922
0.560898
0.560875
0.560852
0.560828
0.560804
0.560782
0.560756
0.560732
0.560708
0.560684
0.560659
0.560633
0.560605
0.56058
0.560558
0.560532
0.560506
0.56048
0.560455
0.56043
0.560402
0.560376
0.55368
0.553629
0.553578
0.553529
0.55348
0.553432
0.553376
0.553327
0.553278
0.55323
0.553181
0.553132
0.553086
0.55304
0.552994
0.552946
0.552896
0.552847
0.552798
0.552747
0.552696
0.552644
0.552592
0.552542
0.552488
0.552434
0.552378
0.552324
0.552271
0.552219
0.552166
0.552112
0.552058
0.552005
0.55195
0.551895
0.551837
0.55178
0.551723
0.551668
0.551616
0.551553
0.539803
0.539723
0.539645
0.539564
0.539481
0.539401
0.539322
0.539244
0.539167
0.539085
0.539004
0.538923
0.538847
0.538768
0.538687
0.538605
0.538524
0.538445
0.538366
0.538289
0.53821
0.538133
0.538059
0.537982
0.537903
0.537822
0.537744
0.537669
0.53759
0.537509
0.537426
0.537347
0.537266
0.53719
0.53711
0.537034
0.536946
0.536863
0.536784
0.536699
0.536615
0.536532
0.520697
0.520594
0.520494
0.520398
0.520299
0.520197
0.520097
0.52
0.519902
0.519803
0.519703
0.519602
0.519501
0.519405
0.519308
0.519207
0.519108
0.519009
0.51891
0.51881
0.518707
0.518605
0.518505
0.518408
0.518309
0.518204
0.518102
0.518
0.517902
0.517802
0.517699
0.517594
0.517491
0.517391
0.517296
0.517194
0.517091
0.516988
0.516886
0.516785
0.516682
0.516577
0.497529
0.497418
0.497311
0.4972
0.497083
0.496966
0.496853
0.496745
0.496626
0.49651
0.496391
0.496278
0.496163
0.496043
0.495926
0.495813
0.495689
0.495578
0.495459
0.495343
0.495227
0.495109
0.494994
0.494883
0.494769
0.494652
0.494536
0.494422
0.494313
0.494203
0.49409
0.493976
0.493865
0.493757
0.493653
0.493533
0.493417
0.493301
0.493189
0.493075
0.492954
0.492832
0.471972
0.471855
0.47174
0.47162
0.471502
0.471377
0.47126
0.471139
0.47102
0.470898
0.470779
0.470655
0.470537
0.470418
0.470297
0.470175
0.47006
0.469939
0.469819
0.469699
0.469574
0.469449
0.469331
0.469215
0.469096
0.468969
0.468846
0.468725
0.468605
0.468485
0.468356
0.46823
0.468105
0.467983
0.46786
0.467729
0.467607
0.46748
0.467362
0.467241
0.46712
0.466997
0.445885
0.445763
0.445642
0.445526
0.445405
0.445282
0.445161
0.445041
0.444923
0.444803
0.44468
0.444558
0.444438
0.444321
0.444201
0.444077
0.443954
0.443833
0.443715
0.443594
0.44347
0.443346
0.443224
0.443107
0.44299
0.44287
0.442748
0.442628
0.442514
0.442398
0.442278
0.442158
0.442038
0.441924
0.44181
0.44169
0.441571
0.441453
0.441339
0.441223
0.441101
0.440978
0.420877
0.420767
0.420658
0.420545
0.42043
0.420316
0.420204
0.420095
0.419986
0.419876
0.419764
0.419654
0.419548
0.41944
0.419327
0.419215
0.419104
0.418994
0.418887
0.418778
0.418666
0.418556
0.418449
0.418346
0.418236
0.418125
0.418013
0.417905
0.417797
0.417685
0.417572
0.417458
0.417346
0.417241
0.417135
0.417025
0.416918
0.416812
0.416708
0.416603
0.416494
0.416385
0.39884
0.398746
0.398654
0.398564
0.398472
0.398378
0.398285
0.398194
0.398103
0.398011
0.397915
0.39782
0.397727
0.397635
0.397542
0.397447
0.397348
0.397262
0.397173
0.397086
0.396988
0.396902
0.396812
0.396725
0.396637
0.396545
0.396453
0.396361
0.396272
0.396182
0.396087
0.395993
0.395897
0.395807
0.395717
0.395623
0.395531
0.39544
0.395354
0.395268
0.395181
0.395093
0.381196
0.381126
0.381059
0.380992
0.380924
0.380848
0.380789
0.380724
0.380659
0.380592
0.380524
0.380458
0.380393
0.380328
0.38026
0.380193
0.380126
0.380052
0.379993
0.379916
0.379855
0.379786
0.37972
0.379647
0.379586
0.379519
0.379451
0.379386
0.379321
0.379255
0.379188
0.379122
0.379057
0.378992
0.378926
0.378851
0.378793
0.378726
0.378664
0.378601
0.378536
0.378472
0.369279
0.369242
0.369205
0.369168
0.369131
0.369093
0.369057
0.369021
0.368985
0.368948
0.368909
0.368871
0.368835
0.368798
0.368759
0.368719
0.36868
0.368641
0.368602
0.368561
0.368522
0.368483
0.368444
0.368406
0.368368
0.36833
0.368291
0.368252
0.368215
0.368178
0.368137
0.368098
0.36806
0.368023
0.367985
0.367945
0.367909
0.367873
0.367838
0.367803
0.367768
0.367733
0.363899
0.363891
0.363884
0.363877
0.36387
0.363862
0.363855
0.363846
0.363839
0.36383
0.363821
0.363812
0.363804
0.363796
0.363788
0.36378
0.363772
0.363765
0.363759
0.363752
0.363746
0.363739
0.363734
0.363728
0.363723
0.363717
0.363712
0.363706
0.363701
0.363697
0.363691
0.363687
0.363682
0.363678
0.363674
0.36367
0.363666
0.363662
0.363658
0.363655
0.363651
0.363648
0.365311
0.365336
0.365362
0.365387
0.365414
0.36544
0.365465
0.365489
0.365517
0.365541
0.365571
0.365595
0.365619
0.365647
0.365671
0.365699
0.365726
0.36575
0.365774
0.365798
0.365823
0.365849
0.365875
0.3659
0.365926
0.365954
0.365981
0.366007
0.366033
0.366058
0.366083
0.366108
0.366133
0.366161
0.366183
0.36621
0.366237
0.366263
0.366288
0.366315
0.366344
0.366371
0.373511
0.373564
0.373623
0.373674
0.373721
0.373777
0.373831
0.373885
0.373936
0.373989
0.374043
0.374098
0.37415
0.3742
0.374252
0.374304
0.374357
0.374411
0.374463
0.374515
0.374569
0.374623
0.374678
0.374731
0.374782
0.374842
0.37489
0.374944
0.374998
0.375049
0.375103
0.375159
0.375214
0.375268
0.375321
0.375376
0.375435
0.375491
0.375547
0.375602
0.375656
0.375715
0.387884
0.387964
0.388041
0.388116
0.388193
0.388271
0.38835
0.388427
0.388502
0.388581
0.388662
0.388744
0.388824
0.388903
0.388984
0.389068
0.389152
0.389235
0.389317
0.389398
0.389484
0.389569
0.38966
0.389736
0.38982
0.389906
0.389994
0.390082
0.390164
0.39025
0.390336
0.390425
0.390508
0.39059
0.39067
0.390752
0.390836
0.390918
0.391001
0.39108
0.391163
0.391247
0.407443
0.407551
0.407649
0.407748
0.407853
0.407961
0.408067
0.408171
0.408275
0.40838
0.408487
0.408594
0.408699
0.408799
0.408905
0.409011
0.409115
0.409217
0.409318
0.409417
0.409522
0.409628
0.409731
0.409834
0.40994
0.410051
0.410155
0.410263
0.410365
0.410468
0.410576
0.41068
0.410782
0.410882
0.410976
0.411073
0.411173
0.411273
0.411371
0.41147
0.411575
0.411674
0.430933
0.431047
0.431158
0.431269
0.431386
0.431504
0.431618
0.43173
0.431846
0.431967
0.432085
0.432204
0.43232
0.432438
0.43256
0.432681
0.432803
0.43292
0.43304
0.433164
0.43329
0.433413
0.433534
0.433654
0.433777
0.4339
0.434022
0.434144
0.434259
0.434379
0.434498
0.434616
0.434733
0.434847
0.434961
0.435078
0.435194
0.435307
0.435413
0.435521
0.435634
0.435749
0.456569
0.456689
0.45681
0.456928
0.457051
0.457178
0.457306
0.457432
0.457555
0.457682
0.457809
0.457937
0.458062
0.458184
0.458312
0.45844
0.458568
0.458692
0.458813
0.458935
0.45906
0.459186
0.45931
0.459431
0.459553
0.459678
0.459802
0.459925
0.460046
0.460168
0.46029
0.460416
0.460538
0.460656
0.460774
0.460897
0.46102
0.461141
0.461259
0.461374
0.461493
0.461612
0.482707
0.482822
0.482945
0.48306
0.483187
0.48331
0.48343
0.483548
0.483663
0.483782
0.483902
0.484023
0.484142
0.48426
0.484381
0.484503
0.484624
0.484742
0.484859
0.484977
0.485097
0.485216
0.485334
0.485448
0.485564
0.485681
0.485801
0.485919
0.486036
0.486154
0.486274
0.486395
0.486513
0.486628
0.486745
0.486865
0.486985
0.487104
0.487219
0.487331
0.487447
0.487566
0.507506
0.507616
0.507724
0.507829
0.507939
0.50805
0.508161
0.50827
0.508375
0.508484
0.508598
0.50871
0.508819
0.508925
0.509034
0.509146
0.509257
0.509364
0.509469
0.509573
0.509679
0.509785
0.50989
0.509993
0.510095
0.510199
0.510305
0.510411
0.510514
0.510619
0.510728
0.510836
0.510942
0.511048
0.511157
0.511268
0.511377
0.511484
0.511587
0.511687
0.511791
0.511899
0.529139
0.529233
0.529329
0.529422
0.529517
0.529612
0.529708
0.529799
0.529888
0.529978
0.530069
0.530161
0.530252
0.530341
0.530434
0.530528
0.53062
0.530709
0.530799
0.53089
0.530977
0.531076
0.531164
0.531251
0.531342
0.531433
0.531524
0.531613
0.531697
0.531784
0.531865
0.531961
0.532051
0.532137
0.532225
0.532315
0.532405
0.532494
0.532582
0.532669
0.53276
0.532848
0.546278
0.54635
0.546409
0.546473
0.546542
0.54661
0.546674
0.546734
0.546803
0.546868
0.546928
0.546999
0.547062
0.547123
0.547178
0.54724
0.547308
0.547369
0.54743
0.54749
0.547547
0.547614
0.547675
0.547736
0.547798
0.547865
0.547931
0.547998
0.548058
0.548129
0.548196
0.548258
0.54833
0.548392
0.548456
0.548524
0.548594
0.548661
0.548725
0.54879
0.54885
0.548922
0.557631
0.557666
0.5577
0.557734
0.557767
0.557801
0.557836
0.55787
0.557904
0.55794
0.557977
0.558012
0.558047
0.558082
0.558119
0.558154
0.558191
0.558228
0.558262
0.558299
0.558336
0.558373
0.558408
0.558443
0.558476
0.558515
0.558551
0.558587
0.558621
0.558655
0.55869
0.558725
0.558758
0.558791
0.558825
0.558859
0.558893
0.558926
0.558956
0.558992
0.559025
0.559058
0.562433
0.56244
0.562447
0.562452
0.562459
0.562466
0.562472
0.562479
0.562485
0.562491
0.562496
0.562502
0.562508
0.562513
0.562518
0.562522
0.562527
0.562531
0.562535
0.562538
0.562541
0.562544
0.562546
0.562548
0.562551
0.562554
0.562556
0.562557
0.562559
0.56256
0.562561
0.562562
0.562562
0.562562
0.562562
0.562563
0.562563
0.562562
0.562562
0.562562
0.562562
0.562562
0.560307
0.560282
0.560258
0.560233
0.560209
0.560183
0.560161
0.560133
0.56011
0.560083
0.560057
0.560031
0.560006
0.559982
0.559957
0.559931
0.559907
0.559882
0.559861
0.559834
0.559809
0.559779
0.559752
0.559725
0.559695
0.559664
0.559637
0.559606
0.559577
0.559547
0.559517
0.559488
0.559458
0.559428
0.559396
0.559365
0.559335
0.559303
0.559272
0.55924
0.559209
0.559172
0.551511
0.551449
0.551394
0.551338
0.551286
0.551223
0.551163
0.551107
0.551051
0.550992
0.550934
0.550875
0.550818
0.55076
0.550701
0.55064
0.55058
0.550522
0.550464
0.550406
0.550351
0.550287
0.550228
0.550171
0.550112
0.550052
0.549994
0.549935
0.549884
0.54982
0.549766
0.549701
0.549641
0.549584
0.549526
0.549469
0.549409
0.549351
0.549294
0.549235
0.549174
0.549112
0.536568
0.536486
0.536405
0.536322
0.536236
0.536149
0.536064
0.535982
0.535898
0.535813
0.535724
0.535639
0.535557
0.535477
0.535397
0.535315
0.535235
0.535153
0.535075
0.534993
0.534909
0.534832
0.534743
0.534661
0.534576
0.534489
0.534403
0.534318
0.534236
0.53415
0.534061
0.533973
0.533886
0.533807
0.533717
0.533629
0.533542
0.533454
0.533368
0.533281
0.53319
0.5331
0.51649
0.516388
0.516289
0.516186
0.516082
0.51598
0.515879
0.51578
0.515682
0.515579
0.515477
0.515374
0.515276
0.515173
0.515066
0.51496
0.514855
0.514752
0.514647
0.51454
0.514432
0.514325
0.514222
0.514117
0.514011
0.513904
0.513796
0.513692
0.51359
0.513484
0.513377
0.513272
0.513166
0.513062
0.512956
0.51285
0.512744
0.51264
0.512538
0.512433
0.512327
0.512222
0.492813
0.49269
0.492571
0.492451
0.49233
0.492208
0.492087
0.491968
0.491851
0.491731
0.491613
0.491497
0.491385
0.491276
0.491164
0.49105
0.490937
0.490826
0.490716
0.490602
0.490489
0.490366
0.490254
0.490144
0.490032
0.489914
0.489797
0.489681
0.489568
0.489459
0.48934
0.489215
0.489101
0.488979
0.48886
0.488741
0.48862
0.488501
0.488384
0.48827
0.488155
0.488038
0.466944
0.466824
0.46671
0.466588
0.46646
0.466337
0.46621
0.466091
0.465974
0.465854
0.465726
0.465602
0.465485
0.465361
0.465239
0.465112
0.46499
0.464871
0.464752
0.464627
0.464501
0.464376
0.464257
0.464137
0.464015
0.463892
0.463768
0.463649
0.463533
0.463415
0.463287
0.463168
0.463045
0.46293
0.46281
0.462691
0.462573
0.462457
0.462348
0.46223
0.462108
0.461983
0.440917
0.440794
0.440674
0.44055
0.440423
0.440297
0.440172
0.440051
0.439929
0.439806
0.439684
0.439565
0.439449
0.439334
0.439215
0.439095
0.438976
0.43886
0.438747
0.438629
0.43851
0.438391
0.438276
0.43816
0.438039
0.437916
0.437795
0.437679
0.437561
0.437439
0.437313
0.437189
0.437068
0.436945
0.436817
0.436689
0.436563
0.436443
0.436326
0.436205
0.436082
0.435961
0.416445
0.416343
0.416238
0.416135
0.41603
0.415922
0.415813
0.415703
0.415602
0.4155
0.415392
0.415285
0.415179
0.415075
0.414972
0.414866
0.414757
0.414653
0.414552
0.414447
0.414338
0.414236
0.414129
0.414026
0.413921
0.413812
0.413703
0.413597
0.413493
0.413392
0.41329
0.413186
0.413082
0.412981
0.412877
0.412773
0.412666
0.412564
0.412459
0.412351
0.412248
0.412139
0.395045
0.394961
0.394879
0.394798
0.394713
0.394629
0.394546
0.394465
0.394379
0.394292
0.394213
0.394121
0.394045
0.393961
0.393874
0.393787
0.393699
0.393615
0.393529
0.393435
0.393351
0.393263
0.393177
0.393091
0.393005
0.392915
0.392828
0.392741
0.392657
0.39257
0.392482
0.392395
0.392308
0.392226
0.392139
0.392053
0.391965
0.391876
0.391803
0.391724
0.391641
0.391558
0.378477
0.378411
0.378346
0.37828
0.378213
0.378145
0.378077
0.378013
0.37795
0.377887
0.377822
0.377759
0.377698
0.377636
0.377575
0.377513
0.377452
0.377393
0.377335
0.377278
0.377218
0.37716
0.377102
0.377046
0.376988
0.376928
0.376868
0.376809
0.37675
0.376692
0.376629
0.376567
0.376504
0.376443
0.376382
0.376319
0.376257
0.376195
0.376135
0.376076
0.376014
0.375953
0.367788
0.367752
0.367718
0.367683
0.367647
0.367612
0.367578
0.367544
0.367511
0.367478
0.367445
0.367411
0.367378
0.367346
0.367312
0.367278
0.367244
0.367211
0.367178
0.367145
0.367111
0.367077
0.367043
0.367009
0.366975
0.36694
0.366905
0.366871
0.366837
0.366805
0.366772
0.366738
0.366704
0.366671
0.366642
0.36661
0.366579
0.366549
0.36652
0.366492
0.366464
0.366436
0.363646
0.363643
0.36364
0.363636
0.363633
0.36363
0.363627
0.363624
0.363621
0.363618
0.363616
0.363614
0.363612
0.36361
0.363609
0.363608
0.363606
0.363605
0.363605
0.363604
0.363603
0.363603
0.363603
0.363602
0.363602
0.363602
0.363601
0.363601
0.363601
0.363601
0.3636
0.3636
0.3636
0.363599
0.363598
0.363598
0.363598
0.363597
0.363596
0.363596
0.363595
0.363594
0.366373
0.366399
0.366424
0.366448
0.366474
0.366499
0.366525
0.366553
0.366572
0.366596
0.366625
0.366647
0.366671
0.366695
0.366718
0.366743
0.366768
0.366796
0.366817
0.366845
0.366868
0.366896
0.366928
0.366952
0.36698
0.367009
0.367041
0.367073
0.367105
0.367137
0.367172
0.367209
0.367248
0.367286
0.367323
0.367362
0.367407
0.367442
0.367486
0.367523
0.367565
0.367608
0.375847
0.375905
0.375962
0.37602
0.376081
0.37614
0.3762
0.376256
0.376313
0.376373
0.376431
0.37649
0.376546
0.376601
0.376659
0.376717
0.376777
0.376835
0.376893
0.376956
0.377019
0.377084
0.377145
0.377206
0.377271
0.377336
0.377402
0.377465
0.377526
0.377588
0.377651
0.377716
0.37778
0.37784
0.377902
0.377964
0.378028
0.378089
0.378146
0.378205
0.378265
0.378325
0.391254
0.391339
0.39142
0.3915
0.391584
0.391671
0.391758
0.391842
0.391926
0.392012
0.392101
0.392187
0.392272
0.392353
0.392436
0.39252
0.392605
0.39269
0.39277
0.392852
0.392935
0.393021
0.393103
0.393184
0.393263
0.393345
0.39343
0.393513
0.393598
0.393679
0.393765
0.393851
0.393939
0.394026
0.394109
0.394198
0.394287
0.394377
0.394465
0.394553
0.394644
0.394737
0.411706
0.411811
0.411914
0.412018
0.412126
0.412234
0.412339
0.412443
0.412546
0.412654
0.412762
0.41287
0.412975
0.413082
0.413195
0.413308
0.413419
0.413528
0.413636
0.413747
0.413859
0.413971
0.414083
0.414192
0.414303
0.414419
0.414533
0.414642
0.414749
0.414859
0.414969
0.415078
0.415185
0.415287
0.415392
0.4155
0.415605
0.415707
0.415807
0.41591
0.416014
0.41612
0.435783
0.435898
0.436009
0.436125
0.436244
0.43636
0.436475
0.436587
0.436703
0.436821
0.43694
0.437057
0.437173
0.437289
0.43741
0.437532
0.437654
0.437774
0.437894
0.438018
0.438141
0.438263
0.438381
0.438495
0.438614
0.438735
0.438857
0.438976
0.439093
0.439215
0.43934
0.439462
0.439581
0.439693
0.439808
0.439926
0.440044
0.440158
0.440267
0.440378
0.440492
0.440605
0.461605
0.461724
0.461841
0.461956
0.462072
0.462194
0.462316
0.462436
0.462558
0.462679
0.46281
0.462937
0.463058
0.463181
0.463303
0.463427
0.463551
0.463673
0.46379
0.463909
0.464031
0.464152
0.464273
0.464391
0.46451
0.464633
0.464754
0.46488
0.464998
0.465117
0.465238
0.46536
0.465481
0.465594
0.465715
0.465835
0.465956
0.466077
0.466197
0.466315
0.466436
0.466559
0.487609
0.487728
0.487845
0.487957
0.488084
0.488206
0.488326
0.488443
0.488557
0.488674
0.488792
0.488906
0.489027
0.489141
0.489261
0.48938
0.489497
0.489615
0.489732
0.489853
0.489973
0.490093
0.49021
0.490325
0.490444
0.490565
0.490684
0.490801
0.490914
0.491027
0.491144
0.491263
0.491382
0.491495
0.491609
0.491728
0.491848
0.491967
0.492081
0.492193
0.492308
0.492424
0.511863
0.511969
0.512075
0.512179
0.512287
0.512397
0.512507
0.512615
0.512718
0.512825
0.512935
0.513045
0.513151
0.513255
0.513363
0.513471
0.51358
0.513687
0.513792
0.513901
0.51401
0.514119
0.514225
0.514328
0.51443
