-2.63054e-05
-2.60955e-05
-2.57486e-05
-2.60645e-05
-2.59435e-05
-2.58085e-05
-2.61244e-05
-2.57796e-05
-2.61844e-05
-1.66783e-05
1.02815e-05
3.40152e-05
5.52332e-05
7.16512e-05
8.48177e-05
9.44106e-05
0.000103288
0.000111056
0.00011818
0.000125123
0.000132667
0.000140107
0.000147965
0.000156316
0.000165916
0.000176158
0.000187436
0.000200155
0.000212346
0.000226101
0.000239809
0.000253951
0.00026826
0.000282132
0.000295962
0.000309173
0.000322436
0.000334872
0.000345776
0.000356276
0.00036598
0.000375369
0.000384488
0.000393819
0.000402489
0.000411222
0.000419742
0.000427091
0.000434501
0.000441549
0.000448538
0.000455078
0.00046139
0.000467707
0.00047297
0.000475746
0.000482449
0.000486768
0.000490277
0.000493336
0.000496244
0.000498569
0.000500548
0.000502302
0.000503817
0.000504504
0.000505689
0.000506604
0.000507233
0.000508163
0.000508837
0.000510022
0.000509976
0.00051098
0.000511623
0.000512328
0.000513499
0.000513781
0.000514516
0.000515432
0.000516133
0.000517258
0.000517992
0.000519178
0.000520496
0.00052225
0.000523946
0.000524544
0.000525174
0.000527783
0.000529266
0.000530569
0.00053255
0.000534066
0.000535099
0.00053747
0.000538877
0.000540392
0.00054198
0.00054432
0.000545279
0.000546838
0.000548715
0.000549912
0.000551399
0.000552987
0.000554575
0.000555491
0.00055645
0.000557814
0.000558683
0.000559733
0.000560468
0.000561217
0.00056186
0.000816698
0.000817043
0.000817074
0.000817656
0.000819052
0.00081914
0.000819442
0.000819411
0.000820853
0.000823296
0.000827178
0.000830822
0.000833701
0.00496927
0.00505546
0.00513727
0.00522012
0.00530709
0.00539282
0.00547772
0.00556258
0.00564588
0.00573213
0.00582146
0.00590891
0.00595129
0.00607644
0.00616099
0.0062468
0.00633331
0.00641842
0.0064998
0.00658457
0.00667171
0.00675745
0.00684266
0.00692695
0.00701317
0.00710253
0.00719447
0.00728296
0.00736848
0.00745673
0.00754738
0.0076387
0.00773152
0.00782206
0.0079111
0.00800709
0.0081016
0.00819541
0.00824332
0.00838517
0.00848319
0.00858588
0.016736
0.0168494
0.0169575
0.0170648
0.0171198
0.0172858
0.0173987
0.0175072
0.0176145
0.0176692
0.0177796
0.0179502
0.0180604
0.0181691
0.0182812
0.0183944
0.0185101
0.0186217
0.0187314
0.0188409
0.018953
0.0190691
0.0191819
0.0192934
0.0194031
0.0194591
0.0195746
0.0196879
0.0197994
0.0199091
0.020021
0.0201375
0.0203099
0.0204241
0.0204781
0.0205877
0.0207029
0.0208158
0.0209308
0.0210399
0.0212063
0.021319
0.0410356
0.0411483
0.0412565
0.0413622
0.0414702
0.0415227
0.0416917
0.0417988
0.0419049
0.0420086
0.0421157
0.0422263
0.0423325
0.0424392
0.042544
0.0426525
0.0427646
0.0428731
0.042982
0.0430887
0.0431992
0.0433131
0.043423
0.0435339
0.0436401
0.0437521
0.043864
0.043974
0.044083
0.0441853
0.0442926
0.0444008
0.0445082
0.0446152
0.0447164
0.044822
0.0449286
0.0450361
0.0451428
0.0452457
0.0452968
0.0454621
0.0632544
0.0633488
0.0634402
0.0635338
0.0636315
0.0637264
0.0638218
0.0639144
0.0640033
0.0640977
0.0641909
0.0642827
0.0643736
0.064461
0.0645536
0.064648
0.0647398
0.0648317
0.0649218
0.0650163
0.0651136
0.0652084
0.0653022
0.0653948
0.0654909
0.0655886
0.0656837
0.0657772
0.0658693
0.0659638
0.0660604
0.0661538
0.0662457
0.0663345
0.0664235
0.0664657
0.0666081
0.0666978
0.0667875
0.0668763
0.0669695
0.0670618
0.0810337
0.0811046
0.0811746
0.0812414
0.0813116
0.0813838
0.081454
0.0815246
0.0815935
0.081662
0.0817334
0.0818055
0.0818724
0.0819379
0.0820034
0.0820691
0.0821357
0.0822048
0.0822701
0.0823345
0.0824027
0.0824718
0.0825387
0.0826056
0.0826721
0.082738
0.0828068
0.0828763
0.0829413
0.0830073
0.0830772
0.0831461
0.0832148
0.0832832
0.0833488
0.0834154
0.0834842
0.0835516
0.0836176
0.083682
0.0837465
0.0838127
0.0932784
0.093322
0.0933636
0.0934038
0.0934451
0.0934885
0.0935315
0.0935426
0.093611
0.0936518
0.093693
0.093703
0.0937428
0.0938108
0.0938509
0.0938609
0.0939292
0.0939389
0.0940079
0.0940466
0.0940847
0.094124
0.0941639
0.0942025
0.0942398
0.094279
0.0943203
0.0943602
0.0943976
0.0944343
0.0944736
0.0945138
0.0945517
0.0945881
0.0945965
0.0946631
0.0947008
0.094736
0.0947715
0.0948079
0.0948445
0.0948799
0.0990198
0.0990318
0.0990434
0.0990691
0.0990617
0.0990883
0.0990813
0.0991065
0.0991142
0.0991222
0.0991142
0.0991385
0.0991466
0.0991547
0.099163
0.0991719
0.0991649
0.0991895
0.0991968
0.0991886
0.0991965
0.0992219
0.0992312
0.099239
0.0992302
0.0992533
0.0992603
0.0992671
0.0992737
0.0992652
0.0992884
0.0992957
0.0993029
0.0993095
0.0992998
0.0993218
0.0993128
0.0993377
0.0993454
0.0993524
0.0993431
0.099349
0.097948
0.0979258
0.0979038
0.0978824
0.0978605
0.0978381
0.0978156
0.097793
0.0977705
0.097748
0.0977247
0.0977012
0.0976781
0.0976552
0.0976312
0.0976064
0.0975823
0.0975583
0.0975349
0.0975101
0.0974843
0.0974585
0.0974333
0.0974091
0.0973847
0.0973587
0.0973327
0.0973069
0.0972825
0.0972577
0.0972323
0.0972062
0.0971802
0.0971551
0.0971301
0.0971043
0.0970779
0.0970524
0.0970273
0.0970017
0.0969754
0.0969485
0.0900786
0.090028
0.0899784
0.0899275
0.089874
0.0898192
0.0897647
0.0897122
0.0896608
0.0896085
0.0895547
0.089501
0.0894485
0.0893949
0.0893398
0.0892851
0.0892311
0.0891783
0.0891269
0.0890734
0.0890177
0.0889621
0.0889078
0.088855
0.0888003
0.0887444
0.0886874
0.0886301
0.0885738
0.0885157
0.0884571
0.0883979
0.08834
0.0882842
0.0882277
0.0881698
0.0881119
0.0880542
0.0879981
0.0879416
0.0878833
0.0878243
0.07595
0.0758694
0.0757887
0.0757119
0.0756348
0.0755531
0.0754731
0.0753957
0.0753183
0.0752384
0.0751578
0.0750767
0.074996
0.0749182
0.0748389
0.0747559
0.0747046
0.0745931
0.0745132
0.0744346
0.0743847
0.0742721
0.0741908
0.0741128
0.074034
0.0739518
0.0738694
0.073787
0.0737061
0.0736263
0.0735427
0.0734579
0.0733738
0.0732926
0.0732099
0.0731258
0.0730398
0.072954
0.0728719
0.0727909
0.0727075
0.0726235
0.0565135
0.0564133
0.0563167
0.0562199
0.056121
0.0560639
0.0559199
0.0558208
0.0557228
0.0556193
0.0555161
0.0554126
0.0553137
0.0552128
0.0551106
0.055005
0.0549029
0.054846
0.0547008
0.054643
0.0544918
0.0543865
0.0542868
0.0542324
0.05409
0.0539884
0.0538869
0.0537872
0.0536891
0.0535896
0.053485
0.0533811
0.0532775
0.0531771
0.0530718
0.0530141
0.0528592
0.0527559
0.0526538
0.0525542
0.0524498
0.0523457
0.0332103
0.0330955
0.0329811
0.0328655
0.0327468
0.0326261
0.0325091
0.0323945
0.0322801
0.0321639
0.0320447
0.031929
0.0318165
0.0317033
0.0315884
0.0314698
0.0313536
0.0312404
0.0311258
0.03101
0.0308914
0.0307741
0.0306612
0.030549
0.0304356
0.0303186
0.0302004
0.0300868
0.0299736
0.0298583
0.0297403
0.0296208
0.0295058
0.0293929
0.0292766
0.0291595
0.0290407
0.0289253
0.0288143
0.0287025
0.0285893
0.0284727
0.00769758
0.00757395
0.00745284
0.00733517
0.00721293
0.00708704
0.00696237
0.00683879
0.00671804
0.00659625
0.00647175
0.00634699
0.00622582
0.00610733
0.00598406
0.00585817
0.00573347
0.0056098
0.00549066
0.00537382
0.00525135
0.00519055
0.00506668
0.00488654
0.00476649
0.00464441
0.00451992
0.00439605
0.00427728
0.00415792
0.00403276
0.00390906
0.00378671
0.00366567
0.00354597
0.00342291
0.0032959
0.00317098
0.00304978
0.00293126
0.00281017
0.00268797
-0.0185399
-0.0186607
-0.0187785
-0.0188961
-0.0190149
-0.0191363
-0.0192556
-0.0193702
-0.0194289
-0.0196068
-0.0196681
-0.0198488
-0.0199663
-0.020025
-0.0202052
-0.0203278
-0.0204483
-0.0205681
-0.0206834
-0.0208007
-0.0209219
-0.0210408
-0.0211571
-0.021272
-0.0213879
-0.0215082
-0.0216287
-0.0217461
-0.0218613
-0.0219744
-0.02209
-0.0222077
-0.0223233
-0.0223819
-0.0225512
-0.0226683
-0.0227885
-0.0229082
-0.0230222
-0.0231387
-0.0232585
-0.0233774
-0.0433154
-0.0434245
-0.0434837
-0.0435899
-0.0437486
-0.0438597
-0.0439712
-0.0440806
-0.0441867
-0.044297
-0.0444077
-0.0445224
-0.0446318
-0.0447401
-0.044846
-0.0449562
-0.0450666
-0.045175
-0.0452817
-0.0453859
-0.0454954
-0.0456038
-0.0457134
-0.0458183
-0.0459214
-0.0459767
-0.0461332
-0.0462393
-0.0463442
-0.0464458
-0.04655
-0.0466577
-0.0467645
-0.0468717
-0.0469756
-0.0470842
-0.0471941
-0.0473054
-0.0474123
-0.0475179
-0.0476203
-0.047728
-0.0652154
-0.0653081
-0.0654013
-0.0654895
-0.0655801
-0.0656731
-0.0657641
-0.0658559
-0.0659447
-0.0660353
-0.0661292
-0.0662216
-0.0663133
-0.0664018
-0.0664925
-0.0665853
-0.0666764
-0.0667673
-0.0668547
-0.0669415
-0.0670321
-0.0671216
-0.0671751
-0.0672997
-0.0673863
-0.0674777
-0.067568
-0.0676583
-0.0677468
-0.0678332
-0.0679236
-0.0680139
-0.0681021
-0.0681892
-0.0682718
-0.0683564
-0.068445
-0.0685307
-0.0686166
-0.0687015
-0.0687869
-0.0688761
-0.0825547
-0.0826004
-0.0826907
-0.0827567
-0.0828244
-0.0828943
-0.0829634
-0.0830317
-0.0830991
-0.0831671
-0.0832365
-0.0833059
-0.083374
-0.08344
-0.0835076
-0.0835762
-0.0836452
-0.0837125
-0.0837777
-0.0838415
-0.083908
-0.0839756
-0.0840419
-0.0841059
-0.0841703
-0.0842153
-0.0843044
-0.0843705
-0.0844337
-0.0844964
-0.0845624
-0.0846284
-0.0846925
-0.0847533
-0.0848123
-0.0848732
-0.0849354
-0.0849974
-0.085057
-0.0851155
-0.0851565
-0.0852387
-0.0941779
-0.0942176
-0.0942558
-0.0942932
-0.0943318
-0.0943701
-0.0944075
-0.0944445
-0.0944828
-0.0945159
-0.0945622
-0.0946016
-0.0946405
-0.0946804
-0.0947212
-0.0947616
-0.0947953
-0.0948408
-0.0948795
-0.0949186
-0.0949522
-0.0949966
-0.0950332
-0.0950696
-0.0951073
-0.0951443
-0.0951821
-0.0952137
-0.0952547
-0.0952917
-0.0953287
-0.0953663
-0.095403
-0.0954334
-0.0954746
-0.0955109
-0.0955468
-0.0955767
-0.09561
-0.0956424
-0.0956791
-0.0957124
-0.0994314
-0.0994481
-0.0994467
-0.0994539
-0.099461
-0.0994674
-0.0994734
-0.0994794
-0.099485
-0.099491
-0.0994973
-0.0995037
-0.0995102
-0.0995168
-0.099523
-0.099529
-0.0995341
-0.0995381
-0.0995409
-0.0995445
-0.0995475
-0.0995512
-0.0995552
-0.0995601
-0.0995646
-0.099569
-0.0995715
-0.0995734
-0.0995752
-0.099576
-0.0995891
-0.0995765
-0.0995772
-0.099578
-0.0995794
-0.0995805
-0.0995807
-0.0995796
-0.0995774
-0.0995752
-0.0995737
-0.0995724
-0.0975931
-0.0975915
-0.097543
-0.097543
-0.0974949
-0.0974692
-0.0974416
-0.0974143
-0.0973878
-0.0973619
-0.0973349
-0.0973071
-0.0972786
-0.0972524
-0.0972265
-0.0971991
-0.0971701
-0.0971416
-0.0971157
-0.0970894
-0.0970626
-0.0970339
-0.0970048
-0.0969775
-0.0969521
-0.0969248
-0.0968959
-0.0968658
-0.0968384
-0.0968122
-0.0967843
-0.0967542
-0.0967247
-0.0966968
-0.0966699
-0.0966412
-0.0966107
-0.0965798
-0.0965514
-0.0965243
-0.0964966
-0.0964667
-0.0890749
-0.0890188
-0.0889658
-0.0889122
-0.0888566
-0.0888016
-0.0887472
-0.0886908
-0.0886366
-0.0885841
-0.0885285
-0.0884714
-0.088417
-0.088365
-0.0883082
-0.0882514
-0.0881966
-0.0881409
-0.0880859
-0.0880328
-0.0879774
-0.0879199
-0.0878628
-0.0878094
-0.0877544
-0.0876962
-0.0876379
-0.0875804
-0.0875226
-0.0874661
-0.0874082
-0.0873473
-0.0872865
-0.08723
-0.0871736
-0.0871143
-0.0870552
-0.0869971
-0.0869394
-0.0868842
-0.0868288
-0.0867704
-0.0744586
-0.0743765
-0.0742498
-0.0741691
-0.0740854
-0.0739992
-0.0739148
-0.0738311
-0.0737486
-0.0736655
-0.0735791
-0.0734928
-0.0734103
-0.0733284
-0.073246
-0.0731621
-0.0730773
-0.0729957
-0.0729151
-0.0728308
-0.0727944
-0.0726591
-0.0725729
-0.0724894
-0.0724014
-0.0723128
-0.072224
-0.0721366
-0.0720549
-0.0719713
-0.0719333
-0.0718018
-0.0717164
-0.0716338
-0.0715536
-0.071467
-0.0713816
-0.0712968
-0.0712126
-0.0711314
-0.0710462
-0.0709595
-0.0546597
-0.0545019
-0.0544541
-0.0543534
-0.0541995
-0.0540937
-0.0539891
-0.0539406
-0.0537841
-0.0536816
-0.0536309
-0.0534689
-0.0533642
-0.0532625
-0.0532162
-0.0531143
-0.0529551
-0.0528513
-0.0527491
-0.0526486
-0.0525988
-0.0524376
-0.0523325
-0.0522295
-0.0521297
-0.0520237
-0.0519185
-0.0518134
-0.0517633
-0.0516084
-0.0515004
-0.0514493
-0.0512871
-0.0512367
-0.0511359
-0.0510353
-0.0508759
-0.0507702
-0.0506651
-0.0505639
-0.0505137
-0.0503499
-0.0309367
-0.0308204
-0.0307062
-0.0305938
-0.0304809
-0.0303612
-0.0302447
-0.0301274
-0.0300153
-0.0299004
-0.0297814
-0.0296649
-0.0295486
-0.0294368
-0.0293203
-0.0292013
-0.029082
-0.0289643
-0.0288504
-0.0287328
-0.028616
-0.0284967
-0.0283818
-0.0282704
-0.0282159
-0.0280477
-0.0279316
-0.0278198
-0.0277081
-0.0275974
-0.0274832
-0.027365
-0.0272507
-0.0271363
-0.0270248
-0.0269066
-0.026787
-0.0266693
-0.0266101
-0.0264379
-0.0263159
-0.0261971
-0.00525075
-0.00512624
-0.00500619
-0.00494708
-0.00477126
-0.00464689
-0.00452659
-0.00440591
-0.00428886
-0.00416901
-0.0040448
-0.00392346
-0.00380199
-0.00368707
-0.00356637
-0.00344432
-0.00332133
-0.0032
-0.00308423
-0.002966
-0.00284577
-0.00272194
-0.00260131
-0.00248181
-0.00236256
-0.00223978
-0.00211391
-0.00199118
-0.0018693
-0.00175061
-0.00162438
-0.00149956
-0.00137469
-0.00131328
-0.00119476
-0.00100709
-0.000881902
-0.000755859
-0.000635807
-0.000516926
-0.000398614
-0.000275837
0.0208597
0.0209819
0.0210979
0.0212158
0.0213346
0.0214566
0.0215165
0.0216916
0.0218067
0.0219209
0.0220419
0.0221592
0.0222768
0.0223906
0.0225065
0.022628
0.0227468
0.0228664
0.0229229
0.0230981
0.0231583
0.0233384
0.0234586
0.0235735
0.0236946
0.0238151
0.0238758
0.0240556
0.0241691
0.0242815
0.0243961
0.0245136
0.0246276
0.0247407
0.0248529
0.0249699
0.0250897
0.0252069
0.0253238
0.0254378
0.0254973
0.0256798
0.0454122
0.0455771
0.0456826
0.045785
0.0458358
0.045999
0.0461089
0.0462156
0.0463198
0.0464285
0.0465377
0.0466501
0.046757
0.0468632
0.0469711
0.0470793
0.0471897
0.0472952
0.047401
0.0475085
0.0475601
0.0477285
0.0478342
0.04794
0.0480459
0.0481546
0.0482648
0.0483687
0.0484189
0.0485778
0.0486294
0.0487957
0.0489016
0.049007
0.0491098
0.0492183
0.0493272
0.0494345
0.0495406
0.0496445
0.049754
0.0498632
0.0670127
0.0671026
0.0671901
0.0672779
0.0673653
0.0674564
0.0675451
0.0676304
0.0677181
0.067807
0.0678972
0.0679892
0.0680749
0.06816
0.0682478
0.0683349
0.0684246
0.0685108
0.0685942
0.0686826
0.0687721
0.0688125
0.068952
0.0690375
0.0691275
0.0692181
0.0693082
0.0693978
0.0694826
0.0695696
0.0696595
0.0697476
0.0698362
0.0698747
0.0700044
0.0700921
0.0701788
0.0702652
0.0703503
0.0704326
0.0705193
0.0706072
0.0838766
0.0839407
0.0840033
0.0840688
0.0841358
0.084202
0.0842684
0.0843315
0.0843936
0.0844595
0.0845264
0.0845909
0.0846544
0.0847185
0.0847821
0.0848462
0.0849115
0.0849724
0.0850321
0.0850961
0.0851604
0.0852216
0.0852833
0.0853456
0.0854081
0.0854719
0.0855371
0.0855988
0.085659
0.0857219
0.0857857
0.0858484
0.0859108
0.085971
0.0860304
0.0860928
0.0861563
0.0862166
0.0862753
0.0863367
0.0863988
0.0864605
0.0948949
0.0949295
0.0949644
0.0949996
0.0950354
0.0950719
0.0951086
0.0951448
0.0951799
0.0952166
0.0952549
0.0952925
0.0953281
0.0953619
0.0953962
0.0954309
0.0954654
0.095499
0.095532
0.0955654
0.0955717
0.0956333
0.0956674
0.0957008
0.0957331
0.0957659
0.0957991
0.0958327
0.0958658
0.0958715
0.0959028
0.0959622
0.0959687
0.0960286
0.0960594
0.0960908
0.0961238
0.0961569
0.0961875
0.0962158
0.0962451
0.0962753
0.0993639
0.099369
0.0993596
0.0993642
0.0993856
0.0993758
0.0993958
0.0994
0.0994027
0.0993911
0.0994074
0.09941
0.0993996
0.0994162
0.099405
0.0994209
0.0994219
0.0994225
0.0994225
0.0994229
0.0994247
0.0994265
0.0994153
0.0994307
0.0994311
0.0994305
0.0994296
0.0994289
0.0994292
0.0994171
0.0994317
0.0994201
0.0994353
0.0994355
0.0994349
0.0994334
0.0994317
0.0994311
0.0994193
0.0994181
0.0994176
0.0994304
0.0969279
0.0969009
0.0968748
0.0968475
0.0968197
0.0967919
0.0967645
0.0967379
0.0967113
0.0966835
0.0966573
0.0966309
0.0966054
0.0965802
0.0965539
0.096527
0.0965009
0.0964758
0.0964506
0.0964244
0.0963982
0.0963717
0.0963462
0.0963204
0.096294
0.0962663
0.0962399
0.0962142
0.0961873
0.0961593
0.0961311
0.0961034
0.0960765
0.096049
0.0960198
0.0959903
0.0959617
0.0959343
0.0959078
0.0958799
0.0958506
0.0958221
0.0878873
0.0878116
0.087754
0.0876976
0.0876403
0.0875823
0.0875235
0.0874828
0.0874265
0.0873537
0.0872954
0.0872363
0.0871777
0.0871209
0.0870641
0.0870048
0.0869441
0.0868849
0.0868274
0.0867694
0.086728
0.0866477
0.0865858
0.0865261
0.0864669
0.0864052
0.0863426
0.0862799
0.0862192
0.0861613
0.0861029
0.0860421
0.0859808
0.0859205
0.0858796
0.0858205
0.0857603
0.0856801
0.0856186
0.085577
0.0854992
0.0854381
0.0725987
0.0725151
0.0724344
0.0723558
0.0722725
0.0721894
0.0721083
0.0720278
0.0719791
0.0718979
0.0717806
0.0717296
0.0716164
0.0715337
0.0714471
0.0713618
0.0712743
0.0711902
0.0711068
0.071054
0.0709301
0.0708438
0.0707579
0.0706757
0.0705918
0.0705035
0.0704174
0.0703314
0.0702466
0.070161
0.0700711
0.0699818
0.0698947
0.0698091
0.0697216
0.0696331
0.0695433
0.0694911
0.069372
0.0692873
0.0692009
0.0691118
0.0523703
0.0522642
0.052163
0.0520601
0.051956
0.0518492
0.0517459
0.0516437
0.0515463
0.0514448
0.051343
0.0512386
0.0511386
0.0510378
0.0509367
0.0508303
0.0507259
0.0506207
0.0505199
0.050414
0.0503077
0.0501987
0.0500938
0.0499896
0.0498853
0.0497767
0.0496705
0.0495651
0.0494633
0.0493612
0.0492561
0.0491494
0.0490436
0.04894
0.0488361
0.0487289
0.0486198
0.0485124
0.0484069
0.0483028
0.0481932
0.0480842
0.028584
0.0284634
0.028345
0.0282306
0.0281109
0.0279897
0.0278694
0.0277488
0.0276335
0.0275191
0.0274001
0.0272813
0.0271629
0.0270484
0.0269354
0.026816
0.0266967
0.0265792
0.0264623
0.0263475
0.0262278
0.0261056
0.0259866
0.025869
0.0257513
0.0256313
0.0255083
0.0253872
0.0252704
0.0251551
0.0250393
0.0249218
0.0248033
0.0246883
0.0245753
0.0244588
0.0243408
0.0242206
0.0241035
0.0239902
0.023872
0.0237525
0.00266719
0.00254313
0.0024208
0.0023032
0.00218313
0.0020591
0.00193724
0.00187665
0.00170069
0.00158204
0.00145974
0.00133549
0.00121468
0.00109687
0.000974486
0.000850131
0.000727319
0.000605702
0.000485795
0.000363871
0.000237851
0.000110934
-1.17859e-05
-0.000130832
-0.000250092
-0.000309205
-0.000493016
-0.000615026
-0.000733101
-0.00085074
-0.000911931
-0.00109772
-0.00122049
-0.00134172
-0.00146206
-0.00158532
-0.00164954
-0.00183724
-0.00195833
-0.0020804
-0.00220723
-0.00233436
-0.0233345
-0.0234556
-0.0235728
-0.0236889
-0.0238067
-0.0239259
-0.0240476
-0.0241073
-0.02428
-0.0243949
-0.0244537
-0.0246302
-0.0247481
-0.0248616
-0.0249766
-0.0250953
-0.0252144
-0.0252761
-0.0254502
-0.0255087
-0.0256856
-0.0258059
-0.0258675
-0.0260413
-0.0261522
-0.0262669
-0.0263839
-0.0264996
-0.0266158
-0.0267278
-0.0268425
-0.0269612
-0.0270787
-0.0271959
-0.0273112
-0.0274289
-0.027492
-0.0276723
-0.027734
-0.0279065
-0.0280232
-0.0281423
-0.0478043
-0.047912
-0.0480141
-0.048118
-0.0482233
-0.048331
-0.0484361
-0.0485399
-0.0486422
-0.0487493
-0.048857
-0.0489642
-0.0490682
-0.0491694
-0.0492744
-0.049381
-0.049489
-0.0495943
-0.0496991
-0.0498056
-0.0499165
-0.0500258
-0.0501354
-0.0502399
-0.0503492
-0.0504584
-0.0505687
-0.0506742
-0.0507775
-0.0508783
-0.0509823
-0.0510861
-0.0511901
-0.05129
-0.0513908
-0.0514934
-0.0515991
-0.0517018
-0.0518032
-0.0519039
-0.05201
-0.0521164
-0.0688748
-0.0689637
-0.0690495
-0.0691354
-0.0692218
-0.06931
-0.0694005
-0.0694867
-0.0695714
-0.0696595
-0.069748
-0.069837
-0.0699248
-0.0700085
-0.070093
-0.0701788
-0.0702649
-0.0703521
-0.0704345
-0.0705173
-0.0706032
-0.0706889
-0.0707738
-0.070857
-0.0709369
-0.0710199
-0.0711049
-0.0711886
-0.0712727
-0.0713546
-0.0714372
-0.0715231
-0.0716086
-0.0716915
-0.0717743
-0.0718588
-0.0719439
-0.0720317
-0.0721164
-0.0721987
-0.0722849
-0.0723718
-0.0852537
-0.0853163
-0.085376
-0.085435
-0.0854968
-0.0855604
-0.0856226
-0.085682
-0.0857405
-0.0858011
-0.0858634
-0.0859267
-0.0859883
-0.0860485
-0.0861116
-0.0861757
-0.0862407
-0.086304
-0.0863651
-0.0864263
-0.0864884
-0.0865515
-0.0866139
-0.0866742
-0.0867351
-0.086797
-0.0868595
-0.0869203
-0.0869806
-0.087042
-0.0871031
-0.0871636
-0.0872239
-0.087283
-0.087343
-0.0874052
-0.0874654
-0.0875241
-0.0875817
-0.0876413
-0.0877015
-0.0877615
-0.0957328
-0.0957649
-0.0957961
-0.0958275
-0.0958594
-0.0958903
-0.0959204
-0.09595
-0.0959808
-0.0960122
-0.0960429
-0.0960735
-0.0961037
-0.0961343
-0.0961656
-0.0961979
-0.0962288
-0.0962591
-0.0962892
-0.0963201
-0.096351
-0.0963812
-0.0964088
-0.0964382
-0.0964662
-0.0964956
-0.0965248
-0.0965534
-0.0965808
-0.0966093
-0.0966383
-0.096667
-0.0966947
-0.0967215
-0.0967482
-0.0967751
-0.0968027
-0.0968296
-0.0968554
-0.0968819
-0.0969083
-0.0969355
-0.0995633
-0.0995643
-0.0995656
-0.0995669
-0.0995798
-0.0995805
-0.0995808
-0.0995798
-0.0995652
-0.0995772
-0.0995642
-0.0995646
-0.0995775
-0.0995651
-0.0995644
-0.0995614
-0.0995579
-0.0995544
-0.0995514
-0.0995502
-0.0995497
-0.0995495
-0.0995486
-0.0995472
-0.0995455
-0.0995424
-0.0995539
-0.0995371
-0.0995348
-0.099533
-0.0995306
-0.0995279
-0.0995238
-0.0995327
-0.0995125
-0.0995072
-0.0995016
-0.099497
-0.0994932
-0.0994893
-0.0994857
-0.0994813
-0.0964641
-0.0964344
-0.096407
-0.096404
-0.09635
-0.0963186
-0.096288
-0.0962582
-0.0962301
-0.0962003
-0.0961681
-0.0961624
-0.0961055
-0.0960753
-0.0960434
-0.0960098
-0.0959766
-0.0959438
-0.0959118
-0.095879
-0.0958452
-0.0958104
-0.0957763
-0.0957429
-0.0957094
-0.095675
-0.09564
-0.095605
-0.0955715
-0.095538
-0.0955034
-0.0954673
-0.0954318
-0.0953977
-0.095363
-0.0953266
-0.0952901
-0.0952541
-0.095218
-0.0951807
-0.0951408
-0.0951021
-0.0867694
-0.0867091
-0.0866512
-0.0865937
-0.0865327
-0.086471
-0.0864102
-0.0863472
-0.0862865
-0.0862265
-0.0861627
-0.0860993
-0.0860391
-0.0859786
-0.085915
-0.0858519
-0.0857882
-0.0857228
-0.0856612
-0.0855987
-0.0855314
-0.0854652
-0.0854019
-0.0853379
-0.0852745
