[ -2.65905e-17, -56.529, 1.04147, -23.0529, -0.244692, 1.06613, -0.00367205 ]
[ -3.28044e-17, -56.529, 1.04147, -23.0529, -0.244693, 1.06613, -0.00367197 ]
[ 1.57778e-16, -56.529, 1.04147, -23.0529, -0.244689, 1.06613, -0.00367258 ]
[ -7.73699e-18, -56.529, 1.04146, -23.0529, -0.244695, 1.06612, -0.0036717 ]
[ 3.03537e-17, -56.529, 1.04147, -23.0529, -0.24469, 1.06613, -0.00367252 ]
[ -1.18107e-17, -56.529, 1.04147, -23.0529, -0.244694, 1.06612, -0.00367192 ]
[ 1.12864e-16, -56.529, 1.04146, -23.0529, -0.244693, 1.06611, -0.00367225 ]
[ 6.89199e-17, -56.529, 1.04147, -23.0529, -0.244692, 1.06613, -0.0036722 ]
[ -3.21026e-17, -56.529, 1.04146, -23.0529, -0.244694, 1.06613, -0.00367186 ]
[ 7.07515e-17, -56.529, 1.04147, -23.0529, -0.24469, 1.06612, -0.00367259 ]
