[ -4.17051e-05, 0.523602, -2.39684e-05, 1.04715, 2.69645e-06, 1.57083, -4.58397e-05 ]
[ -4.17051e-05, 0.523601, -2.37288e-05, 1.04715, 3.29566e-06, 1.57083, -4.52404e-05 ]
[ -4.17051e-05, 0.523602, -2.34891e-05, 1.04715, 3.89487e-06, 1.57083, -4.37424e-05 ]
[ -4.17051e-05, 0.523601, -2.39684e-05, 1.04715, 3.29566e-06, 1.57083, -4.37424e-05 ]
[ -4.19448e-05, 0.5236, -2.37288e-05, 1.04715, -8.359e-05, 1.57083, -4.55401e-05 ]
[ -4.17051e-05, 0.523601, -2.44478e-05, 1.04715, -0.000219012, 1.57083, -4.55401e-05 ]
[ -4.19448e-05, 0.5236, -2.34891e-05, 1.04715, -0.00033406, 1.57083, -4.4042e-05 ]
[ -4.12257e-05, 0.523601, -2.37288e-05, 1.04715, -0.00041795, 1.57083, -4.64389e-05 ]
[ -4.12257e-05, 0.523601, -2.37288e-05, 1.04715, -0.00041795, 1.57083, -4.64389e-05 ]
[ -4.12257e-05, 0.5236, -2.30097e-05, 1.04715, -0.00048596, 1.57084, -4.37424e-05 ]
