0
1.93789e-08
7.75157e-08
1.7441e-07
3.10063e-07
4.84472e-07
6.9764e-07
9.49565e-07
1.24025e-06
1.56969e-06
1.93788e-06
2.34484e-06
2.79054e-06
3.27501e-06
3.79823e-06
4.36021e-06
4.96094e-06
5.60043e-06
6.27867e-06
6.99566e-06
7.75141e-06
8.54591e-06
9.37917e-06
1.02512e-05
1.11619e-05
1.21114e-05
1.30997e-05
1.41267e-05
1.51925e-05
1.6297e-05
1.74402e-05
1.86222e-05
1.9843e-05
2.11025e-05
2.24007e-05
2.37377e-05
2.51134e-05
2.65279e-05
2.79811e-05
2.9473e-05
3.10037e-05
3.25732e-05
3.41813e-05
3.58282e-05
3.75139e-05
3.92382e-05
4.10013e-05
4.28032e-05
4.46438e-05
4.65231e-05
4.84411e-05
5.03978e-05
5.23933e-05
5.44275e-05
5.65005e-05
5.86121e-05
6.07625e-05
6.29516e-05
6.51794e-05
6.7446e-05
6.97512e-05
7.20952e-05
7.44779e-05
7.68993e-05
7.93594e-05
8.18582e-05
8.43957e-05
8.69719e-05
8.95868e-05
9.22405e-05
9.49328e-05
9.76638e-05
0.000100434
0.000103242
0.000106089
0.000108975
0.000111899
0.000114863
0.000117864
0.000120905
0.000123984
0.000127102
0.000130259
0.000133454
0.000136688
0.000139961
0.000143272
0.000146622
0.000150011
0.000153438
0.000156904
0.000160409
0.000163952
0.000167534
0.000171154
0.000174814
0.000178512
0.000182248
0.000186023
0.000189837
0.00019369
0.000197581
0.000201511
0.000205479
0.000209486
0.000213532
0.000217616
0.000221739
0.0002259
0.0002301
0.000234339
0.000238617
0.000242933
0.000247287
0.00025168
0.000256112
0.000260582
0.000265091
0.000269639
0.000274225
0.00027885
0.000283513
0.000288215
0.000292956
0.000297735
0.000302553
0.000307409
0.000312304
0.000317237
0.000322209
0.000327219
0.000332268
0.000337356
0.000342482
0.000347647
0.00035285
0.000358092
0.000363372
0.000368691
0.000374048
0.000379444
0.000384879
0.000390352
0.000395863
0.000401413
0.000407002
0.000412629
0.000418294
0.000423998
0.000429741
0.000435522
0.000441341
0.000447199
0.000453096
0.000459031
0.000465004
0.000471016
0.000477066
0.000483155
0.000489282
0.000495448
0.000501652
0.000507895
0.000514176
0.000520495
0.000526853
0.00053325
0.000539684
0.000546158
0.000552669
0.000559219
0.000565808
0.000572435
0.0005791
0.000585804
0.000592546
0.000599326
0.000606145
0.000613002
0.000619898
0.000626832
0.000633804
0.000640815
0.000647864
0.000654952
0.000662078
0.000669242
0.000676444
0.000683685
0.000690964
0.000698282
0.000705638
0.000713032
0.000720464
0.000727935
0.000735444
0.000742992
0.000750577
0.000758201
0.000765864
0.000773564
0.000781303
0.00078908
0.000796896
0.000804749
0.000812641
0.000820572
0.00082854
0.000836547
0.000844592
0.000852675
0.000860796
0.000868956
0.000877154
0.00088539
0.000893664
0.000901977
0.000910327
0.000918716
0.000927143
0.000935609
0.000944112
0.000952654
0.000961234
0.000969851
0.000978508
0.000987202
0.000995934
0.0010047
0.00101351
0.00102236
0.00103125
0.00104017
0.00104913
0.00105813
0.00106717
0.00107624
0.00108536
0.00109451
0.0011037
0.00111292
0.00112219
0.00113149
0.00114084
0.00115022
0.00115964
0.00116909
0.00117859
0.00118812
0.00119769
0.0012073
0.00121694
0.00122663
0.00123635
0.00124611
0.00125591
0.00126574
0.00127562
0.00128553
0.00129548
0.00130547
0.0013155
0.00132556
0.00133566
0.0013458
0.00135598
0.0013662
0.00137645
0.00138674
0.00139707
0.00140744
0.00141784
0.00142829
0.00143877
0.00144929
0.00145984
0.00147044
0.00148107
0.00149174
0.00150245
0.00151319
0.00152398
0.0015348
0.00154566
0.00155656
0.00156749
0.00157846
0.00158948
0.00160052
0.00161161
0.00162273
0.0016339
0.0016451
0.00165633
0.00166761
0.00167892
0.00169027
0.00170166
0.00171308
0.00172455
0.00173605
0.00174759
0.00175916
0.00177078
0.00178243
0.00179412
0.00180585
0.00181761
0.00182942
0.00184126
0.00185313
0.00186505
0.001877
0.00188899
0.00190102
0.00191309
0.00192519
0.00193733
0.00194951
0.00196172
0.00197398
0.00198627
0.0019986
0.00201096
0.00202337
0.00203581
0.00204829
0.0020608
0.00207336
0.00208595
0.00209858
0.00211124
0.00212395
0.00213669
0.00214947
0.00216228
0.00217514
0.00218803
0.00220095
0.00221392
0.00222692
0.00223996
0.00225304
0.00226616
0.00227931
0.0022925
0.00230573
0.00231899
0.00233229
0.00234563
0.00235901
0.00237242
0.00238587
0.00239936
0.00241289
0.00242645
0.00244005
0.00245369
0.00246736
0.00248107
0.00249482
0.00250861
0.00252243
0.00253629
0.00255019
0.00256412
0.0025781
0.00259211
0.00260615
0.00262024
0.00263436
0.00264852
0.00266271
0.00267694
0.00269121
0.00270552
0.00271986
0.00273424
0.00274866
0.00276312
0.00277761
0.00279214
0.0028067
0.0028213
0.00283594
0.00285062
0.00286534
0.00288009
0.00289487
0.0029097
0.00292456
0.00293946
0.0029544
0.00296937
0.00298438
0.00299942
0.00301451
0.00302963
0.00304478
0.00305998
0.00307521
0.00309048
0.00310578
0.00312112
0.0031365
0.00315192
0.00316737
0.00318286
0.00319838
0.00321395
0.00322955
0.00324518
0.00326085
0.00327656
0.00329231
0.00330809
0.00332391
0.00333977
0.00335566
0.00337159
0.00338756
0.00340356
0.0034196
0.00343568
0.00345179
0.00346794
0.00348412
0.00350035
0.00351661
0.0035329
0.00354924
0.0035656
0.00358201
0.00359845
0.00361493
0.00363145
0.003648
0.00366459
0.00368121
0.00369787
0.00371457
0.00373131
0.00374808
0.00376488
0.00378173
0.00379861
0.00381552
0.00383248
0.00384947
0.00386649
0.00388355
0.00390065
0.00391779
0.00393496
0.00395216
0.00396941
0.00398669
0.004004
0.00402136
0.00403875
0.00405617
0.00407363
0.00409113
0.00410866
0.00412623
0.00414384
0.00416148
0.00417916
0.00419688
0.00421463
0.00423242
0.00425024
0.0042681
0.00428599
0.00430393
0.00432189
0.0043399
0.00435794
0.00437601
0.00439413
0.00441227
0.00443046
0.00444868
0.00446693
0.00448523
0.00450355
0.00452192
0.00454032
0.00455876
0.00457723
0.00459574
0.00461428
0.00463286
0.00465148
0.00467013
0.00468881
0.00470754
0.0047263
0.00474509
0.00476392
0.00478279
0.00480169
0.00482063
0.00483961
0.00485862
0.00487766
0.00489674
0.00491586
0.00493501
0.0049542
0.00497343
0.00499269
0.00501198
0.00503131
0.00505068
0.00507008
0.00508952
0.00510899
0.0051285
0.00514805
0.00516763
0.00518725
0.0052069
0.00522658
0.00524631
0.00526607
0.00528586
0.00530569
0.00532555
0.00534545
0.00536539
0.00538536
0.00540537
0.00542541
0.00544549
0.0054656
0.00548575
0.00550593
0.00552615
0.00554641
0.0055667
0.00558702
0.00560738
0.00562778
0.00564821
0.00566867
0.00568918
0.00570971
0.00573028
0.00575089
0.00577153
0.00579221
0.00581293
0.00583367
0.00585446
0.00587527
0.00589613
0.00591702
0.00593794
0.0059589
0.00597989
0.00600092
0.00602199
0.00604308
0.00606422
0.00608539
0.00610659
0.00612783
0.0061491
0.00617041
0.00619176
0.00621314
0.00623455
0.006256
0.00627748
0.006299
0.00632055
0.00634214
0.00636377
0.00638542
0.00640712
0.00642884
0.00645061
0.0064724
0.00649424
0.0065161
0.006538
0.00655994
0.00658191
0.00660392
0.00662596
0.00664803
0.00667014
0.00669228
0.00671446
0.00673668
0.00675892
0.00678121
0.00680352
0.00682588
0.00684826
0.00687068
0.00689314
0.00691563
0.00693815
0.00696071
0.0069833
0.00700593
0.00702859
0.00705129
0.00707402
0.00709679
0.00711959
0.00714242
0.00716529
0.00718819
0.00721113
0.0072341
0.00725711
0.00728015
0.00730322
0.00732633
0.00734947
0.00737265
0.00739586
0.00741911
0.00744239
0.0074657
0.00748905
0.00751243
0.00753585
0.0075593
0.00758278
0.0076063
0.00762985
0.00765344
0.00767706
0.00770071
0.0077244
0.00774812
0.00777188
0.00779567
0.0078195
0.00784335
0.00786725
0.00789117
0.00791513
0.00793913
0.00796315
0.00798722
0.00801131
0.00803544
0.0080596
0.0080838
0.00810803
0.0081323
0.0081566
0.00818093
0.00820529
0.00822969
0.00825413
0.00827859
0.00830309
0.00832763
0.00835219
0.0083768
0.00840143
0.0084261
0.0084508
0.00847554
0.00850031
0.00852511
0.00854994
0.00857481
0.00859972
0.00862465
0.00864962
0.00867463
0.00869966
0.00872473
0.00874984
0.00877497
0.00880014
0.00882535
0.00885058
0.00887585
0.00890116
0.00892649
0.00895186
0.00897727
0.0090027
0.00902817
0.00905368
0.00907921
0.00910478
0.00913038
0.00915602
0.00918169
0.00920739
0.00923312
0.00925889
0.00928469
0.00931053
0.00933639
0.00936229
0.00938823
0.00941419
0.00944019
0.00946622
0.00949229
0.00951838
0.00954451
0.00957068
0.00959687
0.0096231
0.00964936
0.00967566
0.00970199
0.00972835
0.00975474
0.00978116
0.00980762
0.00983411
0.00986064
0.00988719
0.00991378
0.00994041
0.00996706
0.00999375
0.0100205
0.0100472
0.010074
0.0101008
0.0101277
0.0101546
0.0101815
0.0102084
0.0102354
0.0102624
0.0102895
0.0103165
0.0103436
0.0103708
0.010398
0.0104252
0.0104524
0.0104797
0.010507
0.0105343
0.0105617
0.0105891
0.0106165
0.010644
0.0106715
0.010699
0.0107266
0.0107542
0.0107818
0.0108094
0.0108371
0.0108648
0.0108926
0.0109204
0.0109482
0.0109761
0.0110039
0.0110319
0.0110598
0.0110878
0.0111158
0.0111438
0.0111719
0.0112
0.0112281
0.0112563
0.0112845
0.0113127
0.011341
0.0113693
0.0113976
0.011426
0.0114544
0.0114828
0.0115113
0.0115397
0.0115683
0.0115968
0.0116254
0.011654
0.0116827
0.0117113
0.01174
0.0117688
0.0117975
0.0118263
0.0118552
0.011884
0.0119129
0.0119419
0.0119708
0.0119998
0.0120288
0.0120579
0.012087
0.0121161
0.0121452
0.0121744
0.0122036
0.0122329
0.0122621
0.0122914
0.0123208
0.0123501
0.0123795
0.012409
0.0124384
0.0124679
0.0124974
0.012527
0.0125566
0.0125862
0.0126158
0.0126455
0.0126752
0.012705
0.0127347
0.0127645
0.0127943
0.0128242
0.0128541
0.012884
0.012914
0.012944
0.012974
0.013004
0.0130341
0.0130642
0.0130944
0.0131245
0.0131547
0.0131849
0.0132152
0.0132455
0.0132758
0.0133062
0.0133366
0.013367
0.0133974
0.0134279
0.0134584
0.0134889
0.0135195
0.0135501
0.0135807
0.0136114
0.0136421
0.0136728
0.0137035
0.0137343
0.0137651
0.013796
0.0138268
0.0138577
0.0138887
0.0139196
0.0139506
0.0139816
0.0140127
0.0140438
0.0140749
0.014106
0.0141372
0.0141684
0.0141996
0.0142309
0.0142622
0.0142935
0.0143248
0.0143562
0.0143876
0.0144191
0.0144505
0.014482
0.0145136
0.0145451
0.0145767
0.0146083
0.01464
0.0146717
0.0147034
0.0147351
0.0147669
0.0147987
0.0148305
0.0148624
0.0148943
0.0149262
0.0149581
0.0149901
0.0150221
0.0150541
0.0150862
0.0151183
0.0151504
0.0151826
0.0152148
0.015247
0.0152792
0.0153115
0.0153438
0.0153761
0.0154085
0.0154408
0.0154733
0.0155057
0.0155382
0.0155707
0.0156032
0.0156358
0.0156684
0.015701
0.0157336
0.0157663
0.015799
0.0158318
0.0158645
0.0158973
0.0159301
0.015963
0.0159959
0.0160288
0.0160617
0.0160947
0.0161277
0.0161607
0.0161938
0.0162268
0.01626
0.0162931
0.0163263
0.0163595
0.0163927
0.0164259
0.0164592
0.0164925
0.0165259
0.0165592
0.0165926
0.0166261
0.0166595
0.016693
0.0167265
0.0167601
0.0167936
0.0168272
0.0168609
0.0168945
0.0169282
0.0169619
0.0169956
0.0170294
0.0170632
0.017097
0.0171309
0.0171648
0.0171987
0.0172326
0.0172666
0.0173006
0.0173346
0.0173686
0.0174027
0.0174368
0.0174709
0.0175051
0.0175393
0.0175735
0.0176077
0.017642
0.0176763
0.0177106
0.017745
0.0177794
0.0178138
0.0178482
0.0178827
0.0179172
0.0179517
0.0179863
0.0180208
0.0180555
0.0180901
0.0181247
0.0181594
0.0181942
0.0182289
0.0182637
0.0182985
0.0183333
0.0183681
0.018403
0.0184379
0.0184729
0.0185078
0.0185428
0.0185778
0.0186129
0.018648
0.0186831
0.0187182
0.0187533
0.0187885
0.0188237
0.018859
0.0188942
0.0189295
0.0189648
0.0190002
0.0190355
0.0190709
0.0191064
0.0191418
0.0191773
0.0192128
0.0192483
0.0192839
0.0193195
0.0193551
0.0193907
0.0194264
0.0194621
0.0194978
0.0195336
0.0195693
0.0196051
0.019641
0.0196768
0.0197127
0.0197486
0.0197845
0.0198205
0.0198565
0.0198925
0.0199285
0.0199646
0.0200007
0.0200368
0.020073
0.0201091
0.0201453
0.0201815
0.0202178
0.0202541
0.0202904
0.0203267
0.0203631
0.0203994
0.0204358
0.0204723
0.0205087
0.0205452
0.0205817
0.0206183
0.0206548
0.0206914
0.0207281
0.0207647
0.0208014
0.0208381
0.0208748
0.0209115
0.0209483
0.0209851
0.0210219
0.0210588
0.0210956
0.0211325
0.0211695
0.0212064
0.0212434
0.0212804
0.0213174
0.0213545
0.0213916
0.0214287
0.0214658
0.021503
0.0215401
0.0215774
0.0216146
0.0216518
0.0216891
0.0217264
0.0217638
0.0218011
0.0218385
0.0218759
0.0219134
0.0219508
0.0219883
0.0220258
0.0220634
0.0221009
0.0221385
0.0221761
0.0222138
0.0222514
0.0222891
0.0223268
0.0223646
0.0224023
0.0224401
0.0224779
0.0225158
0.0225536
0.0225915
0.0226294
0.0226674
0.0227053
0.0227433
0.0227813
0.0228194
0.0228574
0.0228955
0.0229336
0.0229717
0.0230099
0.0230481
0.0230863
0.0231245
0.0231628
0.0232011
0.0232394
0.0232777
0.0233161
0.0233544
0.0233928
0.0234313
0.0234697
0.0235082
0.0235467
0.0235852
0.0236238
0.0236623
0.0237009
0.0237396
0.0237782
0.0238169
0.0238556
0.0238943
0.023933
0.0239718
0.0240106
0.0240494
0.0240882
0.0241271
0.024166
0.0242049
0.0242438
0.0242828
0.0243218
0.0243608
0.0243998
0.0244389
0.0244779
0.024517
0.0245561
0.0245953
0.0246345
0.0246737
0.0247129
0.0247521
0.0247914
0.0248307
0.02487
0.0249093
0.0249487
0.0249881
0.0250275
0.0250669
0.0251063
0.0251458
0.0251853
0.0252248
0.0252644
0.0253039
0.0253435
0.0253831
0.0254228
0.0254624
0.0255021
0.0255418
0.0255816
0.0256213
0.0256611
0.0257009
0.0257407
0.0257805
0.0258204
0.0258603
0.0259002
0.0259402
0.0259801
0.0260201
0.0260601
0.0261001
0.0261402
0.0261802
0.0262203
0.0262604
0.0263006
0.0263407
0.0263809
0.0264211
0.0264614
0.0265016
0.0265419
0.0265822
0.0266225
0.0266628
0.0267032
0.0267436
0.026784
0.0268244
0.0268649
0.0269054
0.0269459
0.0269864
0.0270269
0.0270675
0.0271081
0.0271487
0.0271893
0.0272299
0.0272706
0.0273113
0.027352
0.0273928
0.0274335
0.0274743
0.0275151
0.0275559
0.0275968
0.0276377
0.0276785
0.0277195
0.0277604
0.0278013
0.0278423
0.0278833
0.0279243
0.0279654
0.0280065
0.0280475
0.0280886
0.0281298
0.0281709
0.0282121
0.0282533
0.0282945
0.0283357
0.028377
0.0284183
0.0284596
0.0285009
0.0285422
0.0285836
0.028625
0.0286664
0.0287078
0.0287492
0.0287907
0.0288322
0.0288737
0.0289152
0.0289568
0.0289984
0.02904
0.0290816
0.0291232
0.0291649
0.0292065
0.0292482
0.02929
0.0293317
0.0293735
0.0294152
0.029457
0.0294989
0.0295407
0.0295826
0.0296244
0.0296663
0.0297083
0.0297502
0.0297922
0.0298342
0.0298762
0.0299182
0.0299602
0.0300023
0.0300444
0.0300865
0.0301286
0.0301708
0.0302129
0.0302551
0.0302973
0.0303396
0.0303818
0.0304241
0.0304664
0.0305087
0.030551
0.0305933
0.0306357
0.0306781
0.0307205
0.0307629
0.0308054
0.0308478
0.0308903
0.0309328
0.0309754
0.0310179
0.0310605
0.031103
0.0311457
0.0311883
0.0312309
0.0312736
0.0313163
0.031359
0.0314017
0.0314444
0.0314872
0.03153
0.0315728
0.0316156
0.0316584
0.0317013
0.0317441
0.031787
0.0318299
0.0318729
0.0319158
0.0319588
0.0320018
0.0320448
0.0320878
0.0321309
0.0321739
0.032217
0.0322601
0.0323033
0.0323464
0.0323896
0.0324327
0.0324759
0.0325191
0.0325624
0.0326056
0.0326489
0.0326922
0.0327355
0.0327788
0.0328222
0.0328655
0.0329089
0.0329523
0.0329957
0.0330392
0.0330826
0.0331261
0.0331696
0.0332131
0.0332567
0.0333002
0.0333438
0.0333874
0.033431
0.0334746
0.0335182
0.0335619
0.0336055
0.0336492
0.033693
0.0337367
0.0337804
0.0338242
0.033868
0.0339118
0.0339556
0.0339994
0.0340433
0.0340872
0.0341311
0.034175
0.0342189
0.0342628
0.0343068
0.0343508
0.0343948
0.0344388
0.0344828
0.0345269
0.0345709
0.034615
0.0346591
0.0347032
0.0347474
0.0347915
0.0348357
0.0348799
0.0349241
0.0349683
0.0350125
0.0350568
0.0351011
0.0351454
0.0351897
0.035234
0.0352783
0.0353227
0.0353671
0.0354115
0.0354559
0.0355003
0.0355447
0.0355892
0.0356337
0.0356782
0.0357227
0.0357672
0.0358117
0.0358563
0.0359009
0.0359455
0.0359901
0.0360347
0.0360794
0.036124
0.0361687
0.0362134
0.0362581
0.0363028
0.0363476
0.0363923
0.0364371
0.0364819
0.0365267
0.0365715
0.0366163
0.0366612
0.0367061
0.036751
0.0367959
0.0368408
0.0368857
0.0369307
0.0369756
0.0370206
0.0370656
0.0371106
0.0371557
0.0372007
0.0372458
0.0372909
0.037336
0.0373811
0.0374262
0.0374713
0.0375165
0.0375617
0.0376069
0.0376521
0.0376973
0.0377425
0.0377878
0.037833
0.0378783
0.0379236
0.0379689
0.0380143
0.0380596
0.038105
0.0381503
0.0381957
0.0382411
0.0382865
0.038332
0.0383774
0.0384229
0.0384684
0.0385139
0.0385594
0.0386049
0.0386504
0.038696
0.0387416
0.0387871
0.0388327
0.0388784
0.038924
0.0389696
0.0390153
0.039061
0.0391066
0.0391523
0.0391981
0.0392438
0.0392895
0.0393353
0.0393811
0.0394269
0.0394727
0.0395185
0.0395643
0.0396102
0.039656
0.0397019
0.0397478
0.0397937
0.0398396
0.0398855
0.0399315
0.0399775
0.0400234
0.0400694
0.0401154
0.0401614
0.0402075
0.0402535
0.0402996
0.0403456
0.0403917
0.0404378
0.0404839
0.0405301
0.0405762
0.0406224
0.0406685
0.0407147
0.0407609
0.0408071
0.0408534
0.0408996
0.0409458
0.0409921
0.0410384
0.0410847
0.041131
0.0411773
0.0412236
0.04127
0.0413163
0.0413627
0.0414091
0.0414555
0.0415019
0.0415483
0.0415948
0.0416412
0.0416877
0.0417341
0.0417806
0.0418271
0.0418737
0.0419202
0.0419667
0.0420133
0.0420598
0.0421064
0.042153
0.0421996
0.0422462
0.0422929
0.0423395
0.0423862
0.0424328
0.0424795
0.0425262
0.0425729
0.0426196
0.0426664
0.0427131
0.0427599
0.0428066
0.0428534
0.0429002
0.042947
0.0429938
0.0430407
0.0430875
0.0431344
0.0431812
0.0432281
0.043275
0.0433219
0.0433688
0.0434157
0.0434627
0.0435096
0.0435566
0.0436036
0.0436506
0.0436976
0.0437446
0.0437916
0.0438386
0.0438857
0.0439327
0.0439798
0.0440269
0.044074
0.0441211
0.0441682
0.0442153
0.0442624
0.0443096
0.0443568
0.0444039
0.0444511
0.0444983
0.0445455
0.0445927
0.04464
0.0446872
0.0447344
0.0447817
0.044829
0.0448763
0.0449236
0.0449709
0.0450182
0.0450655
0.0451129
0.0451602
0.0452076
0.0452549
0.0453023
0.0453497
0.0453971
0.0454445
0.045492
0.0455394
0.0455869
0.0456343
0.0456818
0.0457293
0.0457767
0.0458242
0.0458718
0.0459193
0.0459668
0.0460144
0.0460619
0.0461095
0.046157
0.0462046
0.0462522
0.0462998
0.0463474
0.0463951
0.0464427
0.0464903
0.046538
0.0465857
0.0466333
0.046681
0.0467287
0.0467764
0.0468241
0.0468719
0.0469196
0.0469673
0.0470151
0.0470629
0.0471106
0.0471584
0.0472062
0.047254
0.0473018
0.0473496
0.0473975
0.0474453
0.0474932
0.047541
0.0475889
0.0476368
0.0476847
0.0477326
0.0477805
0.0478284
0.0478763
0.0479242
0.0479722
0.0480201
0.0480681
0.0481161
0.048164
0.048212
0.04826
0.048308
0.0483561
0.0484041
0.0484521
0.0485002
0.0485482
0.0485963
0.0486443
0.0486924
0.0487405
0.0487886
0.0488367
0.0488848
0.0489329
0.0489811
0.0490292
0.0490774
0.0491255
0.0491737
0.0492218
0.04927
0.0493182
0.0493664
0.0494146
0.0494628
0.0495111
0.0495593
0.0496075
0.0496558
0.049704
0.0497523
0.0498006
0.0498488
0.0498971
0.0499454
0.0499937
0.050042
0.0500904
0.0501387
0.050187
0.0502354
0.0502837
0.0503321
0.0503804
0.0504288
0.0504772
0.0505256
0.050574
0.0506224
0.0506708
0.0507192
0.0507676
0.0508161
0.0508645
0.0509129
0.0509614
0.0510099
0.0510583
0.0511068
0.0511553
0.0512038
0.0512523
0.0513008
0.0513493
0.0513978
0.0514464
0.0514949
0.0515434
0.051592
0.0516405
0.0516891
0.0517377
0.0517862
0.0518348
0.0518834
0.051932
0.0519806
0.0520292
0.0520778
0.0521265
0.0521751
0.0522237
0.0522724
0.052321
0.0523697
0.0524183
0.052467
0.0525157
0.0525644
0.0526131
0.0526618
0.0527105
0.0527592
0.0528079
0.0528566
0.0529053
0.052954
0.0530028
0.0530515
0.0531003
0.053149
0.0531978
0.0532466
0.0532953
0.0533441
0.0533929
0.0534417
0.0534905
0.0535393
0.0535881
0.0536369
0.0536857
0.0537346
0.0537834
0.0538322
0.0538811
0.0539299
0.0539788
0.0540276
0.0540765
0.0541254
0.0541742
0.0542231
0.054272
0.0543209
0.0543698
0.0544187
0.0544676
0.0545165
0.0545654
0.0546143
0.0546633
0.0547122
0.0547611
0.0548101
0.054859
0.054908
0.0549569
0.0550059
0.0550549
0.0551038
0.0551528
0.0552018
0.0552508
0.0552998
0.0553488
0.0553978
0.0554468
0.0554958
0.0555448
0.0555938
0.0556428
0.0556918
0.0557409
0.0557899
0.055839
0.055888
0.055937
0.0559861
0.0560352
0.0560842
0.0561333
0.0561823
0.0562314
0.0562805
0.0563296
0.0563787
0.0564278
0.0564768
0.0565259
0.056575
0.0566241
0.0566733
0.0567224
0.0567715
0.0568206
0.0568697
0.0569189
0.056968
0.0570171
0.0570663
0.0571154
0.0571645
0.0572137
0.0572628
0.057312
0.0573612
0.0574103
0.0574595
0.0575087
0.0575578
0.057607
0.0576562
0.0577054
0.0577545
0.0578037
0.0578529
0.0579021
0.0579513
0.0580005
0.0580497
0.0580989
0.0581481
0.0581974
0.0582466
0.0582958
0.058345
0.0583942
0.0584435
0.0584927
0.0585419
0.0585911
0.0586404
0.0586896
0.0587389
0.0587881
0.0588374
0.0588866
0.0589359
0.0589851
0.0590344
0.0590836
0.0591329
0.0591822
0.0592314
0.0592807
0.05933
0.0593792
0.0594285
0.0594778
0.0595271
0.0595763
0.0596256
0.0596749
0.0597242
0.0597735
0.0598228
0.0598721
0.0599214
0.0599707
0.06002
0.0600693
0.0601186
0.0601679
0.0602172
0.0602665
0.0603158
0.0603651
0.0604144
0.0604637
0.060513
0.0605623
0.0606117
0.060661
0.0607103
0.0607596
0.0608089
0.0608583
0.0609076
0.0609569
0.0610062
0.0610556
0.0611049
0.0611542
0.0612036
0.0612529
0.0613022
0.0613515
0.0614009
0.0614502
0.0614996
0.0615489
0.0615982
0.0616476
0.0616969
0.0617463
0.0617956
0.0618449
0.0618943
0.0619436
0.061993
0.0620423
0.0620916
0.062141
0.0621903
0.0622397
0.062289
0.0623384
0.0623877
0.0624371
0.0624864
0.0625358
0.0625851
0.0626345
0.0626838
0.0627332
0.0627825
0.0628319
0.0628812
0.0629305
0.0629799
0.0630292
0.0630786
0.0631279
0.0631773
0.0632266
0.063276
0.0633253
0.0633747
0.063424
0.0634734
0.0635227
0.0635721
0.0636214
0.0636707
0.0637201
0.0637694
0.0638188
0.0638681
0.0639175
0.0639668
0.0640161
0.0640655
0.0641148
0.0641641
0.0642135
0.0642628
0.0643122
0.0643615
0.0644108
0.0644602
0.0645095
0.0645588
0.0646081
0.0646575
0.0647068
0.0647561
0.0648054
0.0648548
0.0649041
0.0649534
0.0650027
0.0650521
0.0651014
0.0651507
0.0652
0.0652493
0.0652986
0.0653479
0.0653972
0.0654465
0.0654958
0.0655452
0.0655945
0.0656438
0.065693
0.0657423
0.0657916
0.0658409
0.0658902
0.0659395
0.0659888
0.0660381
0.0660874
0.0661366
0.0661859
0.0662352
0.0662845
0.0663337
0.066383
0.0664323
0.0664816
0.0665308
0.0665801
0.0666293
0.0666786
0.0667278
0.0667771
0.0668263
0.0668756
0.0669248
0.0669741
0.0670233
0.0670726
0.0671218
0.067171
0.0672203
0.0672695
0.0673187
0.0673679
0.0674171
0.0674664
0.0675156
0.0675648
0.067614
0.0676632
0.0677124
0.0677616
0.0678108
0.06786
0.0679092
0.0679583
0.0680075
0.0680567
0.0681059
0.0681551
0.0682042
0.0682534
0.0683025
0.0683517
0.0684009
0.06845
0.0684992
0.0685483
0.0685974
0.0686466
0.0686957
0.0687449
0.068794
0.0688431
0.0688922
0.0689413
0.0689905
0.0690396
0.0690887
0.0691378
0.0691869
0.069236
0.069285
0.0693341
0.0693832
0.0694323
0.0694814
0.0695304
0.0695795
0.0696286
0.0696776
0.0697267
0.0697757
0.0698248
0.0698738
0.0699228
0.0699719
0.0700209
0.0700699
0.0701189
0.0701679
0.0702169
0.0702659
0.0703149
0.0703639
0.0704129
0.0704619
0.0705109
0.0705599
0.0706088
0.0706578
0.0707068
0.0707557
0.0708047
0.0708536
0.0709026
0.0709515
0.0710004
0.0710494
0.0710983
0.0711472
0.0711961
0.071245
0.0712939
0.0713428
0.0713917
0.0714406
0.0714895
0.0715383
0.0715872
0.0716361
0.0716849
0.0717338
0.0717826
0.0718315
0.0718803
0.0719291
0.071978
0.0720268
0.0720756
0.0721244
0.0721732
0.072222
0.0722708
0.0723196
0.0723684
0.0724171
0.0724659
0.0725147
0.0725634
0.0726122
0.0726609
0.0727097
0.0727584
0.0728071
0.0728558
0.0729045
0.0729533
0.073002
0.0730506
0.0730993
0.073148
0.0731967
0.0732454
0.073294
0.0733427
0.0733913
0.07344
0.0734886
0.0735372
0.0735859
0.0736345
0.0736831
0.0737317
0.0737803
0.0738289
0.0738775
0.073926
0.0739746
0.0740232
0.0740717
0.0741203
0.0741688
0.0742173
0.0742659
0.0743144
0.0743629
0.0744114
0.0744599
0.0745084
0.0745569
0.0746054
0.0746538
0.0747023
0.0747508
0.0747992
0.0748476
0.0748961
0.0749445
0.0749929
0.0750413
0.0750897
0.0751381
0.0751865
0.0752349
0.0752833
0.0753316
0.07538
0.0754284
0.0754767
0.075525
0.0755734
0.0756217
0.07567
0.0757183
0.0757666
0.0758149
0.0758631
0.0759114
0.0759597
0.0760079
0.0760562
0.0761044
0.0761527
0.0762009
0.0762491
0.0762973
0.0763455
0.0763937
0.0764419
0.07649
0.0765382
0.0765864
0.0766345
0.0766826
0.0767308
0.0767789
0.076827
0.0768751
0.0769232
0.0769713
0.0770194
0.0770674
0.0771155
0.0771635
0.0772116
0.0772596
0.0773076
0.0773557
0.0774037
0.0774517
0.0774997
0.0775476
0.0775956
0.0776436
0.0776915
0.0777395
0.0777874
0.0778353
0.0778832
0.0779311
0.077979
0.0780269
0.0780748
0.0781227
0.0781705
0.0782184
0.0782662
0.0783141
0.0783619
0.0784097
0.0784575
0.0785053
0.0785531
0.0786008
0.0786486
0.0786964
0.0787441
0.0787918
0.0788396
0.0788873
0.078935
0.0789827
0.0790304
0.079078
0.0791257
0.0791734
0.079221
0.0792686
0.0793163
0.0793639
0.0794115
0.0794591
0.0795067
0.0795542
0.0796018
0.0796494
0.0796969
0.0797444
0.0797919
0.0798395
0.079887
0.0799344
0.0799819
0.0800294
0.0800769
0.0801243
0.0801717
0.0802192
0.0802666
0.080314
0.0803614
0.0804088
0.0804561
0.0805035
0.0805508
0.0805982
0.0806455
0.0806928
0.0807401
0.0807874
0.0808347
0.080882
0.0809293
0.0809765
0.0810237
0.081071
0.0811182
0.0811654
0.0812126
0.0812598
0.081307
0.0813541
0.0814013
0.0814484
0.0814955
0.0815426
0.0815897
0.0816368
0.0816839
0.081731
0.081778
0.0818251
0.0818721
0.0819191
0.0819662
0.0820132
0.0820601
0.0821071
0.0821541
0.082201
0.082248
0.0822949
0.0823418
0.0823887
0.0824356
0.0824825
0.0825293
0.0825762
0.082623
0.0826699
0.0827167
0.0827635
0.0828103
0.0828571
0.0829038
0.0829506
0.0829973
0.0830441
0.0830908
0.0831375
0.0831842
0.0832309
0.0832775
0.0833242
0.0833708
0.0834175
0.0834641
0.0835107
0.0835573
0.0836039
0.0836504
0.083697
0.0837435
0.0837901
0.0838366
0.0838831
0.0839296
0.083976
0.0840225
0.0840689
0.0841154
0.0841618
0.0842082
0.0842546
0.084301
0.0843474
0.0843937
0.0844401
0.0844864
0.0845327
0.084579
0.0846253
0.0846716
0.0847179
0.0847641
0.0848104
0.0848566
0.0849028
0.084949
0.0849952
0.0850413
0.0850875
0.0851336
0.0851798
0.0852259
0.085272
0.0853181
0.0853641
0.0854102
0.0854562
0.0855023
0.0855483
0.0855943
0.0856403
0.0856862
0.0857322
0.0857782
0.0858241
0.08587
0.0859159
0.0859618
0.0860077
0.0860535
0.0860994
0.0861452
0.086191
0.0862368
0.0862826
0.0863284
0.0863742
0.0864199
0.0864656
0.0865114
0.0865571
0.0866027
0.0866484
0.0866941
0.0867397
0.0867853
0.086831
0.0868766
0.0869221
0.0869677
0.0870133
0.0870588
0.0871043
0.0871498
0.0871953
0.0872408
0.0872863
0.0873317
0.0873772
0.0874226
0.087468
0.0875134
0.0875588
0.0876041
0.0876495
0.0876948
0.0877401
0.0877854
0.0878307
0.0878759
0.0879212
0.0879664
0.0880116
0.0880568
0.088102
0.0881472
0.0881924
0.0882375
0.0882826
0.0883277
0.0883728
0.0884179
0.088463
0.088508
0.0885531
0.0885981
0.0886431
0.0886881
0.088733
0.088778
0.0888229
0.0888678
0.0889127
0.0889576
0.0890025
0.0890474
0.0890922
0.089137
0.0891818
0.0892266
0.0892714
0.0893162
0.0893609
0.0894056
0.0894503
0.089495
0.0895397
0.0895844
0.089629
0.0896736
0.0897182
0.0897628
0.0898074
0.089852
0.0898965
0.089941
0.0899855
0.09003
0.0900745
0.090119
0.0901634
0.0902078
0.0902523
0.0902966
0.090341
0.0903854
0.0904297
0.090474
0.0905184
0.0905626
0.0906069
0.0906512
0.0906954
0.0907396
0.0907838
0.090828
0.0908722
0.0909163
0.0909605
0.0910046
0.0910487
0.0910928
0.0911369
0.0911809
0.0912249
0.0912689
0.0913129
0.0913569
0.0914009
0.0914448
0.0914887
0.0915327
0.0915765
0.0916204
0.0916643
0.0917081
0.0917519
0.0917957
0.0918395
0.0918833
0.091927
0.0919708
0.0920145
0.0920582
0.0921018
0.0921455
0.0921891
0.0922328
0.0922764
0.0923199
0.0923635
0.0924071
0.0924506
0.0924941
0.0925376
0.0925811
0.0926245
0.092668
0.0927114
0.0927548
0.0927982
0.0928415
0.0928849
0.0929282
0.0929715
0.0930148
0.0930581
0.0931013
0.0931446
0.0931878
0.093231
0.0932742
0.0933173
0.0933605
0.0934036
0.0934467
0.0934898
0.0935328
0.0935759
0.0936189
0.0936619
0.0937049
0.0937479
0.0937908
0.0938338
0.0938767
0.0939196
0.0939624
0.0940053
0.0940481
0.0940909
0.0941337
0.0941765
0.0942193
0.094262
0.0943047
0.0943474
0.0943901
0.0944328
0.0944754
0.0945181
0.0945607
0.0946032
0.0946458
0.0946884
0.0947309
0.0947734
0.0948159
0.0948583
0.0949008
0.0949432
0.0949856
0.095028
0.0950704
0.0951127
0.095155
0.0951973
0.0952396
0.0952819
0.0953242
0.0953664
0.0954086
0.0954508
0.0954929
0.0955351
0.0955772
0.0956193
0.0956614
0.0957035
0.0957455
0.0957875
0.0958295
0.0958715
0.0959135
0.0959554
0.0959974
0.0960393
0.0960812
0.096123
0.0961649
0.0962067
0.0962485
0.0962903
0.096332
0.0963738
0.0964155
0.0964572
0.0964988
0.0965405
0.0965821
0.0966237
0.0966653
0.0967069
0.0967485
0.09679
0.0968315
0.096873
0.0969145
0.0969559
0.0969973
0.0970387
0.0970801
0.0971215
0.0971628
0.0972041
0.0972454
0.0972867
0.097328
0.0973692
0.0974104
0.0974516
0.0974928
0.0975339
0.0975751
0.0976162
0.0976573
0.0976983
0.0977394
0.0977804
0.0978214
0.0978624
0.0979033
0.0979442
0.0979852
0.0980261
0.0980669
0.0981078
0.0981486
0.0981894
0.0982302
0.0982709
0.0983117
0.0983524
0.0983931
0.0984338
0.0984744
0.098515
0.0985556
0.0985962
0.0986368
0.0986773
0.0987179
0.0987584
0.0987988
0.0988393
0.0988797
0.0989201
0.0989605
0.0990009
0.0990412
0.0990815
0.0991218
0.0991621
0.0992023
0.0992426
0.0992828
0.099323
0.0993631
0.0994033
0.0994434
0.0994835
0.0995235
0.0995636
0.0996036
0.0996436
0.0996836
0.0997236
0.0997635
0.0998034
0.0998433
0.0998832
0.099923
0.0999628
0.100003
0.100042
0.100082
0.100122
0.100162
0.100201
0.100241
0.100281
0.10032
0.10036
0.100399
0.100439
0.100478
0.100518
0.100557
0.100597
0.100636
0.100676
0.100715
0.100754
0.100794
0.100833
0.100872
0.100912
0.100951
0.10099
0.101029
0.101068
0.101108
0.101147
0.101186
0.101225
0.101264
0.101303
0.101342
0.101381
0.10142
0.101459
0.101498
0.101537
0.101575
0.101614
0.101653
0.101692
0.101731
0.101769
0.101808
0.101847
0.101885
0.101924
0.101963
0.102001
0.10204
0.102078
0.102117
0.102156
0.102194
0.102232
0.102271
0.102309
0.102348
0.102386
0.102424
0.102463
0.102501
0.102539
0.102577
0.102616
0.102654
0.102692
0.10273
0.102768
0.102806
0.102844
0.102882
0.10292
0.102958
0.102996
0.103034
0.103072
0.10311
0.103148
0.103186
0.103224
0.103261
0.103299
0.103337
0.103375
0.103412
0.10345
0.103488
0.103525
0.103563
0.1036
0.103638
0.103675
0.103713
0.10375
0.103788
0.103825
0.103863
0.1039
0.103937
0.103975
0.104012
0.104049
0.104086
0.104124
0.104161
0.104198
0.104235
0.104272
0.104309
0.104346
0.104383
0.10442
0.104457
0.104494
0.104531
0.104568
0.104605
0.104642
0.104679
0.104715
0.104752
0.104789
0.104826
0.104862
0.104899
0.104936
0.104972
0.105009
0.105045
0.105082
0.105118
0.105155
0.105191
0.105228
0.105264
0.105301
0.105337
0.105373
0.10541
0.105446
0.105482
0.105518
0.105555
0.105591
0.105627
0.105663
0.105699
0.105735
0.105771
0.105807
0.105843
0.105879
0.105915
0.105951
0.105987
0.106023
0.106059
0.106094
0.10613
0.106166
0.106202
0.106237
0.106273
0.106309
0.106344
0.10638
0.106415
0.106451
0.106486
0.106522
0.106557
0.106593
0.106628
0.106664
0.106699
0.106734
0.106769
0.106805
0.10684
0.106875
0.10691
0.106946
0.106981
0.107016
0.107051
0.107086
0.107121
0.107156
0.107191
0.107226
0.107261
0.107296
0.10733
0.107365
0.1074
0.107435
0.10747
0.107504
0.107539
0.107574
0.107608
0.107643
0.107677
0.107712
0.107747
0.107781
0.107815
0.10785
0.107884
0.107919
0.107953
0.107987
0.108022
0.108056
0.10809
0.108124
0.108159
0.108193
0.108227
0.108261
0.108295
0.108329
0.108363
0.108397
0.108431
0.108465
0.108499
0.108533
0.108567
0.108601
0.108634
0.108668
0.108702
0.108736
0.108769
0.108803
0.108836
0.10887
0.108904
0.108937
0.108971
0.109004
0.109038
0.109071
0.109104
0.109138
0.109171
0.109204
0.109238
0.109271
0.109304
0.109337
0.109371
0.109404
0.109437
0.10947
0.109503
0.109536
0.109569
0.109602
0.109635
0.109668
0.109701
0.109734
0.109766
0.109799
0.109832
0.109865
0.109897
0.10993
0.109963
0.109995
0.110028
0.11006
0.110093
0.110126
0.110158
0.11019
0.110223
0.110255
0.110288
0.11032
0.110352
0.110385
0.110417
0.110449
0.110481
0.110513
0.110545
0.110578
0.11061
0.110642
0.110674
0.110706
0.110738
0.110769
0.110801
0.110833
0.110865
0.110897
0.110929
0.11096
0.110992
0.111024
0.111055
0.111087
0.111119
0.11115
0.111182
0.111213
0.111245
0.111276
0.111307
0.111339
0.11137
0.111402
0.111433
0.111464
0.111495
0.111527
0.111558
0.111589
0.11162
0.111651
0.111682
0.111713
0.111744
0.111775
0.111806
0.111837
0.111868
0.111899
0.111929
0.11196
0.111991
0.112022
0.112052
0.112083
0.112114
0.112144
0.112175
0.112205
0.112236
0.112266
0.112297
0.112327
0.112358
0.112388
0.112418
0.112448
0.112479
0.112509
0.112539
0.112569
0.112599
0.11263
0.11266
0.11269
0.11272
0.11275
0.11278
0.11281
0.112839
0.112869
0.112899
0.112929
0.112959
0.112988
0.113018
0.113048
0.113078
0.113107
0.113137
0.113166
0.113196
0.113225
0.113255
0.113284
0.113314
0.113343
0.113372
0.113402
0.113431
0.11346
0.113489
0.113518
0.113548
0.113577
0.113606
0.113635
0.113664
0.113693
0.113722
0.113751
0.11378
0.113809
0.113837
0.113866
0.113895
0.113924
0.113952
0.113981
0.11401
0.114038
0.114067
0.114095
0.114124
0.114152
0.114181
0.114209
0.114238
0.114266
0.114294
0.114323
0.114351
0.114379
0.114407
0.114436
0.114464
0.114492
0.11452
0.114548
0.114576
0.114604
0.114632
0.11466
0.114688
0.114716
0.114743
0.114771
0.114799
0.114827
0.114854
0.114882
0.11491
0.114937
0.114965
0.114992
0.11502
0.115047
0.115075
0.115102
0.115129
0.115157
0.115184
0.115211
0.115239
0.115266
0.115293
0.11532
0.115347
0.115374
0.115401
0.115428
0.115455
0.115482
0.115509
0.115536
0.115563
0.11559
0.115616
0.115643
0.11567
0.115697
0.115723
0.11575
0.115777
0.115803
0.11583
0.115856
0.115883
0.115909
0.115935
0.115962
0.115988
0.116014
0.116041
0.116067
0.116093
0.116119
0.116145
0.116171
0.116197
0.116224
0.11625
0.116275
0.116301
0.116327
0.116353
0.116379
0.116405
0.116431
0.116456
0.116482
0.116508
0.116533
0.116559
0.116584
0.11661
0.116636
0.116661
0.116686
0.116712
0.116737
0.116763
0.116788
0.116813
0.116838
0.116864
0.116889
0.116914
0.116939
0.116964
0.116989
0.117014
0.117039
0.117064
0.117089
0.117114
0.117139
0.117163
0.117188
0.117213
0.117238
0.117262
0.117287
0.117312
0.117336
0.117361
0.117385
0.11741
0.117434
0.117458
0.117483
0.117507
0.117531
0.117556
0.11758
0.117604
0.117628
0.117652
0.117676
0.117701
0.117725
0.117749
0.117773
0.117796
0.11782
0.117844
0.117868
0.117892
0.117916
0.117939
0.117963
0.117987
0.11801
0.118034
0.118057
0.118081
0.118104
0.118128
0.118151
0.118175
0.118198
0.118221
0.118245
0.118268
0.118291
0.118314
0.118337
0.11836
0.118384
0.118407
0.11843
0.118453
0.118476
0.118498
0.118521
0.118544
0.118567
0.11859
0.118612
0.118635
0.118658
0.11868
0.118703
0.118726
0.118748
0.118771
0.118793
0.118815
0.118838
0.11886
0.118882
0.118905
0.118927
0.118949
0.118971
0.118994
0.119016
0.119038
0.11906
0.119082
0.119104
0.119126
0.119148
0.119169
0.119191
0.119213
0.119235
0.119257
0.119278
0.1193
0.119322
0.119343
0.119365
0.119386
0.119408
0.119429
0.119451
0.119472
0.119493
0.119515
0.119536
0.119557
0.119578
0.119599
0.119621
0.119642
0.119663
0.119684
0.119705
0.119726
0.119747
0.119768
0.119788
0.119809
0.11983
0.119851
0.119871
0.119892
0.119913
0.119933
0.119954
0.119975
0.119995
0.120015
0.120036
0.120056
0.120077
0.120097
0.120117
0.120138
0.120158
0.120178
0.120198
0.120218
0.120238
0.120258
0.120278
0.120298
0.120318
0.120338
0.120358
0.120378
0.120398
0.120417
0.120437
0.120457
0.120476
0.120496
0.120516
0.120535
0.120555
0.120574
0.120594
0.120613
0.120632
0.120652
0.120671
0.12069
0.12071
0.120729
0.120748
0.120767
0.120786
0.120805
0.120824
0.120843
0.120862
0.120881
0.1209
0.120919
0.120937
0.120956
0.120975
0.120994
0.121012
0.121031
0.121049
0.121068
0.121086
0.121105
0.121123
0.121142
0.12116
0.121178
0.121197
0.121215
0.121233
0.121251
0.12127
0.121288
0.121306
0.121324
0.121342
0.12136
0.121378
0.121396
0.121413
0.121431
0.121449
0.121467
0.121485
0.121502
0.12152
0.121537
0.121555
0.121573
0.12159
0.121608
0.121625
0.121642
0.12166
0.121677
0.121694
0.121712
0.121729
0.121746
0.121763
0.12178
0.121797
0.121814
0.121831
0.121848
0.121865
0.121882
0.121899
0.121916
0.121932
0.121949
0.121966
0.121982
0.121999
0.122016
0.122032
0.122049
0.122065
0.122082
0.122098
0.122114
0.122131
0.122147
0.122163
0.12218
0.122196
0.122212
0.122228
0.122244
0.12226
0.122276
0.122292
0.122308
0.122324
0.12234
0.122356
0.122371
0.122387
0.122403
0.122419
0.122434
0.12245
0.122465
0.122481
0.122496
0.122512
0.122527
0.122543
0.122558
0.122573
0.122588
0.122604
0.122619
0.122634
0.122649
0.122664
0.122679
0.122694
0.122709
0.122724
0.122739
0.122754
0.122769
0.122784
0.122798
0.122813
0.122828
0.122842
0.122857
0.122872
0.122886
0.122901
0.122915
0.122929
0.122944
0.122958
0.122972
0.122987
0.123001
0.123015
0.123029
0.123043
0.123058
0.123072
0.123086
0.1231
0.123114
0.123127
0.123141
0.123155
0.123169
0.123183
0.123196
0.12321
0.123224
0.123237
0.123251
0.123264
0.123278
0.123291
0.123305
0.123318
0.123331
0.123345
0.123358
0.123371
0.123384
0.123398
0.123411
0.123424
0.123437
0.12345
0.123463
0.123476
0.123489
0.123501
0.123514
0.123527
0.12354
0.123552
0.123565
0.123578
0.12359
0.123603
0.123615
0.123628
0.12364
0.123653
0.123665
0.123677
0.12369
0.123702
0.123714
0.123726
0.123739
0.123751
0.123763
0.123775
0.123787
0.123799
0.123811
0.123822
0.123834
0.123846
0.123858
0.12387
0.123881
0.123893
0.123905
0.123916
0.123928
0.123939
0.123951
0.123962
0.123973
0.123985
0.123996
0.124007
0.124019
0.12403
0.124041
0.124052
0.124063
0.124074
0.124085
0.124096
0.124107
0.124118
0.124129
0.12414
0.124151
0.124161
0.124172
0.124183
0.124193
0.124204
0.124214
0.124225
0.124235
0.124246
0.124256
0.124267
0.124277
0.124287
0.124298
0.124308
0.124318
0.124328
0.124338
0.124348
0.124358
0.124368
0.124378
0.124388
0.124398
0.124408
0.124418
0.124427
0.124437
0.124447
0.124456
0.124466
0.124476
0.124485
0.124495
0.124504
0.124513
0.124523
0.124532
0.124542
0.124551
0.12456
0.124569
0.124578
0.124587
0.124597
0.124606
0.124615
0.124624
0.124632
0.124641
0.12465
0.124659
0.124668
0.124677
0.124685
0.124694
0.124702
0.124711
0.12472
0.124728
0.124737
0.124745
0.124753
0.124762
0.12477
0.124778
0.124787
0.124795
0.124803
0.124811
0.124819
0.124827
0.124835
0.124843
0.124851
0.124859
0.124867
0.124875
0.124882
0.12489
0.124898
0.124906
0.124913
0.124921
0.124928
0.124936
0.124943
0.124951
0.124958
0.124965
0.124973
0.12498
0.124987
0.124994
0.125002
0.125009
0.125016
0.125023
0.12503
0.125037
0.125044
0.125051
0.125058
0.125064
0.125071
0.125078
0.125085
0.125091
0.125098
0.125104
0.125111
0.125118
0.125124
0.12513
0.125137
0.125143
0.12515
0.125156
0.125162
0.125168
0.125174
0.125181
0.125187
0.125193
0.125199
0.125205
0.125211
0.125217
0.125222
0.125228
0.125234
0.12524
0.125245
0.125251
0.125257
0.125262
0.125268
0.125273
0.125279
0.125284
0.12529
0.125295
0.1253
0.125306
0.125311
0.125316
0.125321
0.125326
0.125331
0.125336
0.125341
0.125346
0.125351
0.125356
0.125361
0.125366
0.125371
0.125375
0.12538
0.125385
0.125389
0.125394
0.125399
0.125403
0.125408
0.125412
0.125416
0.125421
0.125425
0.125429
0.125434
0.125438
0.125442
0.125446
0.12545
0.125454
0.125458
0.125462
0.125466
0.12547
0.125474
0.125478
0.125481
0.125485
0.125489
0.125493
0.125496
0.1255
0.125503
0.125507
0.12551
0.125514
0.125517
0.12552
0.125524
0.125527
0.12553
0.125533
0.125537
0.12554
0.125543
0.125546
0.125549
0.125552
0.125555
0.125558
0.12556
0.125563
0.125566
0.125569
0.125571
0.125574
0.125577
0.125579
0.125582
0.125584
0.125587
0.125589
0.125592
0.125594
0.125596
0.125599
0.125601
0.125603
0.125605
0.125607
0.125609
0.125611
0.125613
0.125615
0.125617
0.125619
0.125621
0.125623
0.125624
0.125626
0.125628
0.12563
0.125631
0.125633
0.125634
0.125636
0.125637
0.125639
0.12564
0.125641
0.125643
0.125644
0.125645
0.125646
0.125647
0.125649
0.12565
0.125651
0.125652
0.125653
0.125653
0.125654
0.125655
0.125656
0.125657
0.125657
0.125658
0.125659
0.125659
0.12566
0.12566
0.125661
0.125661
0.125662
0.125662
0.125662
0.125663
0.125663
0.125663
0.125663
0.125664
0.125664
0.125664
0.125664
0.125664
0.125664
0.125664
0.125663
0.125663
0.125663
0.125663
0.125662
0.125662
0.125662
0.125661
0.125661
0.12566
0.12566
0.125659
0.125659
0.125658
0.125657
0.125657
0.125656
0.125655
0.125654
0.125653
0.125653
0.125652
0.125651
0.12565
0.125649
0.125647
0.125646
0.125645
0.125644
0.125643
0.125641
0.12564
0.125639
0.125637
0.125636
0.125634
0.125633
0.125631
0.12563
0.125628
0.125626
0.125624
0.125623
0.125621
0.125619
0.125617
0.125615
0.125613
0.125611
0.125609
0.125607
0.125605
0.125603
0.125601
0.125599
0.125596
0.125594
0.125592
0.125589
0.125587
0.125584
0.125582
0.125579
0.125577
0.125574
0.125571
0.125569
0.125566
0.125563
0.12556
0.125558
0.125555
0.125552
0.125549
0.125546
0.125543
0.12554
0.125537
0.125533
0.12553
0.125527
0.125524
0.12552
0.125517
0.125514
0.12551
0.125507
0.125503
0.1255
0.125496
0.125493
0.125489
0.125485
0.125481
0.125478
0.125474
0.12547
0.125466
0.125462
0.125458
0.125454
0.12545
0.125446
0.125442
0.125438
0.125434
0.125429
0.125425
0.125421
0.125416
0.125412
0.125408
0.125403
0.125399
0.125394
0.125389
0.125385
0.12538
0.125375
0.125371
0.125366
0.125361
0.125356
0.125351
0.125346
0.125341
0.125336
0.125331
0.125326
0.125321
0.125316
0.125311
0.125306
0.1253
0.125295
0.12529
0.125284
0.125279
0.125273
0.125268
0.125262
0.125257
0.125251
0.125245
0.12524
0.125234
0.125228
0.125222
0.125217
0.125211
0.125205
0.125199
0.125193
0.125187
0.125181
0.125174
0.125168
0.125162
0.125156
0.12515
0.125143
0.125137
0.12513
0.125124
0.125118
0.125111
0.125104
0.125098
0.125091
0.125085
0.125078
0.125071
0.125064
0.125058
0.125051
0.125044
0.125037
0.12503
0.125023
0.125016
0.125009
0.125002
0.124994
0.124987
0.12498
0.124973
0.124965
0.124958
0.124951
0.124943
0.124936
0.124928
0.124921
0.124913
0.124906
0.124898
0.12489
0.124882
0.124875
0.124867
0.124859
0.124851
0.124843
0.124835
0.124827
0.124819
0.124811
0.124803
0.124795
0.124787
0.124778
0.12477
0.124762
0.124753
0.124745
0.124737
0.124728
0.12472
0.124711
0.124702
0.124694
0.124685
0.124677
0.124668
0.124659
0.12465
0.124641
0.124632
0.124624
0.124615
0.124606
0.124597
0.124587
0.124578
0.124569
0.12456
0.124551
0.124542
0.124532
0.124523
0.124513
0.124504
0.124495
0.124485
0.124476
0.124466
0.124456
0.124447
0.124437
0.124427
0.124418
0.124408
0.124398
0.124388
0.124378
0.124368
0.124358
0.124348
0.124338
0.124328
0.124318
0.124308
0.124298
0.124287
0.124277
0.124267
0.124256
0.124246
0.124235
0.124225
0.124214
0.124204
0.124193
0.124183
0.124172
0.124161
0.124151
0.12414
0.124129
0.124118
0.124107
0.124096
0.124085
0.124074
0.124063
0.124052
0.124041
0.12403
0.124019
0.124007
0.123996
0.123985
0.123973
0.123962
0.123951
0.123939
0.123928
0.123916
0.123905
0.123893
0.123881
0.12387
0.123858
0.123846
0.123834
0.123822
0.123811
0.123799
0.123787
0.123775
0.123763
0.123751
0.123739
0.123726
0.123714
0.123702
0.12369
0.123677
0.123665
0.123653
0.12364
0.123628
0.123615
0.123603
0.12359
0.123578
0.123565
0.123552
0.12354
0.123527
0.123514
0.123501
0.123489
0.123476
0.123463
0.12345
0.123437
0.123424
0.123411
0.123398
0.123384
0.123371
0.123358
0.123345
0.123331
0.123318
0.123305
0.123291
0.123278
0.123264
0.123251
0.123237
0.123224
0.12321
0.123196
0.123183
0.123169
0.123155
0.123141
0.123127
0.123114
0.1231
0.123086
0.123072
0.123058
0.123043
0.123029
0.123015
0.123001
0.122987
0.122972
0.122958
0.122944
0.122929
0.122915
0.122901
0.122886
0.122872
0.122857
0.122842
0.122828
0.122813
0.122798
0.122784
0.122769
0.122754
0.122739
0.122724
0.122709
0.122694
0.122679
0.122664
0.122649
0.122634
0.122619
0.122604
0.122588
0.122573
0.122558
0.122543
0.122527
0.122512
0.122496
0.122481
0.122465
0.12245
0.122434
0.122419
0.122403
0.122387
0.122371
0.122356
0.12234
0.122324
0.122308
0.122292
0.122276
0.12226
0.122244
0.122228
0.122212
0.122196
0.12218
0.122163
0.122147
0.122131
0.122114
0.122098
0.122082
0.122065
0.122049
0.122032
0.122016
0.121999
0.121982
0.121966
0.121949
0.121932
0.121916
0.121899
0.121882
0.121865
0.121848
0.121831
0.121814
0.121797
0.12178
0.121763
0.121746
0.121729
0.121712
0.121694
0.121677
0.12166
0.121642
0.121625
0.121608
0.12159
0.121573
0.121555
0.121537
0.12152
0.121502
0.121485
0.121467
0.121449
0.121431
0.121413
0.121396
0.121378
0.12136
0.121342
0.121324
0.121306
0.121288
0.12127
0.121251
0.121233
0.121215
0.121197
0.121178
0.12116
0.121142
0.121123
0.121105
0.121086
0.121068
0.121049
0.121031
0.121012
0.120994
0.120975
0.120956
0.120937
0.120919
0.1209
0.120881
0.120862
0.120843
0.120824
0.120805
0.120786
0.120767
0.120748
0.120729
0.12071
0.12069
0.120671
0.120652
0.120632
0.120613
0.120594
0.120574
0.120555
0.120535
0.120516
0.120496
0.120476
0.120457
0.120437
0.120417
0.120398
0.120378
0.120358
0.120338
0.120318
0.120298
0.120278
0.120258
0.120238
0.120218
0.120198
0.120178
0.120158
0.120138
0.120117
0.120097
0.120077
0.120056
0.120036
0.120015
0.119995
0.119975
0.119954
0.119933
0.119913
0.119892
0.119871
0.119851
0.11983
0.119809
0.119788
0.119768
0.119747
0.119726
0.119705
0.119684
0.119663
0.119642
0.119621
0.119599
0.119578
0.119557
0.119536
0.119515
0.119493
0.119472
0.119451
0.119429
0.119408
0.119386
0.119365
0.119343
0.119322
0.1193
0.119278
0.119257
0.119235
0.119213
0.119191
0.119169
0.119148
0.119126
0.119104
0.119082
0.11906
0.119038
0.119016
0.118994
0.118971
0.118949
0.118927
0.118905
0.118882
0.11886
0.118838
0.118815
0.118793
0.118771
0.118748
0.118726
0.118703
0.11868
0.118658
0.118635
0.118612
0.11859
0.118567
0.118544
0.118521
0.118498
0.118476
0.118453
0.11843
0.118407
0.118384
0.11836
0.118337
0.118314
0.118291
0.118268
0.118245
0.118221
0.118198
0.118175
0.118151
0.118128
0.118104
0.118081
0.118057
0.118034
0.11801
0.117987
0.117963
0.117939
0.117916
0.117892
0.117868
0.117844
0.11782
0.117796
0.117773
0.117749
0.117725
0.117701
0.117676
0.117652
0.117628
0.117604
0.11758
0.117556
0.117531
0.117507
0.117483
0.117458
0.117434
0.11741
0.117385
0.117361
0.117336
0.117312
0.117287
0.117262
0.117238
0.117213
0.117188
0.117163
0.117139
0.117114
0.117089
0.117064
0.117039
0.117014
0.116989
0.116964
0.116939
0.116914
0.116889
0.116864
0.116838
0.116813
0.116788
0.116763
0.116737
0.116712
0.116686
0.116661
0.116636
0.11661
0.116584
0.116559
0.116533
0.116508
0.116482
0.116456
0.116431
0.116405
0.116379
0.116353
0.116327
0.116301
0.116275
0.11625
0.116224
0.116197
0.116171
0.116145
0.116119
0.116093
0.116067
0.116041
0.116014
0.115988
0.115962
0.115935
0.115909
0.115883
0.115856
0.11583
0.115803
0.115777
0.11575
0.115723
0.115697
0.11567
0.115643
0.115616
0.11559
0.115563
0.115536
0.115509
0.115482
0.115455
0.115428
0.115401
0.115374
0.115347
0.11532
0.115293
0.115266
0.115239
0.115211
0.115184
0.115157
0.115129
0.115102
0.115075
0.115047
0.11502
0.114992
0.114965
0.114937
0.11491
0.114882
0.114854
0.114827
0.114799
0.114771
0.114743
0.114716
0.114688
0.11466
0.114632
0.114604
0.114576
0.114548
0.11452
0.114492
0.114464
0.114436
0.114407
0.114379
0.114351
0.114323
0.114294
0.114266
0.114238
0.114209
0.114181
0.114152
0.114124
0.114095
0.114067
0.114038
0.11401
0.113981
0.113952
0.113924
0.113895
0.113866
0.113837
0.113809
0.11378
0.113751
0.113722
0.113693
0.113664
0.113635
0.113606
0.113577
0.113548
0.113518
0.113489
0.11346
0.113431
0.113402
0.113372
0.113343
0.113314
0.113284
0.113255
0.113225
0.113196
0.113166
0.113137
0.113107
0.113078
0.113048
0.113018
0.112988
0.112959
0.112929
0.112899
0.112869
0.112839
0.11281
0.11278
0.11275
0.11272
0.11269
0.11266
0.11263
0.112599
0.112569
0.112539
0.112509
0.112479
0.112448
0.112418
0.112388
0.112358
0.112327
0.112297
0.112266
0.112236
0.112205
0.112175
0.112144
0.112114
0.112083
0.112052
0.112022
0.111991
0.11196
0.111929
0.111899
0.111868
0.111837
0.111806
0.111775
0.111744
0.111713
0.111682
0.111651
0.11162
0.111589
0.111558
0.111527
0.111495
0.111464
0.111433
0.111402
0.11137
0.111339
0.111307
0.111276
0.111245
0.111213
0.111182
0.11115
0.111119
0.111087
0.111055
0.111024
0.110992
0.11096
0.110929
0.110897
0.110865
0.110833
0.110801
0.110769
0.110738
0.110706
0.110674
0.110642
0.11061
0.110578
0.110545
0.110513
0.110481
0.110449
0.110417
0.110385
0.110352
0.11032
0.110288
0.110255
0.110223
0.11019
0.110158
0.110126
0.110093
0.11006
0.110028
0.109995
0.109963
0.10993
0.109897
0.109865
0.109832
0.109799
0.109766
0.109734
0.109701
0.109668
0.109635
0.109602
0.109569
0.109536
0.109503
0.10947
0.109437
0.109404
0.109371
0.109337
0.109304
0.109271
0.109238
0.109204
0.109171
0.109138
0.109104
0.109071
0.109038
0.109004
0.108971
0.108937
0.108904
0.10887
0.108836
0.108803
0.108769
0.108736
0.108702
0.108668
0.108634
0.108601
0.108567
0.108533
0.108499
0.108465
0.108431
0.108397
0.108363
0.108329
0.108295
0.108261
0.108227
0.108193
0.108159
0.108124
0.10809
0.108056
0.108022
0.107987
0.107953
0.107919
0.107884
0.10785
0.107815
0.107781
0.107747
0.107712
0.107677
0.107643
0.107608
0.107574
0.107539
0.107504
0.10747
0.107435
0.1074
0.107365
0.10733
0.107296
0.107261
0.107226
0.107191
0.107156
0.107121
0.107086
0.107051
0.107016
0.106981
0.106946
0.10691
0.106875
0.10684
0.106805
0.106769
0.106734
0.106699
0.106664
0.106628
0.106593
0.106557
0.106522
0.106486
0.106451
0.106415
0.10638
0.106344
0.106309
0.106273
0.106237
0.106202
0.106166
0.10613
0.106094
0.106059
0.106023
0.105987
0.105951
0.105915
0.105879
0.105843
0.105807
0.105771
0.105735
0.105699
0.105663
0.105627
0.105591
0.105555
0.105518
0.105482
0.105446
0.10541
0.105373
0.105337
0.105301
0.105264
0.105228
0.105191
0.105155
0.105118
0.105082
0.105045
0.105009
0.104972
0.104936
0.104899
0.104862
0.104826
0.104789
0.104752
0.104715
0.104679
0.104642
0.104605
0.104568
0.104531
0.104494
0.104457
0.10442
0.104383
0.104346
0.104309
0.104272
0.104235
0.104198
0.104161
0.104124
0.104086
0.104049
0.104012
0.103975
0.103937
0.1039
0.103863
0.103825
0.103788
0.10375
0.103713
0.103675
0.103638
0.1036
0.103563
0.103525
0.103488
0.10345
0.103412
0.103375
0.103337
0.103299
0.103261
0.103224
0.103186
0.103148
0.10311
0.103072
0.103034
0.102996
0.102958
0.10292
0.102882
0.102844
0.102806
0.102768
0.10273
0.102692
0.102654
0.102616
0.102577
0.102539
0.102501
0.102463
0.102424
0.102386
0.102348
0.102309
0.102271
0.102232
0.102194
0.102156
0.102117
0.102078
0.10204
0.102001
0.101963
0.101924
0.101885
0.101847
0.101808
0.101769
0.101731
0.101692
0.101653
0.101614
0.101575
0.101537
0.101498
0.101459
0.10142
0.101381
0.101342
0.101303
0.101264
0.101225
0.101186
0.101147
0.101108
0.101068
0.101029
0.10099
0.100951
0.100912
0.100872
0.100833
0.100794
0.100754
0.100715
0.100676
0.100636
0.100597
0.100557
0.100518
0.100478
0.100439
0.100399
0.10036
0.10032
0.100281
0.100241
0.100201
0.100162
0.100122
0.100082
0.100042
0.100003
0.0999628
0.099923
0.0998832
0.0998433
0.0998034
0.0997635
0.0997236
0.0996836
0.0996436
0.0996036
0.0995636
0.0995235
0.0994835
0.0994434
0.0994033
0.0993631
0.099323
0.0992828
0.0992426
0.0992023
0.0991621
0.0991218
0.0990815
0.0990412
0.0990009
0.0989605
0.0989201
0.0988797
0.0988393
0.0987988
0.0987584
0.0987179
0.0986773
0.0986368
0.0985962
0.0985556
0.098515
0.0984744
0.0984338
0.0983931
0.0983524
0.0983117
0.0982709
0.0982302
0.0981894
0.0981486
0.0981078
0.0980669
0.0980261
0.0979852
0.0979442
0.0979033
0.0978624
0.0978214
0.0977804
0.0977394
0.0976983
0.0976573
0.0976162
0.0975751
0.0975339
0.0974928
0.0974516
0.0974104
0.0973692
0.097328
0.0972867
0.0972454
0.0972041
0.0971628
0.0971215
0.0970801
0.0970387
0.0969973
0.0969559
0.0969145
0.096873
0.0968315
0.09679
0.0967485
0.0967069
0.0966653
0.0966237
0.0965821
0.0965405
0.0964988
0.0964572
0.0964155
0.0963738
0.096332
0.0962903
0.0962485
0.0962067
0.0961649
0.096123
0.0960812
0.0960393
0.0959974
0.0959554
0.0959135
0.0958715
0.0958295
0.0957875
0.0957455
0.0957035
0.0956614
0.0956193
0.0955772
0.0955351
0.0954929
0.0954508
0.0954086
0.0953664
0.0953242
0.0952819
0.0952396
0.0951973
0.095155
0.0951127
0.0950704
0.095028
0.0949856
0.0949432
0.0949008
0.0948583
0.0948159
0.0947734
0.0947309
0.0946884
0.0946458
0.0946032
0.0945607
0.0945181
0.0944754
0.0944328
0.0943901
0.0943474
0.0943047
0.094262
0.0942193
0.0941765
0.0941337
0.0940909
0.0940481
0.0940053
0.0939624
0.0939196
0.0938767
0.0938338
0.0937908
0.0937479
0.0937049
0.0936619
0.0936189
0.0935759
0.0935328
0.0934898
0.0934467
0.0934036
0.0933605
0.0933173
0.0932742
0.093231
0.0931878
0.0931446
0.0931013
0.0930581
0.0930148
0.0929715
0.0929282
0.0928849
0.0928415
0.0927982
0.0927548
0.0927114
0.092668
0.0926245
0.0925811
0.0925376
0.0924941
0.0924506
0.0924071
0.0923635
0.0923199
0.0922764
0.0922328
0.0921891
0.0921455
0.0921018
0.0920582
0.0920145
0.0919708
0.091927
0.0918833
0.0918395
0.0917957
0.0917519
0.0917081
0.0916643
0.0916204
0.0915765
0.0915327
0.0914887
0.0914448
0.0914009
0.0913569
0.0913129
0.0912689
0.0912249
0.0911809
0.0911369
0.0910928
0.0910487
0.0910046
0.0909605
0.0909163
0.0908722
0.090828
0.0907838
0.0907396
0.0906954
0.0906512
0.0906069
0.0905626
0.0905184
0.090474
0.0904297
0.0903854
0.090341
0.0902966
0.0902523
0.0902078
0.0901634
0.090119
0.0900745
0.09003
0.0899855
0.089941
0.0898965
0.089852
0.0898074
0.0897628
0.0897182
0.0896736
0.089629
0.0895844
0.0895397
0.089495
0.0894503
0.0894056
0.0893609
0.0893162
0.0892714
0.0892266
0.0891818
0.089137
0.0890922
0.0890474
0.0890025
0.0889576
0.0889127
0.0888678
0.0888229
0.088778
0.088733
0.0886881
0.0886431
0.0885981
0.0885531
0.088508
0.088463
0.0884179
0.0883728
0.0883277
0.0882826
0.0882375
0.0881924
0.0881472
0.088102
0.0880568
0.0880116
0.0879664
0.0879212
0.0878759
0.0878307
0.0877854
0.0877401
0.0876948
0.0876495
0.0876041
0.0875588
0.0875134
0.087468
0.0874226
0.0873772
0.0873317
0.0872863
0.0872408
0.0871953
0.0871498
0.0871043
0.0870588
0.0870133
0.0869677
0.0869221
0.0868766
0.086831
0.0867853
0.0867397
0.0866941
0.0866484
0.0866027
0.0865571
0.0865114
0.0864656
0.0864199
0.0863742
0.0863284
0.0862826
0.0862368
0.086191
0.0861452
0.0860994
0.0860535
0.0860077
0.0859618
0.0859159
0.08587
0.0858241
0.0857782
0.0857322
0.0856862
0.0856403
0.0855943
0.0855483
0.0855023
0.0854562
0.0854102
0.0853641
0.0853181
0.085272
0.0852259
0.0851798
0.0851336
0.0850875
0.0850413
0.0849952
0.084949
0.0849028
0.0848566
0.0848104
0.0847641
0.0847179
0.0846716
0.0846253
0.084579
0.0845327
0.0844864
0.0844401
0.0843937
0.0843474
0.084301
0.0842546
0.0842082
0.0841618
0.0841154
0.0840689
0.0840225
0.083976
0.0839296
0.0838831
0.0838366
0.0837901
0.0837435
0.083697
0.0836504
0.0836039
0.0835573
0.0835107
0.0834641
0.0834175
0.0833708
0.0833242
0.0832775
0.0832309
0.0831842
0.0831375
0.0830908
0.0830441
0.0829973
0.0829506
0.0829038
0.0828571
0.0828103
0.0827635
0.0827167
0.0826699
0.082623
0.0825762
0.0825293
0.0824825
0.0824356
0.0823887
0.0823418
0.0822949
0.082248
0.082201
0.0821541
0.0821071
0.0820601
0.0820132
0.0819662
0.0819191
0.0818721
0.0818251
0.081778
0.081731
0.0816839
0.0816368
0.0815897
0.0815426
0.0814955
0.0814484
0.0814013
0.0813541
0.081307
0.0812598
0.0812126
0.0811654
0.0811182
0.081071
0.0810237
0.0809765
0.0809293
0.080882
0.0808347
0.0807874
0.0807401
0.0806928
0.0806455
0.0805982
0.0805508
0.0805035
0.0804561
0.0804088
0.0803614
0.080314
0.0802666
0.0802192
0.0801717
0.0801243
0.0800769
0.0800294
0.0799819
0.0799344
0.079887
0.0798395
0.0797919
0.0797444
0.0796969
0.0796494
0.0796018
0.0795542
0.0795067
0.0794591
0.0794115
0.0793639
0.0793163
0.0792686
0.079221
0.0791734
0.0791257
0.079078
0.0790304
0.0789827
0.078935
0.0788873
0.0788396
0.0787918
0.0787441
0.0786964
0.0786486
0.0786008
0.0785531
0.0785053
0.0784575
0.0784097
0.0783619
0.0783141
0.0782662
0.0782184
0.0781705
0.0781227
0.0780748
0.0780269
0.077979
0.0779311
0.0778832
0.0778353
0.0777874
0.0777395
0.0776915
0.0776436
0.0775956
0.0775476
0.0774997
0.0774517
0.0774037
0.0773557
0.0773076
0.0772596
0.0772116
0.0771635
0.0771155
0.0770674
0.0770194
0.0769713
0.0769232
0.0768751
0.076827
0.0767789
0.0767308
0.0766826
0.0766345
0.0765864
0.0765382
0.07649
0.0764419
0.0763937
0.0763455
0.0762973
0.0762491
0.0762009
0.0761527
0.0761044
0.0760562
0.0760079
0.0759597
0.0759114
0.0758631
0.0758149
0.0757666
0.0757183
0.07567
0.0756217
0.0755734
0.075525
0.0754767
0.0754284
0.07538
0.0753316
0.0752833
0.0752349
0.0751865
0.0751381
0.0750897
0.0750413
0.0749929
0.0749445
0.0748961
0.0748476
0.0747992
0.0747508
0.0747023
0.0746538
0.0746054
0.0745569
0.0745084
0.0744599
0.0744114
0.0743629
0.0743144
0.0742659
0.0742173
0.0741688
0.0741203
0.0740717
0.0740232
0.0739746
0.073926
0.0738775
0.0738289
0.0737803
0.0737317
0.0736831
0.0736345
0.0735859
0.0735372
0.0734886
0.07344
0.0733913
0.0733427
0.073294
0.0732454
0.0731967
0.073148
0.0730993
0.0730506
0.073002
0.0729533
0.0729045
0.0728558
0.0728071
0.0727584
0.0727097
0.0726609
0.0726122
0.0725634
0.0725147
0.0724659
0.0724171
0.0723684
0.0723196
0.0722708
0.072222
0.0721732
0.0721244
0.0720756
0.0720268
0.071978
0.0719291
0.0718803
0.0718315
0.0717826
0.0717338
0.0716849
0.0716361
0.0715872
0.0715383
0.0714895
0.0714406
0.0713917
0.0713428
0.0712939
0.071245
0.0711961
0.0711472
0.0710983
0.0710494
0.0710004
0.0709515
0.0709026
0.0708536
0.0708047
0.0707557
0.0707068
0.0706578
0.0706088
0.0705599
0.0705109
0.0704619
0.0704129
0.0703639
0.0703149
0.0702659
0.0702169
0.0701679
0.0701189
0.0700699
0.0700209
0.0699719
0.0699228
0.0698738
0.0698248
0.0697757
0.0697267
0.0696776
0.0696286
0.0695795
0.0695304
0.0694814
0.0694323
0.0693832
0.0693341
0.069285
0.069236
0.0691869
0.0691378
0.0690887
0.0690396
0.0689905
0.0689413
0.0688922
0.0688431
0.068794
0.0687449
0.0686957
0.0686466
0.0685974
0.0685483
0.0684992
0.06845
0.0684009
0.0683517
0.0683025
0.0682534
0.0682042
0.0681551
0.0681059
0.0680567
0.0680075
0.0679583
0.0679092
0.06786
0.0678108
0.0677616
0.0677124
0.0676632
0.067614
0.0675648
0.0675156
0.0674664
0.0674171
0.0673679
0.0673187
0.0672695
0.0672203
0.067171
0.0671218
0.0670726
0.0670233
0.0669741
0.0669248
0.0668756
0.0668263
0.0667771
0.0667278
0.0666786
0.0666293
0.0665801
0.0665308
0.0664816
0.0664323
0.066383
0.0663337
0.0662845
0.0662352
0.0661859
0.0661366
0.0660874
0.0660381
0.0659888
0.0659395
0.0658902
0.0658409
0.0657916
0.0657423
0.065693
0.0656438
0.0655945
0.0655452
0.0654958
0.0654465
0.0653972
0.0653479
0.0652986
0.0652493
0.0652
0.0651507
0.0651014
0.0650521
0.0650027
0.0649534
0.0649041
0.0648548
0.0648054
0.0647561
0.0647068
0.0646575
0.0646081
0.0645588
0.0645095
0.0644602
0.0644108
0.0643615
0.0643122
0.0642628
0.0642135
0.0641641
0.0641148
0.0640655
0.0640161
0.0639668
0.0639175
0.0638681
0.0638188
0.0637694
0.0637201
0.0636707
0.0636214
0.0635721
0.0635227
0.0634734
0.063424
0.0633747
0.0633253
0.063276
0.0632266
0.0631773
0.0631279
0.0630786
0.0630292
0.0629799
0.0629305
0.0628812
0.0628319
0.0627825
0.0627332
0.0626838
0.0626345
0.0625851
0.0625358
0.0624864
0.0624371
0.0623877
0.0623384
0.062289
0.0622397
0.0621903
0.062141
0.0620916
0.0620423
0.061993
0.0619436
0.0618943
0.0618449
0.0617956
0.0617463
0.0616969
0.0616476
0.0615982
0.0615489
0.0614996
0.0614502
0.0614009
0.0613515
0.0613022
0.0612529
0.0612036
0.0611542
0.0611049
0.0610556
0.0610062
0.0609569
0.0609076
0.0608583
0.0608089
0.0607596
0.0607103
0.060661
0.0606117
0.0605623
0.060513
0.0604637
0.0604144
0.0603651
0.0603158
0.0602665
0.0602172
0.0601679
0.0601186
0.0600693
0.06002
0.0599707
0.0599214
0.0598721
0.0598228
0.0597735
0.0597242
0.0596749
0.0596256
0.0595763
0.0595271
0.0594778
0.0594285
0.0593792
0.05933
0.0592807
0.0592314
0.0591822
0.0591329
0.0590836
0.0590344
0.0589851
0.0589359
0.0588866
0.0588374
0.0587881
0.0587389
0.0586896
0.0586404
0.0585911
0.0585419
0.0584927
0.0584435
0.0583942
0.058345
0.0582958
0.0582466
0.0581974
0.0581481
0.0580989
0.0580497
0.0580005
0.0579513
0.0579021
0.0578529
0.0578037
0.0577545
0.0577054
0.0576562
0.057607
0.0575578
0.0575087
0.0574595
0.0574103
0.0573612
0.057312
0.0572628
0.0572137
0.0571645
0.0571154
0.0570663
0.0570171
0.056968
0.0569189
0.0568697
0.0568206
0.0567715
0.0567224
0.0566733
0.0566241
0.056575
0.0565259
0.0564768
0.0564278
0.0563787
0.0563296
0.0562805
0.0562314
0.0561823
0.0561333
0.0560842
0.0560352
0.0559861
0.055937
0.055888
0.055839
0.0557899
0.0557409
0.0556918
0.0556428
0.0555938
0.0555448
0.0554958
0.0554468
0.0553978
0.0553488
0.0552998
0.0552508
0.0552018
0.0551528
0.0551038
0.0550549
0.0550059
0.0549569
0.054908
0.054859
0.0548101
0.0547611
0.0547122
0.0546633
0.0546143
0.0545654
0.0545165
0.0544676
0.0544187
0.0543698
0.0543209
0.054272
0.0542231
0.0541742
0.0541254
0.0540765
0.0540276
0.0539788
0.0539299
0.0538811
0.0538322
0.0537834
0.0537346
0.0536857
0.0536369
0.0535881
0.0535393
0.0534905
0.0534417
0.0533929
0.0533441
0.0532953
0.0532466
0.0531978
0.053149
0.0531003
0.0530515
0.0530028
0.052954
0.0529053
0.0528566
0.0528079
0.0527592
0.0527105
0.0526618
0.0526131
0.0525644
0.0525157
0.052467
0.0524183
0.0523697
0.052321
0.0522724
0.0522237
0.0521751
0.0521265
0.0520778
0.0520292
0.0519806
0.051932
0.0518834
0.0518348
0.0517862
0.0517377
0.0516891
0.0516405
0.051592
0.0515434
0.0514949
0.0514464
0.0513978
0.0513493
0.0513008
0.0512523
0.0512038
0.0511553
0.0511068
0.0510583
0.0510099
0.0509614
0.0509129
0.0508645
0.0508161
0.0507676
0.0507192
0.0506708
0.0506224
0.050574
0.0505256
0.0504772
0.0504288
0.0503804
0.0503321
0.0502837
0.0502354
0.050187
0.0501387
0.0500904
0.050042
0.0499937
0.0499454
0.0498971
0.0498488
0.0498006
0.0497523
0.049704
0.0496558
0.0496075
0.0495593
0.0495111
0.0494628
0.0494146
0.0493664
0.0493182
0.04927
0.0492218
0.0491737
0.0491255
0.0490774
0.0490292
0.0489811
0.0489329
0.0488848
0.0488367
0.0487886
0.0487405
0.0486924
0.0486443
0.0485963
0.0485482
0.0485002
0.0484521
0.0484041
0.0483561
0.048308
0.04826
0.048212
0.048164
0.0481161
0.0480681
0.0480201
0.0479722
0.0479242
0.0478763
0.0478284
0.0477805
0.0477326
0.0476847
0.0476368
0.0475889
0.047541
0.0474932
0.0474453
0.0473975
0.0473496
0.0473018
0.047254
0.0472062
0.0471584
0.0471106
0.0470629
0.0470151
0.0469673
0.0469196
0.0468719
0.0468241
0.0467764
0.0467287
0.046681
0.0466333
0.0465857
0.046538
0.0464903
0.0464427
0.0463951
0.0463474
0.0462998
0.0462522
0.0462046
0.046157
0.0461095
0.0460619
0.0460144
0.0459668
0.0459193
0.0458718
0.0458242
0.0457767
0.0457293
0.0456818
0.0456343
0.0455869
0.0455394
0.045492
0.0454445
0.0453971
0.0453497
0.0453023
0.0452549
0.0452076
0.0451602
0.0451129
0.0450655
0.0450182
0.0449709
0.0449236
0.0448763
0.044829
0.0447817
0.0447344
0.0446872
0.04464
0.0445927
0.0445455
0.0444983
0.0444511
0.0444039
0.0443568
0.0443096
0.0442624
0.0442153
0.0441682
0.0441211
0.044074
0.0440269
0.0439798
0.0439327
0.0438857
0.0438386
0.0437916
0.0437446
0.0436976
0.0436506
0.0436036
0.0435566
0.0435096
0.0434627
0.0434157
0.0433688
0.0433219
0.043275
0.0432281
0.0431812
0.0431344
0.0430875
0.0430407
0.0429938
0.042947
0.0429002
0.0428534
0.0428066
0.0427599
0.0427131
0.0426664
0.0426196
0.0425729
0.0425262
0.0424795
0.0424328
0.0423862
0.0423395
0.0422929
0.0422462
0.0421996
0.042153
0.0421064
0.0420598
0.0420133
0.0419667
0.0419202
0.0418737
0.0418271
0.0417806
0.0417341
0.0416877
0.0416412
0.0415948
0.0415483
0.0415019
0.0414555
0.0414091
0.0413627
0.0413163
0.04127
0.0412236
0.0411773
0.041131
0.0410847
0.0410384
0.0409921
0.0409458
0.0408996
0.0408534
0.0408071
0.0407609
0.0407147
0.0406685
0.0406224
0.0405762
0.0405301
0.0404839
0.0404378
0.0403917
0.0403456
0.0402996
0.0402535
0.0402075
0.0401614
0.0401154
0.0400694
0.0400234
0.0399775
0.0399315
0.0398855
0.0398396
0.0397937
0.0397478
0.0397019
0.039656
0.0396102
0.0395643
0.0395185
0.0394727
0.0394269
0.0393811
0.0393353
0.0392895
0.0392438
0.0391981
0.0391523
0.0391066
0.039061
0.0390153
0.0389696
0.038924
0.0388784
0.0388327
0.0387871
0.0387416
0.038696
0.0386504
0.0386049
0.0385594
0.0385139
0.0384684
0.0384229
0.0383774
0.038332
0.0382865
0.0382411
0.0381957
0.0381503
0.038105
0.0380596
0.0380143
0.0379689
0.0379236
0.0378783
0.037833
0.0377878
0.0377425
0.0376973
0.0376521
0.0376069
0.0375617
0.0375165
0.0374713
0.0374262
0.0373811
0.037336
0.0372909
0.0372458
0.0372007
0.0371557
0.0371106
0.0370656
0.0370206
0.0369756
0.0369307
0.0368857
0.0368408
0.0367959
0.036751
0.0367061
0.0366612
0.0366163
0.0365715
0.0365267
0.0364819
0.0364371
0.0363923
0.0363476
0.0363028
0.0362581
0.0362134
0.0361687
0.036124
0.0360794
0.0360347
0.0359901
0.0359455
0.0359009
0.0358563
0.0358117
0.0357672
0.0357227
0.0356782
0.0356337
0.0355892
0.0355447
0.0355003
0.0354559
0.0354115
0.0353671
0.0353227
0.0352783
0.035234
0.0351897
0.0351454
0.0351011
0.0350568
0.0350125
0.0349683
0.0349241
0.0348799
0.0348357
0.0347915
0.0347474
0.0347032
0.0346591
0.034615
0.0345709
0.0345269
0.0344828
0.0344388
0.0343948
0.0343508
0.0343068
0.0342628
0.0342189
0.034175
0.0341311
0.0340872
0.0340433
0.0339994
0.0339556
0.0339118
0.033868
0.0338242
0.0337804
0.0337367
0.033693
0.0336492
0.0336055
0.0335619
0.0335182
0.0334746
0.033431
0.0333874
0.0333438
0.0333002
0.0332567
0.0332131
0.0331696
0.0331261
0.0330826
0.0330392
0.0329957
0.0329523
0.0329089
0.0328655
0.0328222
0.0327788
0.0327355
0.0326922
0.0326489
0.0326056
0.0325624
0.0325191
0.0324759
0.0324327
0.0323896
0.0323464
0.0323033
0.0322601
0.032217
0.0321739
0.0321309
0.0320878
0.0320448
0.0320018
0.0319588
0.0319158
0.0318729
0.0318299
0.031787
0.0317441
0.0317013
0.0316584
0.0316156
0.0315728
0.03153
0.0314872
0.0314444
0.0314017
0.031359
0.0313163
0.0312736
0.0312309
0.0311883
0.0311457
0.031103
0.0310605
0.0310179
0.0309754
0.0309328
0.0308903
0.0308478
0.0308054
0.0307629
0.0307205
0.0306781
0.0306357
0.0305933
0.030551
0.0305087
0.0304664
0.0304241
0.0303818
0.0303396
0.0302973
0.0302551
0.0302129
0.0301708
0.0301286
0.0300865
0.0300444
0.0300023
0.0299602
0.0299182
0.0298762
0.0298342
0.0297922
0.0297502
0.0297083
0.0296663
0.0296244
0.0295826
0.0295407
0.0294989
0.029457
0.0294152
0.0293735
0.0293317
0.02929
0.0292482
0.0292065
0.0291649
0.0291232
0.0290816
0.02904
0.0289984
0.0289568
0.0289152
0.0288737
0.0288322
0.0287907
0.0287492
0.0287078
0.0286664
0.028625
0.0285836
0.0285422
0.0285009
0.0284596
0.0284183
0.028377
0.0283357
0.0282945
0.0282533
0.0282121
0.0281709
0.0281298
0.0280886
0.0280475
0.0280065
0.0279654
0.0279243
0.0278833
0.0278423
0.0278013
0.0277604
0.0277195
0.0276785
0.0276377
0.0275968
0.0275559
0.0275151
0.0274743
0.0274335
0.0273928
0.027352
0.0273113
0.0272706
0.0272299
0.0271893
0.0271487
0.0271081
0.0270675
0.0270269
0.0269864
0.0269459
0.0269054
0.0268649
0.0268244
0.026784
0.0267436
0.0267032
0.0266628
0.0266225
0.0265822
0.0265419
0.0265016
0.0264614
0.0264211
0.0263809
0.0263407
0.0263006
0.0262604
0.0262203
0.0261802
0.0261402
0.0261001
0.0260601
0.0260201
0.0259801
0.0259402
0.0259002
0.0258603
0.0258204
0.0257805
0.0257407
0.0257009
0.0256611
0.0256213
0.0255816
0.0255418
0.0255021
0.0254624
0.0254228
0.0253831
0.0253435
0.0253039
0.0252644
0.0252248
0.0251853
0.0251458
0.0251063
0.0250669
0.0250275
0.0249881
0.0249487
0.0249093
0.02487
0.0248307
0.0247914
0.0247521
0.0247129
0.0246737
0.0246345
0.0245953
0.0245561
0.024517
0.0244779
0.0244389
0.0243998
0.0243608
0.0243218
0.0242828
0.0242438
0.0242049
0.024166
0.0241271
0.0240882
0.0240494
0.0240106
0.0239718
0.023933
0.0238943
0.0238556
0.0238169
0.0237782
0.0237396
0.0237009
0.0236623
0.0236238
0.0235852
0.0235467
0.0235082
0.0234697
0.0234313
0.0233928
0.0233544
0.0233161
0.0232777
0.0232394
0.0232011
0.0231628
0.0231245
0.0230863
0.0230481
0.0230099
0.0229717
0.0229336
0.0228955
0.0228574
0.0228194
0.0227813
0.0227433
0.0227053
0.0226674
0.0226294
0.0225915
0.0225536
0.0225158
0.0224779
0.0224401
0.0224023
0.0223646
0.0223268
0.0222891
0.0222514
0.0222138
0.0221761
0.0221385
0.0221009
0.0220634
0.0220258
0.0219883
0.0219508
0.0219134
0.0218759
0.0218385
0.0218011
0.0217638
0.0217264
0.0216891
0.0216518
0.0216146
0.0215774
0.0215401
0.021503
0.0214658
0.0214287
0.0213916
0.0213545
0.0213174
0.0212804
0.0212434
0.0212064
0.0211695
0.0211325
0.0210956
0.0210588
0.0210219
0.0209851
0.0209483
0.0209115
0.0208748
0.0208381
0.0208014
0.0207647
0.0207281
0.0206914
0.0206548
0.0206183
0.0205817
0.0205452
0.0205087
0.0204723
0.0204358
0.0203994
0.0203631
0.0203267
0.0202904
0.0202541
0.0202178
0.0201815
0.0201453
0.0201091
0.020073
0.0200368
0.0200007
0.0199646
0.0199285
0.0198925
0.0198565
0.0198205
0.0197845
0.0197486
0.0197127
0.0196768
0.019641
0.0196051
0.0195693
0.0195336
0.0194978
0.0194621
0.0194264
0.0193907
0.0193551
0.0193195
0.0192839
0.0192483
0.0192128
0.0191773
0.0191418
0.0191064
0.0190709
0.0190355
0.0190002
0.0189648
0.0189295
0.0188942
0.018859
0.0188237
0.0187885
0.0187533
0.0187182
0.0186831
0.018648
0.0186129
0.0185778
0.0185428
0.0185078
0.0184729
0.0184379
0.018403
0.0183681
0.0183333
0.0182985
0.0182637
0.0182289
0.0181942
0.0181594
0.0181247
0.0180901
0.0180555
0.0180208
0.0179863
0.0179517
0.0179172
0.0178827
0.0178482
0.0178138
0.0177794
0.017745
0.0177106
0.0176763
0.017642
0.0176077
0.0175735
0.0175393
0.0175051
0.0174709
0.0174368
0.0174027
0.0173686
0.0173346
0.0173006
0.0172666
0.0172326
0.0171987
0.0171648
0.0171309
0.017097
0.0170632
0.0170294
0.0169956
0.0169619
0.0169282
0.0168945
0.0168609
0.0168272
0.0167936
0.0167601
0.0167265
0.016693
0.0166595
0.0166261
0.0165926
0.0165592
0.0165259
0.0164925
0.0164592
0.0164259
0.0163927
0.0163595
0.0163263
0.0162931
0.01626
0.0162268
0.0161938
0.0161607
0.0161277
0.0160947
0.0160617
0.0160288
0.0159959
0.015963
0.0159301
0.0158973
0.0158645
0.0158318
0.015799
0.0157663
0.0157336
0.015701
0.0156684
0.0156358
0.0156032
0.0155707
0.0155382
0.0155057
0.0154733
0.0154408
0.0154085
0.0153761
0.0153438
0.0153115
0.0152792
0.015247
0.0152148
0.0151826
0.0151504
0.0151183
0.0150862
0.0150541
0.0150221
0.0149901
0.0149581
0.0149262
0.0148943
0.0148624
0.0148305
0.0147987
0.0147669
0.0147351
0.0147034
0.0146717
0.01464
0.0146083
0.0145767
0.0145451
0.0145136
0.014482
0.0144505
0.0144191
0.0143876
0.0143562
0.0143248
0.0142935
0.0142622
0.0142309
0.0141996
0.0141684
0.0141372
0.014106
0.0140749
0.0140438
0.0140127
0.0139816
0.0139506
0.0139196
0.0138887
0.0138577
0.0138268
0.013796
0.0137651
0.0137343
0.0137035
0.0136728
0.0136421
0.0136114
0.0135807
0.0135501
0.0135195
0.0134889
0.0134584
0.0134279
0.0133974
0.013367
0.0133366
0.0133062
0.0132758
0.0132455
0.0132152
0.0131849
0.0131547
0.0131245
0.0130944
0.0130642
0.0130341
0.013004
0.012974
0.012944
0.012914
0.012884
0.0128541
0.0128242
0.0127943
0.0127645
0.0127347
0.012705
0.0126752
0.0126455
0.0126158
0.0125862
0.0125566
0.012527
0.0124974
0.0124679
0.0124384
0.012409
0.0123795
0.0123501
0.0123208
0.0122914
0.0122621
0.0122329
0.0122036
0.0121744
0.0121452
0.0121161
0.012087
0.0120579
0.0120288
0.0119998
0.0119708
0.0119419
0.0119129
0.011884
0.0118552
0.0118263
0.0117975
0.0117688
0.01174
0.0117113
0.0116827
0.011654
0.0116254
0.0115968
0.0115683
0.0115397
0.0115113
0.0114828
0.0114544
0.011426
0.0113976
0.0113693
0.011341
0.0113127
0.0112845
0.0112563
0.0112281
0.0112
0.0111719
0.0111438
0.0111158
0.0110878
0.0110598
0.0110319
0.0110039
0.0109761
0.0109482
0.0109204
0.0108926
0.0108648
0.0108371
0.0108094
0.0107818
0.0107542
0.0107266
0.010699
0.0106715
0.010644
0.0106165
0.0105891
0.0105617
0.0105343
0.010507
0.0104797
0.0104524
0.0104252
0.010398
0.0103708
0.0103436
0.0103165
0.0102895
0.0102624
0.0102354
0.0102084
0.0101815
0.0101546
0.0101277
0.0101008
0.010074
0.0100472
0.0100205
0.00999375
0.00996706
0.00994041
0.00991378
0.00988719
0.00986064
0.00983411
0.00980762
0.00978116
0.00975474
0.00972835
0.00970199
0.00967566
0.00964936
0.0096231
0.00959687
0.00957068
0.00954451
0.00951838
0.00949229
0.00946622
0.00944019
0.00941419
0.00938823
0.00936229
0.00933639
0.00931053
0.00928469
0.00925889
0.00923312
0.00920739
0.00918169
0.00915602
0.00913038
0.00910478
0.00907921
0.00905368
0.00902817
0.0090027
0.00897727
0.00895186
0.00892649
0.00890116
0.00887585
0.00885058
0.00882535
0.00880014
0.00877497
0.00874984
0.00872473
0.00869966
0.00867463
0.00864962
0.00862465
0.00859972
0.00857481
0.00854994
0.00852511
0.00850031
0.00847554
0.0084508
0.0084261
0.00840143
0.0083768
0.00835219
0.00832763
0.00830309
0.00827859
0.00825413
0.00822969
0.00820529
0.00818093
0.0081566
0.0081323
0.00810803
0.0080838
0.0080596
0.00803544
0.00801131
0.00798722
0.00796315
0.00793913
0.00791513
0.00789117
0.00786725
0.00784335
0.0078195
0.00779567
0.00777188
0.00774812
0.0077244
0.00770071
0.00767706
0.00765344
0.00762985
0.0076063
0.00758278
0.0075593
0.00753585
0.00751243
0.00748905
0.0074657
0.00744239
0.00741911
0.00739586
0.00737265
0.00734947
0.00732633
0.00730322
0.00728015
0.00725711
0.0072341
0.00721113
0.00718819
0.00716529
0.00714242
0.00711959
0.00709679
0.00707402
0.00705129
0.00702859
0.00700593
0.0069833
0.00696071
0.00693815
0.00691563
0.00689314
0.00687068
0.00684826
0.00682588
0.00680352
0.00678121
0.00675892
0.00673668
0.00671446
0.00669228
0.00667014
0.00664803
0.00662596
0.00660392
0.00658191
0.00655994
0.006538
0.0065161
0.00649424
0.0064724
0.00645061
0.00642884
0.00640712
0.00638542
0.00636377
0.00634214
0.00632055
0.006299
0.00627748
0.006256
0.00623455
0.00621314
0.00619176
0.00617041
0.0061491
0.00612783
0.00610659
0.00608539
0.00606422
0.00604308
0.00602199
0.00600092
0.00597989
0.0059589
0.00593794
0.00591702
0.00589613
0.00587527
0.00585446
0.00583367
0.00581293
0.00579221
0.00577153
0.00575089
0.00573028
0.00570971
0.00568918
0.00566867
0.00564821
0.00562778
0.00560738
0.00558702
0.0055667
0.00554641
0.00552615
0.00550593
0.00548575
0.0054656
0.00544549
0.00542541
0.00540537
0.00538536
0.00536539
0.00534545
0.00532555
0.00530569
0.00528586
0.00526607
0.00524631
0.00522658
0.0052069
0.00518725
0.00516763
0.00514805
0.0051285
0.00510899
0.00508952
0.00507008
0.00505068
0.00503131
0.00501198
0.00499269
0.00497343
0.0049542
0.00493501
0.00491586
0.00489674
0.00487766
0.00485862
0.00483961
0.00482063
0.00480169
0.00478279
0.00476392
0.00474509
0.0047263
0.00470754
0.00468881
0.00467013
0.00465148
0.00463286
0.00461428
0.00459574
0.00457723
0.00455876
0.00454032
0.00452192
0.00450355
0.00448523
0.00446693
0.00444868
0.00443046
0.00441227
0.00439413
0.00437601
0.00435794
0.0043399
0.00432189
0.00430393
0.00428599
0.0042681
0.00425024
0.00423242
0.00421463
0.00419688
0.00417916
0.00416148
0.00414384
0.00412623
0.00410866
0.00409113
0.00407363
0.00405617
0.00403875
0.00402136
0.004004
0.00398669
0.00396941
0.00395216
0.00393496
0.00391779
0.00390065
0.00388355
0.00386649
0.00384947
0.00383248
0.00381552
0.00379861
0.00378173
0.00376488
0.00374808
0.00373131
0.00371457
0.00369787
0.00368121
0.00366459
0.003648
0.00363145
0.00361493
0.00359845
0.00358201
0.0035656
0.00354924
0.0035329
0.00351661
0.00350035
0.00348412
0.00346794
0.00345179
0.00343568
0.0034196
0.00340356
0.00338756
0.00337159
0.00335566
0.00333977
0.00332391
0.00330809
0.00329231
0.00327656
0.00326085
0.00324518
0.00322955
0.00321395
0.00319838
0.00318286
0.00316737
0.00315192
0.0031365
0.00312112
0.00310578
0.00309048
0.00307521
0.00305998
0.00304478
0.00302963
0.00301451
0.00299942
0.00298438
0.00296937
0.0029544
0.00293946
0.00292456
0.0029097
0.00289487
0.00288009
0.00286534
0.00285062
0.00283594
0.0028213
0.0028067
0.00279214
0.00277761
0.00276312
0.00274866
0.00273424
0.00271986
0.00270552
0.00269121
0.00267694
0.00266271
0.00264852
0.00263436
0.00262024
0.00260615
0.00259211
0.0025781
0.00256412
0.00255019
0.00253629
0.00252243
0.00250861
0.00249482
0.00248107
0.00246736
0.00245369
0.00244005
0.00242645
0.00241289
0.00239936
0.00238587
0.00237242
0.00235901
0.00234563
0.00233229
0.00231899
0.00230573
0.0022925
0.00227931
0.00226616
0.00225304
0.00223996
0.00222692
0.00221392
0.00220095
0.00218803
0.00217514
0.00216228
0.00214947
0.00213669
0.00212395
0.00211124
0.00209858
0.00208595
0.00207336
0.0020608
0.00204829
0.00203581
0.00202337
0.00201096
0.0019986
0.00198627
0.00197398
0.00196172
0.00194951
0.00193733
0.00192519
0.00191309
0.00190102
0.00188899
0.001877
0.00186505
0.00185313
0.00184126
0.00182942
0.00181761
0.00180585
0.00179412
0.00178243
0.00177078
0.00175916
0.00174759
0.00173605
0.00172455
0.00171308
0.00170166
0.00169027
0.00167892
0.00166761
0.00165633
0.0016451
0.0016339
0.00162273
0.00161161
0.00160052
0.00158948
0.00157846
0.00156749
0.00155656
0.00154566
0.0015348
0.00152398
0.00151319
0.00150245
0.00149174
0.00148107
0.00147044
0.00145984
0.00144929
0.00143877
0.00142829
0.00141784
0.00140744
0.00139707
0.00138674
0.00137645
0.0013662
0.00135598
0.0013458
0.00133566
0.00132556
0.0013155
0.00130547
0.00129548
0.00128553
0.00127562
0.00126574
0.00125591
0.00124611
0.00123635
0.00122663
0.00121694
0.0012073
0.00119769
0.00118812
0.00117859
0.00116909
0.00115964
0.00115022
0.00114084
0.00113149
0.00112219
0.00111292
0.0011037
0.00109451
0.00108536
0.00107624
0.00106717
0.00105813
0.00104913
0.00104017
0.00103125
0.00102236
0.00101351
0.0010047
0.000995934
0.000987202
0.000978508
0.000969851
0.000961234
0.000952654
0.000944112
0.000935609
0.000927143
0.000918716
0.000910327
0.000901977
0.000893664
0.00088539
0.000877154
0.000868956
0.000860796
0.000852675
0.000844592
0.000836547
0.00082854
0.000820572
0.000812641
0.000804749
0.000796896
0.00078908
0.000781303
0.000773564
0.000765864
0.000758201
0.000750577
0.000742992
0.000735444
0.000727935
0.000720464
0.000713032
0.000705638
0.000698282
0.000690964
0.000683685
0.000676444
0.000669242
0.000662078
0.000654952
0.000647864
0.000640815
0.000633804
0.000626832
0.000619898
0.000613002
0.000606145
0.000599326
0.000592546
0.000585804
0.0005791
0.000572435
0.000565808
0.000559219
0.000552669
0.000546158
0.000539684
0.00053325
0.000526853
0.000520495
0.000514176
0.000507895
0.000501652
0.000495448
0.000489282
0.000483155
0.000477066
0.000471016
0.000465004
0.000459031
0.000453096
0.000447199
0.000441341
0.000435522
0.000429741
0.000423998
0.000418294
0.000412629
0.000407002
0.000401413
0.000395863
0.000390352
0.000384879
0.000379444
0.000374048
0.000368691
0.000363372
0.000358092
0.00035285
0.000347647
0.000342482
0.000337356
0.000332268
0.000327219
0.000322209
0.000317237
0.000312304
0.000307409
0.000302553
0.000297735
0.000292956
0.000288215
0.000283513
0.00027885
0.000274225
0.000269639
0.000265091
0.000260582
0.000256112
0.00025168
0.000247287
0.000242933
0.000238617
0.000234339
0.0002301
0.0002259
0.000221739
0.000217616
0.000213532
0.000209486
0.000205479
0.000201511
0.000197581
0.00019369
0.000189837
0.000186023
0.000182248
0.000178512
0.000174814
0.000171154
0.000167534
0.000163952
0.000160409
0.000156904
0.000153438
0.000150011
0.000146622
0.000143272
0.000139961
0.000136688
0.000133454
0.000130259
0.000127102
0.000123984
0.000120905
0.000117864
0.000114863
0.000111899
0.000108975
0.000106089
0.000103242
0.000100434
9.76638e-05
9.49328e-05
9.22405e-05
8.95868e-05
8.69719e-05
8.43957e-05
8.18582e-05
7.93594e-05
7.68993e-05
7.44779e-05
7.20952e-05
6.97512e-05
6.7446e-05
6.51794e-05
6.29516e-05
6.07625e-05
5.86121e-05
5.65005e-05
5.44275e-05
5.23933e-05
5.03978e-05
4.84411e-05
4.65231e-05
4.46438e-05
4.28032e-05
4.10013e-05
3.92382e-05
3.75139e-05
3.58282e-05
3.41813e-05
3.25732e-05
3.10037e-05
2.9473e-05
2.79811e-05
2.65279e-05
2.51134e-05
2.37377e-05
2.24007e-05
2.11025e-05
1.9843e-05
1.86222e-05
1.74402e-05
1.6297e-05
1.51925e-05
1.41267e-05
1.30997e-05
1.21114e-05
1.11619e-05
1.02512e-05
9.37917e-06
8.54591e-06
7.75141e-06
6.99566e-06
6.27867e-06
5.60043e-06
4.96094e-06
4.36021e-06
3.79823e-06
3.27501e-06
2.79054e-06
2.34484e-06
1.93788e-06
1.56969e-06
1.24025e-06
9.49565e-07
6.9764e-07
4.84472e-07
3.10063e-07
1.7441e-07
7.75157e-08
1.93789e-08
0
0
0
0
0
0
0
0
0
0
0
0
0
0
0
0
0
0
0
0
0
0
0
0
0
0
0
0
0
0
0
0
0
0
0
0
0
0
0
0
0
0
0
0
0
0
0
0
0
0
0
0
0
0
0
0
0
0
0
0
0
0
0
0
0
0
0
0
0
0
0
0
0
0
0
0
0
0
0
0
0
0
0
0
0
0
0
0
0
0
0
0
0
0
0
0
0
0
0
0
0
0
0
0
0
0
0
0
0
0
0
0
0
0
0
0
0
0
0
0
0
0
0
0
0
0
0
0
0
0
0
0
0
0
0
0
0
0
0
0
0
0
0
0
0
0
0
0
0
0
0
0
0
0
0
0
0
0
0
0
0
0
0
0
0
0
0
0
0
0
0
0
0
0
0
0
0
0
0
0
0
0
0
0
0
0
0
0
0
0
0
0
0
0
0
0
0
0
0
0
0
0
0
0
0
0
0
0
0
0
0
0
0
0
0
0
0
0
0
0
0
0
0
0
0
0
0
0
0
0
0
0
0
0
0
0
0
0
0
0
0
0
0
0
0
0
0
0
0
0
0
0
0
0
0
0
0
0
0
0
0
0
0
0
0
0
0
0
0
0
0
0
0
0
0
0
0
0
0
0
0
0
0
0
0
0
0
0
0
0
0
0
0
0
0
0
0
0
0
0
0
0
0
0
0
0
0
0
0
0
0
0
0
0
0
0
0
0
0
0
0
0
0
0
0
0
0
0
0
0
0
0
0
0
0
0
0
0
0
0
0
0
0
0
0
0
0
0
0
0
0
0
0
0
0
0
0
0
0
0
0
0
0
0
0
0
0
0
0
0
0
0
0
0
0
0
0
0
0
0
0
0
0
0
0
0
0
0
0
0
0
0
0
0
0
0
0
0
0
0
0
0
0
0
0
0
0
0
0
0
0
0
0
0
0
0
0
0
0
0
0
0
0
0
0
0
0
0
0
0
0
0
0
0
0
0
0
0
0
0
0
0
0
0
0
0
0
0
0
0
0
0
0
0
0
0
0
0
0
0
0
0
0
0
0
0
0
0
0
0
0
0
0
0
0
0
0
0
0
0
0
0
0
0
0
0
0
0
0
0
0
0
0
0
0
0
0
0
0
0
0
0
0
0
0
0
0
0
0
0
0
0
0
0
0
0
0
0
0
0
0
0
0
0
0
0
0
0
0
0
0
0
0
0
0
0
0
0
0
0
0
0
0
0
0
0
0
0
0
0
0
0
0
0
0
0
0
0
0
0
0
0
0
0
0
0
0
0
0
0
0
0
0
0
0
0
0
0
0
0
0
0
0
0
0
0
0
0
0
0
0
0
0
0
0
0
0
0
0
0
0
0
0
0
0
0
0
0
0
0
0
0
0
0
0
0
0
0
0
0
0
0
0
0
0
0
0
0
0
0
0
0
0
0
0
0
0
0
0
0
0
0
0
0
0
0
0
0
0
0
0
0
0
0
0
0
0
0
0
0
0
0
0
0
0
0
0
0
0
0
0
0
0
0
0
0
0
0
0
0
0
0
0
0
0
0
0
0
0
0
0
0
0
0
0
0
0
0
0
0
0
0
0
0
0
0
0
0
0
0
0
0
0
0
0
0
0
0
0
0
0
0
0
0
0
0
0
0
0
0
0
0
0
0
0
0
0
0
0
0
0
0
0
0
0
0
0
0
0
0
0
0
0
0
0
0
0
0
0
0
0
0
0
0
0
0
0
0
0
0
0
0
0
0
0
0
0
0
0
0
0
0
0
0
0
0
0
0
0
0
0
0
0
0
0
0
0
0
0
0
0
0
0
0
0
0
0
0
0
0
0
0
0
0
0
0
0
0
0
0
0
0
0
0
0
0
0
0
0
0
0
0
0
0
0
0
0
0
0
0
0
0
0
0
0
0
0
0
0
0
0
0
0
0
0
0
0
0
0
0
0
0
0
0
0
0
0
0
0
0
0
0
0
0
0
0
0
0
0
0
0
0
0
0
0
0
0
0
0
0
0
0
0
0
0
0
0
0
0
0
0
0
0
0
0
0
0
0
0
0
0
0
0
0
0
0
0
0
0
0
0
0
0
0
0
0
0
0
0
0
0
0
0
0
0
0
0
0
0
0
0
0
0
0
0
0
0
0
0
0
0
0
0
0
0
0
0
0
0
0
0
0
0
0
0
0
0
0
0
0
0
0
0
0
0
0
0
0
0
0
0
0
0
0
0
0
0
0
0
0
0
0
0
0
0
0
0
0
0
0
0
0
0
0
0
0
0
0
0
0
0
0
0
0
0
0
0
0
0
0
0
0
0
0
0
0
0
0
0
0
0
0
0
0
0
0
0
0
0
0
0
0
0
0
0
0
0
0
0
0
0
0
0
0
0
0
0
0
0
0
0
0
0
0
0
0
0
0
0
0
0
0
0
0
0
0
0
0
0
0
0
0
0
0
0
0
0
0
0
0
0
0
0
0
0
0
0
0
0
0
0
0
0
0
0
0
0
0
0
0
0
0
0
0
0
0
0
0
0
0
0
0
0
0
0
0
0
0
0
0
0
0
0
0
0
0
0
0
0
0
0
0
0
0
0
0
0
0
0
0
0
0
0
0
0
0
0
0
0
0
0
0
0
0
0
0
0
0
0
0
0
0
0
0
0
0
0
0
0
0
0
0
0
0
0
0
0
0
0
0
0
0
0
0
0
0
0
0
0
0
0
0
0
0
0
0
0
0
0
0
0
0
0
0
0
0
0
0
0
0
0
0
0
0
0
0
0
0
0
0
0
0
0
0
0
0
0
0
0
0
0
0
0
0
0
0
0
0
0
0
0
0
0
0
0
0
0
0
0
0
0
0
0
0
0
0
0
0
0
0
0
0
0
0
0
0
0
0
0
0
0
0
0
0
0
0
0
0
0
0
0
0
0
0
0
0
0
0
0
0
0
0
0
0
0
0
0
0
0
0
0
0
0
0
0
0
0
0
0
0
0
0
0
0
0
0
0
0
0
0
0
0
0
0
0
0
0
0
0
0
0
0
0
0
0
0
0
0
0
0
0
0
0
0
0
0
0
0
0
0
0
0
0
0
0
0
0
0
0
0
0
0
0
0
0
0
0
0
0
0
0
0
0
0
0
0
0
0
0
0
0
0
0
0
0
0
0
0
0
0
0
0
0
0
0
0
0
0
0
0
0
0
0
0
0
0
0
0
0
0
0
0
0
0
0
0
0
0
0
0
0
0
0
0
0
0
0
0
0
0
0
0
0
0
0
0
0
0
0
0
0
0
0
0
0
0
0
0
0
0
0
0
0
0
0
0
0
0
0
0
0
0
0
0
0
0
0
0
0
0
0
0
0
0
0
0
0
0
0
0
0
0
0
0
0
0
0
0
0
0
0
0
0
0
0
0
0
0
0
0
0
0
0
0
0
0
0
0
0
0
0
0
0
0
0
0
0
0
0
0
0
0
0
0
0
0
0
0
0
0
0
0
0
0
0
0
0
0
0
0
0
0
0
0
0
0
0
0
0
0
0
0
0
0
0
0
0
0
0
0
0
0
0
0
0
0
0
0
0
0
0
0
0
0
0
0
0
0
0
0
0
0
0
0
0
0
0
0
0
0
0
0
0
0
0
0
0
0
0
0
0
0
0
0
0
0
0
0
0
0
0
0
0
0
0
0
0
0
0
0
0
0
0
0
0
0
0
0
0
0
0
0
0
0
0
0
0
0
0
0
0
0
0
0
0
0
0
0
0
0
0
0
0
0
0
0
0
0
0
0
0
0
0
0
0
0
0
0
0
0
0
0
0
0
0
0
0
0
0
0
0
0
0
0
0
0
0
0
0
0
0
0
0
0
0
0
0
0
0
0
0
0
0
0
0
0
0
0
0
0
0
0
0
0
0
0
0
0
0
0
0
0
0
0
0
0
0
0
0
0
0
0
0
0
0
0
0
0
0
0
0
0
0
0
0
0
0
0
0
0
0
0
0
0
0
0
0
0
0
0
0
0
0
0
0
0
0
0
0
0
0
0
0
0
0
0
0
0
0
0
0
0
0
0
0
0
0
0
0
0
0
0
0
0
0
0
0
0
0
0
0
0
0
0
0
0
0
0
0
0
0
0
0
0
0
0
0
0
0
0
0
0
0
0
0
0
0
0
0
0
0
0
0
0
0
0
0
0
0
0
0
0
0
0
0
0
0
0
0
0
0
0
0
0
0
0
0
0
0
0
0
0
0
0
0
0
0
0
0
0
0
0
0
0
0
0
0
0
0
0
0
0
0
0
0
0
0
0
0
0
0
0
0
0
0
0
0
0
0
0
0
0
0
0
0
0
0
0
0
0
0
0
0
0
0
0
0
0
0
0
0
0
0
0
0
0
0
0
0
0
0
0
0
0
0
0
0
0
0
0
0
0
0
0
0
0
0
0
0
0
0
0
0
0
0
0
0
0
0
0
0
0
0
0
0
0
0
0
0
0
0
0
0
0
0
0
0
0
0
0
0
0
0
0
0
0
0
0
0
0
0
