0
7.75157e-08
3.10063e-07
6.9764e-07
1.24025e-06
1.93788e-06
2.79054e-06
3.79823e-06
4.96094e-06
6.27867e-06
7.75141e-06
9.37917e-06
1.11619e-05
1.30997e-05
1.51925e-05
1.74402e-05
1.9843e-05
2.24007e-05
2.51134e-05
2.79811e-05
3.10037e-05
3.41813e-05
3.75139e-05
4.10013e-05
4.46438e-05
4.84411e-05
5.23933e-05
5.65005e-05
6.07625e-05
6.51794e-05
6.97512e-05
7.44779e-05
7.93594e-05
8.43957e-05
8.95868e-05
9.49328e-05
0.000100434
0.000106089
0.000111899
0.000117864
0.000123984
0.000130259
0.000136688
0.000143272
0.000150011
0.000156904
0.000163952
0.000171154
0.000178512
0.000186023
0.00019369
0.000201511
0.000209486
0.000217616
0.0002259
0.000234339
0.000242933
0.00025168
0.000260582
0.000269639
0.00027885
0.000288215
0.000297735
0.000307409
0.000317237
0.000327219
0.000337356
0.000347647
0.000358092
0.000368691
0.000379444
0.000390352
0.000401413
0.000412629
0.000423998
0.000435522
0.000447199
0.000459031
0.000471016
0.000483155
0.000495448
0.000507895
0.000520495
0.00053325
0.000546158
0.000559219
0.000572435
0.000585804
0.000599326
0.000613002
0.000626832
0.000640815
0.000654952
0.000669242
0.000683685
0.000698282
0.000713032
0.000727935
0.000742992
0.000758201
0.000773564
0.00078908
0.000804749
0.000820572
0.000836547
0.000852675
0.000868956
0.00088539
0.000901977
0.000918716
0.000935609
0.000952654
0.000969851
0.000987202
0.0010047
0.00102236
0.00104017
0.00105813
0.00107624
0.00109451
0.00111292
0.00113149
0.00115022
0.00116909
0.00118812
0.0012073
0.00122663
0.00124611
0.00126574
0.00128553
0.00130547
0.00132556
0.0013458
0.0013662
0.00138674
0.00140744
0.00142829
0.00144929
0.00147044
0.00149174
0.00151319
0.0015348
0.00155656
0.00157846
0.00160052
0.00162273
0.0016451
0.00166761
0.00169027
0.00171308
0.00173605
0.00175916
0.00178243
0.00180585
0.00182942
0.00185313
0.001877
0.00190102
0.00192519
0.00194951
0.00197398
0.0019986
0.00202337
0.00204829
0.00207336
0.00209858
0.00212395
0.00214947
0.00217514
0.00220095
0.00222692
0.00225304
0.00227931
0.00230573
0.00233229
0.00235901
0.00238587
0.00241289
0.00244005
0.00246736
0.00249482
0.00252243
0.00255019
0.0025781
0.00260615
0.00263436
0.00266271
0.00269121
0.00271986
0.00274866
0.00277761
0.0028067
0.00283594
0.00286534
0.00289487
0.00292456
0.0029544
0.00298438
0.00301451
0.00304478
0.00307521
0.00310578
0.0031365
0.00316737
0.00319838
0.00322955
0.00326085
0.00329231
0.00332391
0.00335566
0.00338756
0.0034196
0.00345179
0.00348412
0.00351661
0.00354924
0.00358201
0.00361493
0.003648
0.00368121
0.00371457
0.00374808
0.00378173
0.00381552
0.00384947
0.00388355
0.00391779
0.00395216
0.00398669
0.00402136
0.00405617
0.00409113
0.00412623
0.00416148
0.00419688
0.00423242
0.0042681
0.00430393
0.0043399
0.00437601
0.00441227
0.00444868
0.00448523
0.00452192
0.00455876
0.00459574
0.00463286
0.00467013
0.00470754
0.00474509
0.00478279
0.00482063
0.00485862
0.00489674
0.00493501
0.00497343
0.00501198
0.00505068
0.00508952
0.0051285
0.00516763
0.0052069
0.00524631
0.00528586
0.00532555
0.00536539
0.00540537
0.00544549
0.00548575
0.00552615
0.0055667
0.00560738
0.00564821
0.00568918
0.00573028
0.00577153
0.00581293
0.00585446
0.00589613
0.00593794
0.00597989
0.00602199
0.00606422
0.00610659
0.0061491
0.00619176
0.00623455
0.00627748
0.00632055
0.00636377
0.00640712
0.00645061
0.00649424
0.006538
0.00658191
0.00662596
0.00667014
0.00671446
0.00675892
0.00680352
0.00684826
0.00689314
0.00693815
0.0069833
0.00702859
0.00707402
0.00711959
0.00716529
0.00721113
0.00725711
0.00730322
0.00734947
0.00739586
0.00744239
0.00748905
0.00753585
0.00758278
0.00762985
0.00767706
0.0077244
0.00777188
0.0078195
0.00786725
0.00791513
0.00796315
0.00801131
0.0080596
0.00810803
0.0081566
0.00820529
0.00825413
0.00830309
0.00835219
0.00840143
0.0084508
0.00850031
0.00854994
0.00859972
0.00864962
0.00869966
0.00874984
0.00880014
0.00885058
0.00890116
0.00895186
0.0090027
0.00905368
0.00910478
0.00915602
0.00920739
0.00925889
0.00931053
0.00936229
0.00941419
0.00946622
0.00951838
0.00957068
0.0096231
0.00967566
0.00972835
0.00978116
0.00983411
0.00988719
0.00994041
0.00999375
0.0100472
0.0101008
0.0101546
0.0102084
0.0102624
0.0103165
0.0103708
0.0104252
0.0104797
0.0105343
0.0105891
0.010644
0.010699
0.0107542
0.0108094
0.0108648
0.0109204
0.0109761
0.0110319
0.0110878
0.0111438
0.0112
0.0112563
0.0113127
0.0113693
0.011426
0.0114828
0.0115397
0.0115968
0.011654
0.0117113
0.0117688
0.0118263
0.011884
0.0119419
0.0119998
0.0120579
0.0121161
0.0121744
0.0122329
0.0122914
0.0123501
0.012409
0.0124679
0.012527
0.0125862
0.0126455
0.012705
0.0127645
0.0128242
0.012884
0.012944
0.013004
0.0130642
0.0131245
0.0131849
0.0132455
0.0133062
0.013367
0.0134279
0.0134889
0.0135501
0.0136114
0.0136728
0.0137343
0.013796
0.0138577
0.0139196
0.0139816
0.0140438
0.014106
0.0141684
0.0142309
0.0142935
0.0143562
0.0144191
0.014482
0.0145451
0.0146083
0.0146717
0.0147351
0.0147987
0.0148624
0.0149262
0.0149901
0.0150541
0.0151183
0.0151826
0.015247
0.0153115
0.0153761
0.0154408
0.0155057
0.0155707
0.0156358
0.015701
0.0157663
0.0158318
0.0158973
0.015963
0.0160288
0.0160947
0.0161607
0.0162268
0.0162931
0.0163595
0.0164259
0.0164925
0.0165592
0.0166261
0.016693
0.0167601
0.0168272
0.0168945
0.0169619
0.0170294
0.017097
0.0171648
0.0172326
0.0173006
0.0173686
0.0174368
0.0175051
0.0175735
0.017642
0.0177106
0.0177794
0.0178482
0.0179172
0.0179863
0.0180555
0.0181247
0.0181942
0.0182637
0.0183333
0.018403
0.0184729
0.0185428
0.0186129
0.0186831
0.0187533
0.0188237
0.0188942
0.0189648
0.0190355
0.0191064
0.0191773
0.0192483
0.0193195
0.0193907
0.0194621
0.0195336
0.0196051
0.0196768
0.0197486
0.0198205
0.0198925
0.0199646
0.0200368
0.0201091
0.0201815
0.0202541
0.0203267
0.0203994
0.0204723
0.0205452
0.0206183
0.0206914
0.0207647
0.0208381
0.0209115
0.0209851
0.0210588
0.0211325
0.0212064
0.0212804
0.0213545
0.0214287
0.021503
0.0215774
0.0216518
0.0217264
0.0218011
0.0218759
0.0219508
0.0220258
0.0221009
0.0221761
0.0222514
0.0223268
0.0224023
0.0224779
0.0225536
0.0226294
0.0227053
0.0227813
0.0228574
0.0229336
0.0230099
0.0230863
0.0231628
0.0232394
0.0233161
0.0233928
0.0234697
0.0235467
0.0236238
0.0237009
0.0237782
0.0238556
0.023933
0.0240106
0.0240882
0.024166
0.0242438
0.0243218
0.0243998
0.0244779
0.0245561
0.0246345
0.0247129
0.0247914
0.02487
0.0249487
0.0250275
0.0251063
0.0251853
0.0252644
0.0253435
0.0254228
0.0255021
0.0255816
0.0256611
0.0257407
0.0258204
0.0259002
0.0259801
0.0260601
0.0261402
0.0262203
0.0263006
0.0263809
0.0264614
0.0265419
0.0266225
0.0267032
0.026784
0.0268649
0.0269459
0.0270269
0.0271081
0.0271893
0.0272706
0.027352
0.0274335
0.0275151
0.0275968
0.0276785
0.0277604
0.0278423
0.0279243
0.0280065
0.0280886
0.0281709
0.0282533
0.0283357
0.0284183
0.0285009
0.0285836
0.0286664
0.0287492
0.0288322
0.0289152
0.0289984
0.0290816
0.0291649
0.0292482
0.0293317
0.0294152
0.0294989
0.0295826
0.0296663
0.0297502
0.0298342
0.0299182
0.0300023
0.0300865
0.0301708
0.0302551
0.0303396
0.0304241
0.0305087
0.0305933
0.0306781
0.0307629
0.0308478
0.0309328
0.0310179
0.031103
0.0311883
0.0312736
0.031359
0.0314444
0.03153
0.0316156
0.0317013
0.031787
0.0318729
0.0319588
0.0320448
0.0321309
0.032217
0.0323033
0.0323896
0.0324759
0.0325624
0.0326489
0.0327355
0.0328222
0.0329089
0.0329957
0.0330826
0.0331696
0.0332567
0.0333438
0.033431
0.0335182
0.0336055
0.033693
0.0337804
0.033868
0.0339556
0.0340433
0.0341311
0.0342189
0.0343068
0.0343948
0.0344828
0.0345709
0.0346591
0.0347474
0.0348357
0.0349241
0.0350125
0.0351011
0.0351897
0.0352783
0.0353671
0.0354559
0.0355447
0.0356337
0.0357227
0.0358117
0.0359009
0.0359901
0.0360794
0.0361687
0.0362581
0.0363476
0.0364371
0.0365267
0.0366163
0.0367061
0.0367959
0.0368857
0.0369756
0.0370656
0.0371557
0.0372458
0.037336
0.0374262
0.0375165
0.0376069
0.0376973
0.0377878
0.0378783
0.0379689
0.0380596
0.0381503
0.0382411
0.038332
0.0384229
0.0385139
0.0386049
0.038696
0.0387871
0.0388784
0.0389696
0.039061
0.0391523
0.0392438
0.0393353
0.0394269
0.0395185
0.0396102
0.0397019
0.0397937
0.0398855
0.0399775
0.0400694
0.0401614
0.0402535
0.0403456
0.0404378
0.0405301
0.0406224
0.0407147
0.0408071
0.0408996
0.0409921
0.0410847
0.0411773
0.04127
0.0413627
0.0414555
0.0415483
0.0416412
0.0417341
0.0418271
0.0419202
0.0420133
0.0421064
0.0421996
0.0422929
0.0423862
0.0424795
0.0425729
0.0426664
0.0427599
0.0428534
0.042947
0.0430407
0.0431344
0.0432281
0.0433219
0.0434157
0.0435096
0.0436036
0.0436976
0.0437916
0.0438857
0.0439798
0.044074
0.0441682
0.0442624
0.0443568
0.0444511
0.0445455
0.04464
0.0447344
0.044829
0.0449236
0.0450182
0.0451129
0.0452076
0.0453023
0.0453971
0.045492
0.0455869
0.0456818
0.0457767
0.0458718
0.0459668
0.0460619
0.046157
0.0462522
0.0463474
0.0464427
0.046538
0.0466333
0.0467287
0.0468241
0.0469196
0.0470151
0.0471106
0.0472062
0.0473018
0.0473975
0.0474932
0.0475889
0.0476847
0.0477805
0.0478763
0.0479722
0.0480681
0.048164
0.04826
0.0483561
0.0484521
0.0485482
0.0486443
0.0487405
0.0488367
0.0489329
0.0490292
0.0491255
0.0492218
0.0493182
0.0494146
0.0495111
0.0496075
0.049704
0.0498006
0.0498971
0.0499937
0.0500904
0.050187
0.0502837
0.0503804
0.0504772
0.050574
0.0506708
0.0507676
0.0508645
0.0509614
0.0510583
0.0511553
0.0512523
0.0513493
0.0514464
0.0515434
0.0516405
0.0517377
0.0518348
0.051932
0.0520292
0.0521265
0.0522237
0.052321
0.0524183
0.0525157
0.0526131
0.0527105
0.0528079
0.0529053
0.0530028
0.0531003
0.0531978
0.0532953
0.0533929
0.0534905
0.0535881
0.0536857
0.0537834
0.0538811
0.0539788
0.0540765
0.0541742
0.054272
0.0543698
0.0544676
0.0545654
0.0546633
0.0547611
0.054859
0.0549569
0.0550549
0.0551528
0.0552508
0.0553488
0.0554468
0.0555448
0.0556428
0.0557409
0.055839
0.055937
0.0560352
0.0561333
0.0562314
0.0563296
0.0564278
0.0565259
0.0566241
0.0567224
0.0568206
0.0569189
0.0570171
0.0571154
0.0572137
0.057312
0.0574103
0.0575087
0.057607
0.0577054
0.0578037
0.0579021
0.0580005
0.0580989
0.0581974
0.0582958
0.0583942
0.0584927
0.0585911
0.0586896
0.0587881
0.0588866
0.0589851
0.0590836
0.0591822
0.0592807
0.0593792
0.0594778
0.0595763
0.0596749
0.0597735
0.0598721
0.0599707
0.0600693
0.0601679
0.0602665
0.0603651
0.0604637
0.0605623
0.060661
0.0607596
0.0608583
0.0609569
0.0610556
0.0611542
0.0612529
0.0613515
0.0614502
0.0615489
0.0616476
0.0617463
0.0618449
0.0619436
0.0620423
0.062141
0.0622397
0.0623384
0.0624371
0.0625358
0.0626345
0.0627332
0.0628319
0.0629305
0.0630292
0.0631279
0.0632266
0.0633253
0.063424
0.0635227
0.0636214
0.0637201
0.0638188
0.0639175
0.0640161
0.0641148
0.0642135
0.0643122
0.0644108
0.0645095
0.0646081
0.0647068
0.0648054
0.0649041
0.0650027
0.0651014
0.0652
0.0652986
0.0653972
0.0654958
0.0655945
0.065693
0.0657916
0.0658902
0.0659888
0.0660874
0.0661859
0.0662845
0.066383
0.0664816
0.0665801
0.0666786
0.0667771
0.0668756
0.0669741
0.0670726
0.067171
0.0672695
0.0673679
0.0674664
0.0675648
0.0676632
0.0677616
0.06786
0.0679583
0.0680567
0.0681551
0.0682534
0.0683517
0.06845
0.0685483
0.0686466
0.0687449
0.0688431
0.0689413
0.0690396
0.0691378
0.069236
0.0693341
0.0694323
0.0695304
0.0696286
0.0697267
0.0698248
0.0699228
0.0700209
0.0701189
0.0702169
0.0703149
0.0704129
0.0705109
0.0706088
0.0707068
0.0708047
0.0709026
0.0710004
0.0710983
0.0711961
0.0712939
0.0713917
0.0714895
0.0715872
0.0716849
0.0717826
0.0718803
0.071978
0.0720756
0.0721732
0.0722708
0.0723684
0.0724659
0.0725634
0.0726609
0.0727584
0.0728558
0.0729533
0.0730506
0.073148
0.0732454
0.0733427
0.07344
0.0735372
0.0736345
0.0737317
0.0738289
0.073926
0.0740232
0.0741203
0.0742173
0.0743144
0.0744114
0.0745084
0.0746054
0.0747023
0.0747992
0.0748961
0.0749929
0.0750897
0.0751865
0.0752833
0.07538
0.0754767
0.0755734
0.07567
0.0757666
0.0758631
0.0759597
0.0760562
0.0761527
0.0762491
0.0763455
0.0764419
0.0765382
0.0766345
0.0767308
0.076827
0.0769232
0.0770194
0.0771155
0.0772116
0.0773076
0.0774037
0.0774997
0.0775956
0.0776915
0.0777874
0.0778832
0.077979
0.0780748
0.0781705
0.0782662
0.0783619
0.0784575
0.0785531
0.0786486
0.0787441
0.0788396
0.078935
0.0790304
0.0791257
0.079221
0.0793163
0.0794115
0.0795067
0.0796018
0.0796969
0.0797919
0.079887
0.0799819
0.0800769
0.0801717
0.0802666
0.0803614
0.0804561
0.0805508
0.0806455
0.0807401
0.0808347
0.0809293
0.0810237
0.0811182
0.0812126
0.081307
0.0814013
0.0814955
0.0815897
0.0816839
0.081778
0.0818721
0.0819662
0.0820601
0.0821541
0.082248
0.0823418
0.0824356
0.0825293
0.082623
0.0827167
0.0828103
0.0829038
0.0829973
0.0830908
0.0831842
0.0832775
0.0833708
0.0834641
0.0835573
0.0836504
0.0837435
0.0838366
0.0839296
0.0840225
0.0841154
0.0842082
0.084301
0.0843937
0.0844864
0.084579
0.0846716
0.0847641
0.0848566
0.084949
0.0850413
0.0851336
0.0852259
0.0853181
0.0854102
0.0855023
0.0855943
0.0856862
0.0857782
0.08587
0.0859618
0.0860535
0.0861452
0.0862368
0.0863284
0.0864199
0.0865114
0.0866027
0.0866941
0.0867853
0.0868766
0.0869677
0.0870588
0.0871498
0.0872408
0.0873317
0.0874226
0.0875134
0.0876041
0.0876948
0.0877854
0.0878759
0.0879664
0.0880568
0.0881472
0.0882375
0.0883277
0.0884179
0.088508
0.0885981
0.0886881
0.088778
0.0888678
0.0889576
0.0890474
0.089137
0.0892266
0.0893162
0.0894056
0.089495
0.0895844
0.0896736
0.0897628
0.089852
0.089941
0.09003
0.090119
0.0902078
0.0902966
0.0903854
0.090474
0.0905626
0.0906512
0.0907396
0.090828
0.0909163
0.0910046
0.0910928
0.0911809
0.0912689
0.0913569
0.0914448
0.0915327
0.0916204
0.0917081
0.0917957
0.0918833
0.0919708
0.0920582
0.0921455
0.0922328
0.0923199
0.0924071
0.0924941
0.0925811
0.092668
0.0927548
0.0928415
0.0929282
0.0930148
0.0931013
0.0931878
0.0932742
0.0933605
0.0934467
0.0935328
0.0936189
0.0937049
0.0937908
0.0938767
0.0939624
0.0940481
0.0941337
0.0942193
0.0943047
0.0943901
0.0944754
0.0945607
0.0946458
0.0947309
0.0948159
0.0949008
0.0949856
0.0950704
0.095155
0.0952396
0.0953242
0.0954086
0.0954929
0.0955772
0.0956614
0.0957455
0.0958295
0.0959135
0.0959974
0.0960812
0.0961649
0.0962485
0.096332
0.0964155
0.0964988
0.0965821
0.0966653
0.0967485
0.0968315
0.0969145
0.0969973
0.0970801
0.0971628
0.0972454
0.097328
0.0974104
0.0974928
0.0975751
0.0976573
0.0977394
0.0978214
0.0979033
0.0979852
0.0980669
0.0981486
0.0982302
0.0983117
0.0983931
0.0984744
0.0985556
0.0986368
0.0987179
0.0987988
0.0988797
0.0989605
0.0990412
0.0991218
0.0992023
0.0992828
0.0993631
0.0994434
0.0995235
0.0996036
0.0996836
0.0997635
0.0998433
0.099923
0.100003
0.100082
0.100162
0.100241
0.10032
0.100399
0.100478
0.100557
0.100636
0.100715
0.100794
0.100872
0.100951
0.101029
0.101108
0.101186
0.101264
0.101342
0.10142
0.101498
0.101575
0.101653
0.101731
0.101808
0.101885
0.101963
0.10204
0.102117
0.102194
0.102271
0.102348
0.102424
0.102501
0.102577
0.102654
0.10273
0.102806
0.102882
0.102958
0.103034
0.10311
0.103186
0.103261
0.103337
0.103412
0.103488
0.103563
0.103638
0.103713
0.103788
0.103863
0.103937
0.104012
0.104086
0.104161
0.104235
0.104309
0.104383
0.104457
0.104531
0.104605
0.104679
0.104752
0.104826
0.104899
0.104972
0.105045
0.105118
0.105191
0.105264
0.105337
0.10541
0.105482
0.105555
0.105627
0.105699
0.105771
0.105843
0.105915
0.105987
0.106059
0.10613
0.106202
0.106273
0.106344
0.106415
0.106486
0.106557
0.106628
0.106699
0.106769
0.10684
0.10691
0.106981
0.107051
0.107121
0.107191
0.107261
0.10733
0.1074
0.10747
0.107539
0.107608
0.107677
0.107747
0.107815
0.107884
0.107953
0.108022
0.10809
0.108159
0.108227
0.108295
0.108363
0.108431
0.108499
0.108567
0.108634
0.108702
0.108769
0.108836
0.108904
0.108971
0.109038
0.109104
0.109171
0.109238
0.109304
0.109371
0.109437
0.109503
0.109569
0.109635
0.109701
0.109766
0.109832
0.109897
0.109963
0.110028
0.110093
0.110158
0.110223
0.110288
0.110352
0.110417
0.110481
0.110545
0.11061
0.110674
0.110738
0.110801
0.110865
0.110929
0.110992
0.111055
0.111119
0.111182
0.111245
0.111307
0.11137
0.111433
0.111495
0.111558
0.11162
0.111682
0.111744
0.111806
0.111868
0.111929
0.111991
0.112052
0.112114
0.112175
0.112236
0.112297
0.112358
0.112418
0.112479
0.112539
0.112599
0.11266
0.11272
0.11278
0.112839
0.112899
0.112959
0.113018
0.113078
0.113137
0.113196
0.113255
0.113314
0.113372
0.113431
0.113489
0.113548
0.113606
0.113664
0.113722
0.11378
0.113837
0.113895
0.113952
0.11401
0.114067
0.114124
0.114181
0.114238
0.114294
0.114351
0.114407
0.114464
0.11452
0.114576
0.114632
0.114688
0.114743
0.114799
0.114854
0.11491
0.114965
0.11502
0.115075
0.115129
0.115184
0.115239
0.115293
0.115347
0.115401
0.115455
0.115509
0.115563
0.115616
0.11567
0.115723
0.115777
0.11583
0.115883
0.115935
0.115988
0.116041
0.116093
0.116145
0.116197
0.11625
0.116301
0.116353
0.116405
0.116456
0.116508
0.116559
0.11661
0.116661
0.116712
0.116763
0.116813
0.116864
0.116914
0.116964
0.117014
0.117064
0.117114
0.117163
0.117213
0.117262
0.117312
0.117361
0.11741
0.117458
0.117507
0.117556
0.117604
0.117652
0.117701
0.117749
0.117796
0.117844
0.117892
0.117939
0.117987
0.118034
0.118081
0.118128
0.118175
0.118221
0.118268
0.118314
0.11836
0.118407
0.118453
0.118498
0.118544
0.11859
0.118635
0.11868
0.118726
0.118771
0.118815
0.11886
0.118905
0.118949
0.118994
0.119038
0.119082
0.119126
0.119169
0.119213
0.119257
0.1193
0.119343
0.119386
0.119429
0.119472
0.119515
0.119557
0.119599
0.119642
0.119684
0.119726
0.119768
0.119809
0.119851
0.119892
0.119933
0.119975
0.120015
0.120056
0.120097
0.120138
0.120178
0.120218
0.120258
0.120298
0.120338
0.120378
0.120417
0.120457
0.120496
0.120535
0.120574
0.120613
0.120652
0.12069
0.120729
0.120767
0.120805
0.120843
0.120881
0.120919
0.120956
0.120994
0.121031
0.121068
0.121105
0.121142
0.121178
0.121215
0.121251
0.121288
0.121324
0.12136
0.121396
0.121431
0.121467
0.121502
0.121537
0.121573
0.121608
0.121642
0.121677
0.121712
0.121746
0.12178
0.121814
0.121848
0.121882
0.121916
0.121949
0.121982
0.122016
0.122049
0.122082
0.122114
0.122147
0.12218
0.122212
0.122244
0.122276
0.122308
0.12234
0.122371
0.122403
0.122434
0.122465
0.122496
0.122527
0.122558
0.122588
0.122619
0.122649
0.122679
0.122709
0.122739
0.122769
0.122798
0.122828
0.122857
0.122886
0.122915
0.122944
0.122972
0.123001
0.123029
0.123058
0.123086
0.123114
0.123141
0.123169
0.123196
0.123224
0.123251
0.123278
0.123305
0.123331
0.123358
0.123384
0.123411
0.123437
0.123463
0.123489
0.123514
0.12354
0.123565
0.12359
0.123615
0.12364
0.123665
0.12369
0.123714
0.123739
0.123763
0.123787
0.123811
0.123834
0.123858
0.123881
0.123905
0.123928
0.123951
0.123973
0.123996
0.124019
0.124041
0.124063
0.124085
0.124107
0.124129
0.124151
0.124172
0.124193
0.124214
0.124235
0.124256
0.124277
0.124298
0.124318
0.124338
0.124358
0.124378
0.124398
0.124418
0.124437
0.124456
0.124476
0.124495
0.124513
0.124532
0.124551
0.124569
0.124587
0.124606
0.124624
0.124641
0.124659
0.124677
0.124694
0.124711
0.124728
0.124745
0.124762
0.124778
0.124795
0.124811
0.124827
0.124843
0.124859
0.124875
0.12489
0.124906
0.124921
0.124936
0.124951
0.124965
0.12498
0.124994
0.125009
0.125023
0.125037
0.125051
0.125064
0.125078
0.125091
0.125104
0.125118
0.12513
0.125143
0.125156
0.125168
0.125181
0.125193
0.125205
0.125217
0.125228
0.12524
0.125251
0.125262
0.125273
0.125284
0.125295
0.125306
0.125316
0.125326
0.125336
0.125346
0.125356
0.125366
0.125375
0.125385
0.125394
0.125403
0.125412
0.125421
0.125429
0.125438
0.125446
0.125454
0.125462
0.12547
0.125478
0.125485
0.125493
0.1255
0.125507
0.125514
0.12552
0.125527
0.125533
0.12554
0.125546
0.125552
0.125558
0.125563
0.125569
0.125574
0.125579
0.125584
0.125589
0.125594
0.125599
0.125603
0.125607
0.125611
0.125615
0.125619
0.125623
0.125626
0.12563
0.125633
0.125636
0.125639
0.125641
0.125644
0.125646
0.125649
0.125651
0.125653
0.125654
0.125656
0.125657
0.125659
0.12566
0.125661
0.125662
0.125662
0.125663
0.125663
0.125664
0.125664
0.125664
0.125663
0.125663
0.125662
0.125662
0.125661
0.12566
0.125659
0.125657
0.125656
0.125654
0.125653
0.125651
0.125649
0.125646
0.125644
0.125641
0.125639
0.125636
0.125633
0.12563
0.125626
0.125623
0.125619
0.125615
0.125611
0.125607
0.125603
0.125599
0.125594
0.125589
0.125584
0.125579
0.125574
0.125569
0.125563
0.125558
0.125552
0.125546
0.12554
0.125533
0.125527
0.12552
0.125514
0.125507
0.1255
0.125493
0.125485
0.125478
0.12547
0.125462
0.125454
0.125446
0.125438
0.125429
0.125421
0.125412
0.125403
0.125394
0.125385
0.125375
0.125366
0.125356
0.125346
0.125336
0.125326
0.125316
0.125306
0.125295
0.125284
0.125273
0.125262
0.125251
0.12524
0.125228
0.125217
0.125205
0.125193
0.125181
0.125168
0.125156
0.125143
0.12513
0.125118
0.125104
0.125091
0.125078
0.125064
0.125051
0.125037
0.125023
0.125009
0.124994
0.12498
0.124965
0.124951
0.124936
0.124921
0.124906
0.12489
0.124875
0.124859
0.124843
0.124827
0.124811
0.124795
0.124778
0.124762
0.124745
0.124728
0.124711
0.124694
0.124677
0.124659
0.124641
0.124624
0.124606
0.124587
0.124569
0.124551
0.124532
0.124513
0.124495
0.124476
0.124456
0.124437
0.124418
0.124398
0.124378
0.124358
0.124338
0.124318
0.124298
0.124277
0.124256
0.124235
0.124214
0.124193
0.124172
0.124151
0.124129
0.124107
0.124085
0.124063
0.124041
0.124019
0.123996
0.123973
0.123951
0.123928
0.123905
0.123881
0.123858
0.123834
0.123811
0.123787
0.123763
0.123739
0.123714
0.12369
0.123665
0.12364
0.123615
0.12359
0.123565
0.12354
0.123514
0.123489
0.123463
0.123437
0.123411
0.123384
0.123358
0.123331
0.123305
0.123278
0.123251
0.123224
0.123196
0.123169
0.123141
0.123114
0.123086
0.123058
0.123029
0.123001
0.122972
0.122944
0.122915
0.122886
0.122857
0.122828
0.122798
0.122769
0.122739
0.122709
0.122679
0.122649
0.122619
0.122588
0.122558
0.122527
0.122496
0.122465
0.122434
0.122403
0.122371
0.12234
0.122308
0.122276
0.122244
0.122212
0.12218
0.122147
0.122114
0.122082
0.122049
0.122016
0.121982
0.121949
0.121916
0.121882
0.121848
0.121814
0.12178
0.121746
0.121712
0.121677
0.121642
0.121608
0.121573
0.121537
0.121502
0.121467
0.121431
0.121396
0.12136
0.121324
0.121288
0.121251
0.121215
0.121178
0.121142
0.121105
0.121068
0.121031
0.120994
0.120956
0.120919
0.120881
0.120843
0.120805
0.120767
0.120729
0.12069
0.120652
0.120613
0.120574
0.120535
0.120496
0.120457
0.120417
0.120378
0.120338
0.120298
0.120258
0.120218
0.120178
0.120138
0.120097
0.120056
0.120015
0.119975
0.119933
0.119892
0.119851
0.119809
0.119768
0.119726
0.119684
0.119642
0.119599
0.119557
0.119515
0.119472
0.119429
0.119386
0.119343
0.1193
0.119257
0.119213
0.119169
0.119126
0.119082
0.119038
0.118994
0.118949
0.118905
0.11886
0.118815
0.118771
0.118726
0.11868
0.118635
0.11859
0.118544
0.118498
0.118453
0.118407
0.11836
0.118314
0.118268
0.118221
0.118175
0.118128
0.118081
0.118034
0.117987
0.117939
0.117892
0.117844
0.117796
0.117749
0.117701
0.117652
0.117604
0.117556
0.117507
0.117458
0.11741
0.117361
0.117312
0.117262
0.117213
0.117163
0.117114
0.117064
0.117014
0.116964
0.116914
0.116864
0.116813
0.116763
0.116712
0.116661
0.11661
0.116559
0.116508
0.116456
0.116405
0.116353
0.116301
0.11625
0.116197
0.116145
0.116093
0.116041
0.115988
0.115935
0.115883
0.11583
0.115777
0.115723
0.11567
0.115616
0.115563
0.115509
0.115455
0.115401
0.115347
0.115293
0.115239
0.115184
0.115129
0.115075
0.11502
0.114965
0.11491
0.114854
0.114799
0.114743
0.114688
0.114632
0.114576
0.11452
0.114464
0.114407
0.114351
0.114294
0.114238
0.114181
0.114124
0.114067
0.11401
0.113952
0.113895
0.113837
0.11378
0.113722
0.113664
0.113606
0.113548
0.113489
0.113431
0.113372
0.113314
0.113255
0.113196
0.113137
0.113078
0.113018
0.112959
0.112899
0.112839
0.11278
0.11272
0.11266
0.112599
0.112539
0.112479
0.112418
0.112358
0.112297
0.112236
0.112175
0.112114
0.112052
0.111991
0.111929
0.111868
0.111806
0.111744
0.111682
0.11162
0.111558
0.111495
0.111433
0.11137
0.111307
0.111245
0.111182
0.111119
0.111055
0.110992
0.110929
0.110865
0.110801
0.110738
0.110674
0.11061
0.110545
0.110481
0.110417
0.110352
0.110288
0.110223
0.110158
0.110093
0.110028
0.109963
0.109897
0.109832
0.109766
0.109701
0.109635
0.109569
0.109503
0.109437
0.109371
0.109304
0.109238
0.109171
0.109104
0.109038
0.108971
0.108904
0.108836
0.108769
0.108702
0.108634
0.108567
0.108499
0.108431
0.108363
0.108295
0.108227
0.108159
0.10809
0.108022
0.107953
0.107884
0.107815
0.107747
0.107677
0.107608
0.107539
0.10747
0.1074
0.10733
0.107261
0.107191
0.107121
0.107051
0.106981
0.10691
0.10684
0.106769
0.106699
0.106628
0.106557
0.106486
0.106415
0.106344
0.106273
0.106202
0.10613
0.106059
0.105987
0.105915
0.105843
0.105771
0.105699
0.105627
0.105555
0.105482
0.10541
0.105337
0.105264
0.105191
0.105118
0.105045
0.104972
0.104899
0.104826
0.104752
0.104679
0.104605
0.104531
0.104457
0.104383
0.104309
0.104235
0.104161
0.104086
0.104012
0.103937
0.103863
0.103788
0.103713
0.103638
0.103563
0.103488
0.103412
0.103337
0.103261
0.103186
0.10311
0.103034
0.102958
0.102882
0.102806
0.10273
0.102654
0.102577
0.102501
0.102424
0.102348
0.102271
0.102194
0.102117
0.10204
0.101963
0.101885
0.101808
0.101731
0.101653
0.101575
0.101498
0.10142
0.101342
0.101264
0.101186
0.101108
0.101029
0.100951
0.100872
0.100794
0.100715
0.100636
0.100557
0.100478
0.100399
0.10032
0.100241
0.100162
0.100082
0.100003
0.099923
0.0998433
0.0997635
0.0996836
0.0996036
0.0995235
0.0994434
0.0993631
0.0992828
0.0992023
0.0991218
0.0990412
0.0989605
0.0988797
0.0987988
0.0987179
0.0986368
0.0985556
0.0984744
0.0983931
0.0983117
0.0982302
0.0981486
0.0980669
0.0979852
0.0979033
0.0978214
0.0977394
0.0976573
0.0975751
0.0974928
0.0974104
0.097328
0.0972454
0.0971628
0.0970801
0.0969973
0.0969145
0.0968315
0.0967485
0.0966653
0.0965821
0.0964988
0.0964155
0.096332
0.0962485
0.0961649
0.0960812
0.0959974
0.0959135
0.0958295
0.0957455
0.0956614
0.0955772
0.0954929
0.0954086
0.0953242
0.0952396
0.095155
0.0950704
0.0949856
0.0949008
0.0948159
0.0947309
0.0946458
0.0945607
0.0944754
0.0943901
0.0943047
0.0942193
0.0941337
0.0940481
0.0939624
0.0938767
0.0937908
0.0937049
0.0936189
0.0935328
0.0934467
0.0933605
0.0932742
0.0931878
0.0931013
0.0930148
0.0929282
0.0928415
0.0927548
0.092668
0.0925811
0.0924941
0.0924071
0.0923199
0.0922328
0.0921455
0.0920582
0.0919708
0.0918833
0.0917957
0.0917081
0.0916204
0.0915327
0.0914448
0.0913569
0.0912689
0.0911809
0.0910928
0.0910046
0.0909163
0.090828
0.0907396
0.0906512
0.0905626
0.090474
0.0903854
0.0902966
0.0902078
0.090119
0.09003
0.089941
0.089852
0.0897628
0.0896736
0.0895844
0.089495
0.0894056
0.0893162
0.0892266
0.089137
0.0890474
0.0889576
0.0888678
0.088778
0.0886881
0.0885981
0.088508
0.0884179
0.0883277
0.0882375
0.0881472
0.0880568
0.0879664
0.0878759
0.0877854
0.0876948
0.0876041
0.0875134
0.0874226
0.0873317
0.0872408
0.0871498
0.0870588
0.0869677
0.0868766
0.0867853
0.0866941
0.0866027
0.0865114
0.0864199
0.0863284
0.0862368
0.0861452
0.0860535
0.0859618
0.08587
0.0857782
0.0856862
0.0855943
0.0855023
0.0854102
0.0853181
0.0852259
0.0851336
0.0850413
0.084949
0.0848566
0.0847641
0.0846716
0.084579
0.0844864
0.0843937
0.084301
0.0842082
0.0841154
0.0840225
0.0839296
0.0838366
0.0837435
0.0836504
0.0835573
0.0834641
0.0833708
0.0832775
0.0831842
0.0830908
0.0829973
0.0829038
0.0828103
0.0827167
0.082623
0.0825293
0.0824356
0.0823418
0.082248
0.0821541
0.0820601
0.0819662
0.0818721
0.081778
0.0816839
0.0815897
0.0814955
0.0814013
0.081307
0.0812126
0.0811182
0.0810237
0.0809293
0.0808347
0.0807401
0.0806455
0.0805508
0.0804561
0.0803614
0.0802666
0.0801717
0.0800769
0.0799819
0.079887
0.0797919
0.0796969
0.0796018
0.0795067
0.0794115
0.0793163
0.079221
0.0791257
0.0790304
0.078935
0.0788396
0.0787441
0.0786486
0.0785531
0.0784575
0.0783619
0.0782662
0.0781705
0.0780748
0.077979
0.0778832
0.0777874
0.0776915
0.0775956
0.0774997
0.0774037
0.0773076
0.0772116
0.0771155
0.0770194
0.0769232
0.076827
0.0767308
0.0766345
0.0765382
0.0764419
0.0763455
0.0762491
0.0761527
0.0760562
0.0759597
0.0758631
0.0757666
0.07567
0.0755734
0.0754767
0.07538
0.0752833
0.0751865
0.0750897
0.0749929
0.0748961
0.0747992
0.0747023
0.0746054
0.0745084
0.0744114
0.0743144
0.0742173
0.0741203
0.0740232
0.073926
0.0738289
0.0737317
0.0736345
0.0735372
0.07344
0.0733427
0.0732454
0.073148
0.0730506
0.0729533
0.0728558
0.0727584
0.0726609
0.0725634
0.0724659
0.0723684
0.0722708
0.0721732
0.0720756
0.071978
0.0718803
0.0717826
0.0716849
0.0715872
0.0714895
0.0713917
0.0712939
0.0711961
0.0710983
0.0710004
0.0709026
0.0708047
0.0707068
0.0706088
0.0705109
0.0704129
0.0703149
0.0702169
0.0701189
0.0700209
0.0699228
0.0698248
0.0697267
0.0696286
0.0695304
0.0694323
0.0693341
0.069236
0.0691378
0.0690396
0.0689413
0.0688431
0.0687449
0.0686466
0.0685483
0.06845
0.0683517
0.0682534
0.0681551
0.0680567
0.0679583
0.06786
0.0677616
0.0676632
0.0675648
0.0674664
0.0673679
0.0672695
0.067171
0.0670726
0.0669741
0.0668756
0.0667771
0.0666786
0.0665801
0.0664816
0.066383
0.0662845
0.0661859
0.0660874
0.0659888
0.0658902
0.0657916
0.065693
0.0655945
0.0654958
0.0653972
0.0652986
0.0652
0.0651014
0.0650027
0.0649041
0.0648054
0.0647068
0.0646081
0.0645095
0.0644108
0.0643122
0.0642135
0.0641148
0.0640161
0.0639175
0.0638188
0.0637201
0.0636214
0.0635227
0.063424
0.0633253
0.0632266
0.0631279
0.0630292
0.0629305
0.0628319
0.0627332
0.0626345
0.0625358
0.0624371
0.0623384
0.0622397
0.062141
0.0620423
0.0619436
0.0618449
0.0617463
0.0616476
0.0615489
0.0614502
0.0613515
0.0612529
0.0611542
0.0610556
0.0609569
0.0608583
0.0607596
0.060661
0.0605623
0.0604637
0.0603651
0.0602665
0.0601679
0.0600693
0.0599707
0.0598721
0.0597735
0.0596749
0.0595763
0.0594778
0.0593792
0.0592807
0.0591822
0.0590836
0.0589851
0.0588866
0.0587881
0.0586896
0.0585911
0.0584927
0.0583942
0.0582958
0.0581974
0.0580989
0.0580005
0.0579021
0.0578037
0.0577054
0.057607
0.0575087
0.0574103
0.057312
0.0572137
0.0571154
0.0570171
0.0569189
0.0568206
0.0567224
0.0566241
0.0565259
0.0564278
0.0563296
0.0562314
0.0561333
0.0560352
0.055937
0.055839
0.0557409
0.0556428
0.0555448
0.0554468
0.0553488
0.0552508
0.0551528
0.0550549
0.0549569
0.054859
0.0547611
0.0546633
0.0545654
0.0544676
0.0543698
0.054272
0.0541742
0.0540765
0.0539788
0.0538811
0.0537834
0.0536857
0.0535881
0.0534905
0.0533929
0.0532953
0.0531978
0.0531003
0.0530028
0.0529053
0.0528079
0.0527105
0.0526131
0.0525157
0.0524183
0.052321
0.0522237
0.0521265
0.0520292
0.051932
0.0518348
0.0517377
0.0516405
0.0515434
0.0514464
0.0513493
0.0512523
0.0511553
0.0510583
0.0509614
0.0508645
0.0507676
0.0506708
0.050574
0.0504772
0.0503804
0.0502837
0.050187
0.0500904
0.0499937
0.0498971
0.0498006
0.049704
0.0496075
0.0495111
0.0494146
0.0493182
0.0492218
0.0491255
0.0490292
0.0489329
0.0488367
0.0487405
0.0486443
0.0485482
0.0484521
0.0483561
0.04826
0.048164
0.0480681
0.0479722
0.0478763
0.0477805
0.0476847
0.0475889
0.0474932
0.0473975
0.0473018
0.0472062
0.0471106
0.0470151
0.0469196
0.0468241
0.0467287
0.0466333
0.046538
0.0464427
0.0463474
0.0462522
0.046157
0.0460619
0.0459668
0.0458718
0.0457767
0.0456818
0.0455869
0.045492
0.0453971
0.0453023
0.0452076
0.0451129
0.0450182
0.0449236
0.044829
0.0447344
0.04464
0.0445455
0.0444511
0.0443568
0.0442624
0.0441682
0.044074
0.0439798
0.0438857
0.0437916
0.0436976
0.0436036
0.0435096
0.0434157
0.0433219
0.0432281
0.0431344
0.0430407
0.042947
0.0428534
0.0427599
0.0426664
0.0425729
0.0424795
0.0423862
0.0422929
0.0421996
0.0421064
0.0420133
0.0419202
0.0418271
0.0417341
0.0416412
0.0415483
0.0414555
0.0413627
0.04127
0.0411773
0.0410847
0.0409921
0.0408996
0.0408071
0.0407147
0.0406224
0.0405301
0.0404378
0.0403456
0.0402535
0.0401614
0.0400694
0.0399775
0.0398855
0.0397937
0.0397019
0.0396102
0.0395185
0.0394269
0.0393353
0.0392438
0.0391523
0.039061
0.0389696
0.0388784
0.0387871
0.038696
0.0386049
0.0385139
0.0384229
0.038332
0.0382411
0.0381503
0.0380596
0.0379689
0.0378783
0.0377878
0.0376973
0.0376069
0.0375165
0.0374262
0.037336
0.0372458
0.0371557
0.0370656
0.0369756
0.0368857
0.0367959
0.0367061
0.0366163
0.0365267
0.0364371
0.0363476
0.0362581
0.0361687
0.0360794
0.0359901
0.0359009
0.0358117
0.0357227
0.0356337
0.0355447
0.0354559
0.0353671
0.0352783
0.0351897
0.0351011
0.0350125
0.0349241
0.0348357
0.0347474
0.0346591
0.0345709
0.0344828
0.0343948
0.0343068
0.0342189
0.0341311
0.0340433
0.0339556
0.033868
0.0337804
0.033693
0.0336055
0.0335182
0.033431
0.0333438
0.0332567
0.0331696
0.0330826
0.0329957
0.0329089
0.0328222
0.0327355
0.0326489
0.0325624
0.0324759
0.0323896
0.0323033
0.032217
0.0321309
0.0320448
0.0319588
0.0318729
0.031787
0.0317013
0.0316156
0.03153
0.0314444
0.031359
0.0312736
0.0311883
0.031103
0.0310179
0.0309328
0.0308478
0.0307629
0.0306781
0.0305933
0.0305087
0.0304241
0.0303396
0.0302551
0.0301708
0.0300865
0.0300023
0.0299182
0.0298342
0.0297502
0.0296663
0.0295826
0.0294989
0.0294152
0.0293317
0.0292482
0.0291649
0.0290816
0.0289984
0.0289152
0.0288322
0.0287492
0.0286664
0.0285836
0.0285009
0.0284183
0.0283357
0.0282533
0.0281709
0.0280886
0.0280065
0.0279243
0.0278423
0.0277604
0.0276785
0.0275968
0.0275151
0.0274335
0.027352
0.0272706
0.0271893
0.0271081
0.0270269
0.0269459
0.0268649
0.026784
0.0267032
0.0266225
0.0265419
0.0264614
0.0263809
0.0263006
0.0262203
0.0261402
0.0260601
0.0259801
0.0259002
0.0258204
0.0257407
0.0256611
0.0255816
0.0255021
0.0254228
0.0253435
0.0252644
0.0251853
0.0251063
0.0250275
0.0249487
0.02487
0.0247914
0.0247129
0.0246345
0.0245561
0.0244779
0.0243998
0.0243218
0.0242438
0.024166
0.0240882
0.0240106
0.023933
0.0238556
0.0237782
0.0237009
0.0236238
0.0235467
0.0234697
0.0233928
0.0233161
0.0232394
0.0231628
0.0230863
0.0230099
0.0229336
0.0228574
0.0227813
0.0227053
0.0226294
0.0225536
0.0224779
0.0224023
0.0223268
0.0222514
0.0221761
0.0221009
0.0220258
0.0219508
0.0218759
0.0218011
0.0217264
0.0216518
0.0215774
0.021503
0.0214287
0.0213545
0.0212804
0.0212064
0.0211325
0.0210588
0.0209851
0.0209115
0.0208381
0.0207647
0.0206914
0.0206183
0.0205452
0.0204723
0.0203994
0.0203267
0.0202541
0.0201815
0.0201091
0.0200368
0.0199646
0.0198925
0.0198205
0.0197486
0.0196768
0.0196051
0.0195336
0.0194621
0.0193907
0.0193195
0.0192483
0.0191773
0.0191064
0.0190355
0.0189648
0.0188942
0.0188237
0.0187533
0.0186831
0.0186129
0.0185428
0.0184729
0.018403
0.0183333
0.0182637
0.0181942
0.0181247
0.0180555
0.0179863
0.0179172
0.0178482
0.0177794
0.0177106
0.017642
0.0175735
0.0175051
0.0174368
0.0173686
0.0173006
0.0172326
0.0171648
0.017097
0.0170294
0.0169619
0.0168945
0.0168272
0.0167601
0.016693
0.0166261
0.0165592
0.0164925
0.0164259
0.0163595
0.0162931
0.0162268
0.0161607
0.0160947
0.0160288
0.015963
0.0158973
0.0158318
0.0157663
0.015701
0.0156358
0.0155707
0.0155057
0.0154408
0.0153761
0.0153115
0.015247
0.0151826
0.0151183
0.0150541
0.0149901
0.0149262
0.0148624
0.0147987
0.0147351
0.0146717
0.0146083
0.0145451
0.014482
0.0144191
0.0143562
0.0142935
0.0142309
0.0141684
0.014106
0.0140438
0.0139816
0.0139196
0.0138577
0.013796
0.0137343
0.0136728
0.0136114
0.0135501
0.0134889
0.0134279
0.013367
0.0133062
0.0132455
0.0131849
0.0131245
0.0130642
0.013004
0.012944
0.012884
0.0128242
0.0127645
0.012705
0.0126455
0.0125862
0.012527
0.0124679
0.012409
0.0123501
0.0122914
0.0122329
0.0121744
0.0121161
0.0120579
0.0119998
0.0119419
0.011884
0.0118263
0.0117688
0.0117113
0.011654
0.0115968
0.0115397
0.0114828
0.011426
0.0113693
0.0113127
0.0112563
0.0112
0.0111438
0.0110878
0.0110319
0.0109761
0.0109204
0.0108648
0.0108094
0.0107542
0.010699
0.010644
0.0105891
0.0105343
0.0104797
0.0104252
0.0103708
0.0103165
0.0102624
0.0102084
0.0101546
0.0101008
0.0100472
0.00999375
0.00994041
0.00988719
0.00983411
0.00978116
0.00972835
0.00967566
0.0096231
0.00957068
0.00951838
0.00946622
0.00941419
0.00936229
0.00931053
0.00925889
0.00920739
0.00915602
0.00910478
0.00905368
0.0090027
0.00895186
0.00890116
0.00885058
0.00880014
0.00874984
0.00869966
0.00864962
0.00859972
0.00854994
0.00850031
0.0084508
0.00840143
0.00835219
0.00830309
0.00825413
0.00820529
0.0081566
0.00810803
0.0080596
0.00801131
0.00796315
0.00791513
0.00786725
0.0078195
0.00777188
0.0077244
0.00767706
0.00762985
0.00758278
0.00753585
0.00748905
0.00744239
0.00739586
0.00734947
0.00730322
0.00725711
0.00721113
0.00716529
0.00711959
0.00707402
0.00702859
0.0069833
0.00693815
0.00689314
0.00684826
0.00680352
0.00675892
0.00671446
0.00667014
0.00662596
0.00658191
0.006538
0.00649424
0.00645061
0.00640712
0.00636377
0.00632055
0.00627748
0.00623455
0.00619176
0.0061491
0.00610659
0.00606422
0.00602199
0.00597989
0.00593794
0.00589613
0.00585446
0.00581293
0.00577153
0.00573028
0.00568918
0.00564821
0.00560738
0.0055667
0.00552615
0.00548575
0.00544549
0.00540537
0.00536539
0.00532555
0.00528586
0.00524631
0.0052069
0.00516763
0.0051285
0.00508952
0.00505068
0.00501198
0.00497343
0.00493501
0.00489674
0.00485862
0.00482063
0.00478279
0.00474509
0.00470754
0.00467013
0.00463286
0.00459574
0.00455876
0.00452192
0.00448523
0.00444868
0.00441227
0.00437601
0.0043399
0.00430393
0.0042681
0.00423242
0.00419688
0.00416148
0.00412623
0.00409113
0.00405617
0.00402136
0.00398669
0.00395216
0.00391779
0.00388355
0.00384947
0.00381552
0.00378173
0.00374808
0.00371457
0.00368121
0.003648
0.00361493
0.00358201
0.00354924
0.00351661
0.00348412
0.00345179
0.0034196
0.00338756
0.00335566
0.00332391
0.00329231
0.00326085
0.00322955
0.00319838
0.00316737
0.0031365
0.00310578
0.00307521
0.00304478
0.00301451
0.00298438
0.0029544
0.00292456
0.00289487
0.00286534
0.00283594
0.0028067
0.00277761
0.00274866
0.00271986
0.00269121
0.00266271
0.00263436
0.00260615
0.0025781
0.00255019
0.00252243
0.00249482
0.00246736
0.00244005
0.00241289
0.00238587
0.00235901
0.00233229
0.00230573
0.00227931
0.00225304
0.00222692
0.00220095
0.00217514
0.00214947
0.00212395
0.00209858
0.00207336
0.00204829
0.00202337
0.0019986
0.00197398
0.00194951
0.00192519
0.00190102
0.001877
0.00185313
0.00182942
0.00180585
0.00178243
0.00175916
0.00173605
0.00171308
0.00169027
0.00166761
0.0016451
0.00162273
0.00160052
0.00157846
0.00155656
0.0015348
0.00151319
0.00149174
0.00147044
0.00144929
0.00142829
0.00140744
0.00138674
0.0013662
0.0013458
0.00132556
0.00130547
0.00128553
0.00126574
0.00124611
0.00122663
0.0012073
0.00118812
0.00116909
0.00115022
0.00113149
0.00111292
0.00109451
0.00107624
0.00105813
0.00104017
0.00102236
0.0010047
0.000987202
0.000969851
0.000952654
0.000935609
0.000918716
0.000901977
0.00088539
0.000868956
0.000852675
0.000836547
0.000820572
0.000804749
0.00078908
0.000773564
0.000758201
0.000742992
0.000727935
0.000713032
0.000698282
0.000683685
0.000669242
0.000654952
0.000640815
0.000626832
0.000613002
0.000599326
0.000585804
0.000572435
0.000559219
0.000546158
0.00053325
0.000520495
0.000507895
0.000495448
0.000483155
0.000471016
0.000459031
0.000447199
0.000435522
0.000423998
0.000412629
0.000401413
0.000390352
0.000379444
0.000368691
0.000358092
0.000347647
0.000337356
0.000327219
0.000317237
0.000307409
0.000297735
0.000288215
0.00027885
0.000269639
0.000260582
0.00025168
0.000242933
0.000234339
0.0002259
0.000217616
0.000209486
0.000201511
0.00019369
0.000186023
0.000178512
0.000171154
0.000163952
0.000156904
0.000150011
0.000143272
0.000136688
0.000130259
0.000123984
0.000117864
0.000111899
0.000106089
0.000100434
9.49328e-05
8.95868e-05
8.43957e-05
7.93594e-05
7.44779e-05
6.97512e-05
6.51794e-05
6.07625e-05
5.65005e-05
5.23933e-05
4.84411e-05
4.46438e-05
4.10013e-05
3.75139e-05
3.41813e-05
3.10037e-05
2.79811e-05
2.51134e-05
2.24007e-05
1.9843e-05
1.74402e-05
1.51925e-05
1.30997e-05
1.11619e-05
9.37917e-06
7.75141e-06
6.27867e-06
4.96094e-06
3.79823e-06
2.79054e-06
1.93788e-06
1.24025e-06
6.9764e-07
3.10063e-07
7.75157e-08
0
7.75157e-08
3.10063e-07
6.9764e-07
1.24025e-06
1.93788e-06
2.79054e-06
3.79823e-06
4.96094e-06
6.27867e-06
7.75141e-06
9.37917e-06
1.11619e-05
1.30997e-05
1.51925e-05
1.74402e-05
1.9843e-05
2.24007e-05
2.51134e-05
2.79811e-05
3.10037e-05
3.41813e-05
3.75139e-05
4.10013e-05
4.46438e-05
4.84411e-05
5.23933e-05
5.65005e-05
6.07625e-05
6.51794e-05
6.97512e-05
7.44779e-05
7.93594e-05
8.43957e-05
8.95868e-05
9.49328e-05
0.000100434
0.000106089
0.000111899
0.000117864
0.000123984
0.000130259
0.000136688
0.000143272
0.000150011
0.000156904
0.000163952
0.000171154
0.000178512
0.000186023
0.00019369
0.000201511
0.000209486
0.000217616
0.0002259
0.000234339
0.000242933
0.00025168
0.000260582
0.000269639
0.00027885
0.000288215
0.000297735
0.000307409
0.000317237
0.000327219
0.000337356
0.000347647
0.000358092
0.000368691
0.000379444
0.000390352
0.000401413
0.000412629
0.000423998
0.000435522
0.000447199
0.000459031
0.000471016
0.000483155
0.000495448
0.000507895
0.000520495
0.00053325
0.000546158
0.000559219
0.000572435
0.000585804
0.000599326
0.000613002
0.000626832
0.000640815
0.000654952
0.000669242
0.000683685
0.000698282
0.000713032
0.000727935
0.000742992
0.000758201
0.000773564
0.00078908
0.000804749
0.000820572
0.000836547
0.000852675
0.000868956
0.00088539
0.000901977
0.000918716
0.000935609
0.000952654
0.000969851
0.000987202
0.0010047
0.00102236
0.00104017
0.00105813
0.00107624
0.00109451
0.00111292
0.00113149
0.00115022
0.00116909
0.00118812
0.0012073
0.00122663
0.00124611
0.00126574
0.00128553
0.00130547
0.00132556
0.0013458
0.0013662
0.00138674
0.00140744
0.00142829
0.00144929
0.00147044
0.00149174
0.00151319
0.0015348
0.00155656
0.00157846
0.00160052
0.00162273
0.0016451
0.00166761
0.00169027
0.00171308
0.00173605
0.00175916
0.00178243
0.00180585
0.00182942
0.00185313
0.001877
0.00190102
0.00192519
0.00194951
0.00197398
0.0019986
0.00202337
0.00204829
0.00207336
0.00209858
0.00212395
0.00214947
0.00217514
0.00220095
0.00222692
0.00225304
0.00227931
0.00230573
0.00233229
0.00235901
0.00238587
0.00241289
0.00244005
0.00246736
0.00249482
0.00252243
0.00255019
0.0025781
0.00260615
0.00263436
0.00266271
0.00269121
0.00271986
0.00274866
0.00277761
0.0028067
0.00283594
0.00286534
0.00289487
0.00292456
0.0029544
0.00298438
0.00301451
0.00304478
0.00307521
0.00310578
0.0031365
0.00316737
0.00319838
0.00322955
0.00326085
0.00329231
0.00332391
0.00335566
0.00338756
0.0034196
0.00345179
0.00348412
0.00351661
0.00354924
0.00358201
0.00361493
0.003648
0.00368121
0.00371457
0.00374808
0.00378173
0.00381552
0.00384947
0.00388355
0.00391779
0.00395216
0.00398669
0.00402136
0.00405617
0.00409113
0.00412623
0.00416148
0.00419688
0.00423242
0.0042681
0.00430393
0.0043399
0.00437601
0.00441227
0.00444868
0.00448523
0.00452192
0.00455876
0.00459574
0.00463286
0.00467013
0.00470754
0.00474509
0.00478279
0.00482063
0.00485862
0.00489674
0.00493501
0.00497343
0.00501198
0.00505068
0.00508952
0.0051285
0.00516763
0.0052069
0.00524631
0.00528586
0.00532555
0.00536539
0.00540537
0.00544549
0.00548575
0.00552615
0.0055667
0.00560738
0.00564821
0.00568918
0.00573028
0.00577153
0.00581293
0.00585446
0.00589613
0.00593794
0.00597989
0.00602199
0.00606422
0.00610659
0.0061491
0.00619176
0.00623455
0.00627748
0.00632055
0.00636377
0.00640712
0.00645061
0.00649424
0.006538
0.00658191
0.00662596
0.00667014
0.00671446
0.00675892
0.00680352
0.00684826
0.00689314
0.00693815
0.0069833
0.00702859
0.00707402
0.00711959
0.00716529
0.00721113
0.00725711
0.00730322
0.00734947
0.00739586
0.00744239
0.00748905
0.00753585
0.00758278
0.00762985
0.00767706
0.0077244
0.00777188
0.0078195
0.00786725
0.00791513
0.00796315
0.00801131
0.0080596
0.00810803
0.0081566
0.00820529
0.00825413
0.00830309
0.00835219
0.00840143
0.0084508
0.00850031
0.00854994
0.00859972
0.00864962
0.00869966
0.00874984
0.00880014
0.00885058
0.00890116
0.00895186
0.0090027
0.00905368
0.00910478
0.00915602
0.00920739
0.00925889
0.00931053
0.00936229
0.00941419
0.00946622
0.00951838
0.00957068
0.0096231
0.00967566
0.00972835
0.00978116
0.00983411
0.00988719
0.00994041
0.00999375
0.0100472
0.0101008
0.0101546
0.0102084
0.0102624
0.0103165
0.0103708
0.0104252
0.0104797
0.0105343
0.0105891
0.010644
0.010699
0.0107542
0.0108094
0.0108648
0.0109204
0.0109761
0.0110319
0.0110878
0.0111438
0.0112
0.0112563
0.0113127
0.0113693
0.011426
0.0114828
0.0115397
0.0115968
0.011654
0.0117113
0.0117688
0.0118263
0.011884
0.0119419
0.0119998
0.0120579
0.0121161
0.0121744
0.0122329
0.0122914
0.0123501
0.012409
0.0124679
0.012527
0.0125862
0.0126455
0.012705
0.0127645
0.0128242
0.012884
0.012944
0.013004
0.0130642
0.0131245
0.0131849
0.0132455
0.0133062
0.013367
0.0134279
0.0134889
0.0135501
0.0136114
0.0136728
0.0137343
0.013796
0.0138577
0.0139196
0.0139816
0.0140438
0.014106
0.0141684
0.0142309
0.0142935
0.0143562
0.0144191
0.014482
0.0145451
0.0146083
0.0146717
0.0147351
0.0147987
0.0148624
0.0149262
0.0149901
0.0150541
0.0151183
0.0151826
0.015247
0.0153115
0.0153761
0.0154408
0.0155057
0.0155707
0.0156358
0.015701
0.0157663
0.0158318
0.0158973
0.015963
0.0160288
0.0160947
0.0161607
0.0162268
0.0162931
0.0163595
0.0164259
0.0164925
0.0165592
0.0166261
0.016693
0.0167601
0.0168272
0.0168945
0.0169619
0.0170294
0.017097
0.0171648
0.0172326
0.0173006
0.0173686
0.0174368
0.0175051
0.0175735
0.017642
0.0177106
0.0177794
0.0178482
0.0179172
0.0179863
0.0180555
0.0181247
0.0181942
0.0182637
0.0183333
0.018403
0.0184729
0.0185428
0.0186129
0.0186831
0.0187533
0.0188237
0.0188942
0.0189648
0.0190355
0.0191064
0.0191773
0.0192483
0.0193195
0.0193907
0.0194621
0.0195336
0.0196051
0.0196768
0.0197486
0.0198205
0.0198925
0.0199646
0.0200368
0.0201091
0.0201815
0.0202541
0.0203267
0.0203994
0.0204723
0.0205452
0.0206183
0.0206914
0.0207647
0.0208381
0.0209115
0.0209851
0.0210588
0.0211325
0.0212064
0.0212804
0.0213545
0.0214287
0.021503
0.0215774
0.0216518
0.0217264
0.0218011
0.0218759
0.0219508
0.0220258
0.0221009
0.0221761
0.0222514
0.0223268
0.0224023
0.0224779
0.0225536
0.0226294
0.0227053
0.0227813
0.0228574
0.0229336
0.0230099
0.0230863
0.0231628
0.0232394
0.0233161
0.0233928
0.0234697
0.0235467
0.0236238
0.0237009
0.0237782
0.0238556
0.023933
0.0240106
0.0240882
0.024166
0.0242438
0.0243218
0.0243998
0.0244779
0.0245561
0.0246345
0.0247129
0.0247914
0.02487
0.0249487
0.0250275
0.0251063
0.0251853
0.0252644
0.0253435
0.0254228
0.0255021
0.0255816
0.0256611
0.0257407
0.0258204
0.0259002
0.0259801
0.0260601
0.0261402
0.0262203
0.0263006
0.0263809
0.0264614
0.0265419
0.0266225
0.0267032
0.026784
0.0268649
0.0269459
0.0270269
0.0271081
0.0271893
0.0272706
0.027352
0.0274335
0.0275151
0.0275968
0.0276785
0.0277604
0.0278423
0.0279243
0.0280065
0.0280886
0.0281709
0.0282533
0.0283357
0.0284183
0.0285009
0.0285836
0.0286664
0.0287492
0.0288322
0.0289152
0.0289984
0.0290816
0.0291649
0.0292482
0.0293317
0.0294152
0.0294989
0.0295826
0.0296663
0.0297502
0.0298342
0.0299182
0.0300023
0.0300865
0.0301708
0.0302551
0.0303396
0.0304241
0.0305087
0.0305933
0.0306781
0.0307629
0.0308478
0.0309328
0.0310179
0.031103
0.0311883
0.0312736
0.031359
0.0314444
0.03153
0.0316156
0.0317013
0.031787
0.0318729
0.0319588
0.0320448
0.0321309
0.032217
0.0323033
0.0323896
0.0324759
0.0325624
0.0326489
0.0327355
0.0328222
0.0329089
0.0329957
0.0330826
0.0331696
0.0332567
0.0333438
0.033431
0.0335182
0.0336055
0.033693
0.0337804
0.033868
0.0339556
0.0340433
0.0341311
0.0342189
0.0343068
0.0343948
0.0344828
0.0345709
0.0346591
0.0347474
0.0348357
0.0349241
0.0350125
0.0351011
0.0351897
0.0352783
0.0353671
0.0354559
0.0355447
0.0356337
0.0357227
0.0358117
0.0359009
0.0359901
0.0360794
0.0361687
0.0362581
0.0363476
0.0364371
0.0365267
0.0366163
0.0367061
0.0367959
0.0368857
0.0369756
0.0370656
0.0371557
0.0372458
0.037336
0.0374262
0.0375165
0.0376069
0.0376973
0.0377878
0.0378783
0.0379689
0.0380596
0.0381503
0.0382411
0.038332
0.0384229
0.0385139
0.0386049
0.038696
0.0387871
0.0388784
0.0389696
0.039061
0.0391523
0.0392438
0.0393353
0.0394269
0.0395185
0.0396102
0.0397019
0.0397937
0.0398855
0.0399775
0.0400694
0.0401614
0.0402535
0.0403456
0.0404378
0.0405301
0.0406224
0.0407147
0.0408071
0.0408996
0.0409921
0.0410847
0.0411773
0.04127
0.0413627
0.0414555
0.0415483
0.0416412
0.0417341
0.0418271
0.0419202
0.0420133
0.0421064
0.0421996
0.0422929
0.0423862
0.0424795
0.0425729
0.0426664
0.0427599
0.0428534
0.042947
0.0430407
0.0431344
0.0432281
0.0433219
0.0434157
0.0435096
0.0436036
0.0436976
0.0437916
0.0438857
0.0439798
0.044074
0.0441682
0.0442624
0.0443568
0.0444511
0.0445455
0.04464
0.0447344
0.044829
0.0449236
0.0450182
0.0451129
0.0452076
0.0453023
0.0453971
0.045492
0.0455869
0.0456818
0.0457767
0.0458718
0.0459668
0.0460619
0.046157
0.0462522
0.0463474
0.0464427
0.046538
0.0466333
0.0467287
0.0468241
0.0469196
0.0470151
0.0471106
0.0472062
0.0473018
0.0473975
0.0474932
0.0475889
0.0476847
0.0477805
0.0478763
0.0479722
0.0480681
0.048164
0.04826
0.0483561
0.0484521
0.0485482
0.0486443
0.0487405
0.0488367
0.0489329
0.0490292
0.0491255
0.0492218
0.0493182
0.0494146
0.0495111
0.0496075
0.049704
0.0498006
0.0498971
0.0499937
0.0500904
0.050187
0.0502837
0.0503804
0.0504772
0.050574
0.0506708
0.0507676
0.0508645
0.0509614
0.0510583
0.0511553
0.0512523
0.0513493
0.0514464
0.0515434
0.0516405
0.0517377
0.0518348
0.051932
0.0520292
0.0521265
0.0522237
0.052321
0.0524183
0.0525157
0.0526131
0.0527105
0.0528079
0.0529053
0.0530028
0.0531003
0.0531978
0.0532953
0.0533929
0.0534905
0.0535881
0.0536857
0.0537834
0.0538811
0.0539788
0.0540765
0.0541742
0.054272
0.0543698
0.0544676
0.0545654
0.0546633
0.0547611
0.054859
0.0549569
0.0550549
0.0551528
0.0552508
0.0553488
0.0554468
0.0555448
0.0556428
0.0557409
0.055839
0.055937
0.0560352
0.0561333
0.0562314
0.0563296
0.0564278
0.0565259
0.0566241
0.0567224
0.0568206
0.0569189
0.0570171
0.0571154
0.0572137
0.057312
0.0574103
0.0575087
0.057607
0.0577054
0.0578037
0.0579021
0.0580005
0.0580989
0.0581974
0.0582958
0.0583942
0.0584927
0.0585911
0.0586896
0.0587881
0.0588866
0.0589851
0.0590836
0.0591822
0.0592807
0.0593792
0.0594778
0.0595763
0.0596749
0.0597735
0.0598721
0.0599707
0.0600693
0.0601679
0.0602665
0.0603651
0.0604637
0.0605623
0.060661
0.0607596
0.0608583
0.0609569
0.0610556
0.0611542
0.0612529
0.0613515
0.0614502
0.0615489
0.0616476
0.0617463
0.0618449
0.0619436
0.0620423
0.062141
0.0622397
0.0623384
0.0624371
0.0625358
0.0626345
0.0627332
0.0628319
0.0629305
0.0630292
0.0631279
0.0632266
0.0633253
0.063424
0.0635227
0.0636214
0.0637201
0.0638188
0.0639175
0.0640161
0.0641148
0.0642135
0.0643122
0.0644108
0.0645095
0.0646081
0.0647068
0.0648054
0.0649041
0.0650027
0.0651014
0.0652
0.0652986
0.0653972
0.0654958
0.0655945
0.065693
0.0657916
0.0658902
0.0659888
0.0660874
0.0661859
0.0662845
0.066383
0.0664816
0.0665801
0.0666786
0.0667771
0.0668756
0.0669741
0.0670726
0.067171
0.0672695
0.0673679
0.0674664
0.0675648
0.0676632
0.0677616
0.06786
0.0679583
0.0680567
0.0681551
0.0682534
0.0683517
0.06845
0.0685483
0.0686466
0.0687449
0.0688431
0.0689413
0.0690396
0.0691378
0.069236
0.0693341
0.0694323
0.0695304
0.0696286
0.0697267
0.0698248
0.0699228
0.0700209
0.0701189
0.0702169
0.0703149
0.0704129
0.0705109
0.0706088
0.0707068
0.0708047
0.0709026
0.0710004
0.0710983
0.0711961
0.0712939
0.0713917
0.0714895
0.0715872
0.0716849
0.0717826
0.0718803
0.071978
0.0720756
0.0721732
0.0722708
0.0723684
0.0724659
0.0725634
0.0726609
0.0727584
0.0728558
0.0729533
0.0730506
0.073148
0.0732454
0.0733427
0.07344
0.0735372
0.0736345
0.0737317
0.0738289
0.073926
0.0740232
0.0741203
0.0742173
0.0743144
0.0744114
0.0745084
0.0746054
0.0747023
0.0747992
0.0748961
0.0749929
0.0750897
0.0751865
0.0752833
0.07538
0.0754767
0.0755734
0.07567
0.0757666
0.0758631
0.0759597
0.0760562
0.0761527
0.0762491
0.0763455
0.0764419
0.0765382
0.0766345
0.0767308
0.076827
0.0769232
0.0770194
0.0771155
0.0772116
0.0773076
0.0774037
0.0774997
0.0775956
0.0776915
0.0777874
0.0778832
0.077979
0.0780748
0.0781705
0.0782662
0.0783619
0.0784575
0.0785531
0.0786486
0.0787441
0.0788396
0.078935
0.0790304
0.0791257
0.079221
0.0793163
0.0794115
0.0795067
0.0796018
0.0796969
0.0797919
0.079887
0.0799819
0.0800769
0.0801717
0.0802666
0.0803614
0.0804561
0.0805508
0.0806455
0.0807401
0.0808347
0.0809293
0.0810237
0.0811182
0.0812126
0.081307
0.0814013
0.0814955
0.0815897
0.0816839
0.081778
0.0818721
0.0819662
0.0820601
0.0821541
0.082248
0.0823418
0.0824356
0.0825293
0.082623
0.0827167
0.0828103
0.0829038
0.0829973
0.0830908
0.0831842
0.0832775
0.0833708
0.0834641
0.0835573
0.0836504
0.0837435
0.0838366
0.0839296
0.0840225
0.0841154
0.0842082
0.084301
0.0843937
0.0844864
0.084579
0.0846716
0.0847641
0.0848566
0.084949
0.0850413
0.0851336
0.0852259
0.0853181
0.0854102
0.0855023
0.0855943
0.0856862
0.0857782
0.08587
0.0859618
0.0860535
0.0861452
0.0862368
0.0863284
0.0864199
0.0865114
0.0866027
0.0866941
0.0867853
0.0868766
0.0869677
0.0870588
0.0871498
0.0872408
0.0873317
0.0874226
0.0875134
0.0876041
0.0876948
0.0877854
0.0878759
0.0879664
0.0880568
0.0881472
0.0882375
0.0883277
0.0884179
0.088508
0.0885981
0.0886881
0.088778
0.0888678
0.0889576
0.0890474
0.089137
0.0892266
0.0893162
0.0894056
0.089495
0.0895844
0.0896736
0.0897628
0.089852
0.089941
0.09003
0.090119
0.0902078
0.0902966
0.0903854
0.090474
0.0905626
0.0906512
0.0907396
0.090828
0.0909163
0.0910046
0.0910928
0.0911809
0.0912689
0.0913569
0.0914448
0.0915327
0.0916204
0.0917081
0.0917957
0.0918833
0.0919708
0.0920582
0.0921455
0.0922328
0.0923199
0.0924071
0.0924941
0.0925811
0.092668
0.0927548
0.0928415
0.0929282
0.0930148
0.0931013
0.0931878
0.0932742
0.0933605
0.0934467
0.0935328
0.0936189
0.0937049
0.0937908
0.0938767
0.0939624
0.0940481
0.0941337
0.0942193
0.0943047
0.0943901
0.0944754
0.0945607
0.0946458
0.0947309
0.0948159
0.0949008
0.0949856
0.0950704
0.095155
0.0952396
0.0953242
0.0954086
0.0954929
0.0955772
0.0956614
0.0957455
0.0958295
0.0959135
0.0959974
0.0960812
0.0961649
0.0962485
0.096332
0.0964155
0.0964988
0.0965821
0.0966653
0.0967485
0.0968315
0.0969145
0.0969973
0.0970801
0.0971628
0.0972454
0.097328
0.0974104
0.0974928
0.0975751
0.0976573
0.0977394
0.0978214
0.0979033
0.0979852
0.0980669
0.0981486
0.0982302
0.0983117
0.0983931
0.0984744
0.0985556
0.0986368
0.0987179
0.0987988
0.0988797
0.0989605
0.0990412
0.0991218
0.0992023
0.0992828
0.0993631
0.0994434
0.0995235
0.0996036
0.0996836
0.0997635
0.0998433
0.099923
0.100003
0.100082
0.100162
0.100241
0.10032
0.100399
0.100478
0.100557
0.100636
0.100715
0.100794
0.100872
0.100951
0.101029
0.101108
0.101186
0.101264
0.101342
0.10142
0.101498
0.101575
0.101653
0.101731
0.101808
0.101885
0.101963
0.10204
0.102117
0.102194
0.102271
0.102348
0.102424
0.102501
0.102577
0.102654
0.10273
0.102806
0.102882
0.102958
0.103034
0.10311
0.103186
0.103261
0.103337
0.103412
0.103488
0.103563
0.103638
0.103713
0.103788
0.103863
0.103937
0.104012
0.104086
0.104161
0.104235
0.104309
0.104383
0.104457
0.104531
0.104605
0.104679
0.104752
0.104826
0.104899
0.104972
0.105045
0.105118
0.105191
0.105264
0.105337
0.10541
0.105482
0.105555
0.105627
0.105699
0.105771
0.105843
0.105915
0.105987
0.106059
0.10613
0.106202
0.106273
0.106344
0.106415
0.106486
0.106557
0.106628
0.106699
0.106769
0.10684
0.10691
0.106981
0.107051
0.107121
0.107191
0.107261
0.10733
0.1074
0.10747
0.107539
0.107608
0.107677
0.107747
0.107815
0.107884
0.107953
0.108022
0.10809
0.108159
0.108227
0.108295
0.108363
0.108431
0.108499
0.108567
0.108634
0.108702
0.108769
0.108836
0.108904
0.108971
0.109038
0.109104
0.109171
0.109238
0.109304
0.109371
0.109437
0.109503
0.109569
0.109635
0.109701
0.109766
0.109832
0.109897
0.109963
0.110028
0.110093
0.110158
0.110223
0.110288
0.110352
0.110417
0.110481
0.110545
0.11061
0.110674
0.110738
0.110801
0.110865
0.110929
0.110992
0.111055
0.111119
0.111182
0.111245
0.111307
0.11137
0.111433
0.111495
0.111558
0.11162
0.111682
0.111744
0.111806
0.111868
0.111929
0.111991
0.112052
0.112114
0.112175
0.112236
0.112297
0.112358
0.112418
0.112479
0.112539
0.112599
0.11266
0.11272
0.11278
0.112839
0.112899
0.112959
0.113018
0.113078
0.113137
0.113196
0.113255
0.113314
0.113372
0.113431
0.113489
0.113548
0.113606
0.113664
0.113722
0.11378
0.113837
0.113895
0.113952
0.11401
0.114067
0.114124
0.114181
0.114238
0.114294
0.114351
0.114407
0.114464
0.11452
0.114576
0.114632
0.114688
0.114743
0.114799
0.114854
0.11491
0.114965
0.11502
0.115075
0.115129
0.115184
0.115239
0.115293
0.115347
0.115401
0.115455
0.115509
0.115563
0.115616
0.11567
0.115723
0.115777
0.11583
0.115883
0.115935
0.115988
0.116041
0.116093
0.116145
0.116197
0.11625
0.116301
0.116353
0.116405
0.116456
0.116508
0.116559
0.11661
0.116661
0.116712
0.116763
0.116813
0.116864
0.116914
0.116964
0.117014
0.117064
0.117114
0.117163
0.117213
0.117262
0.117312
0.117361
0.11741
0.117458
0.117507
0.117556
0.117604
0.117652
0.117701
0.117749
0.117796
0.117844
0.117892
0.117939
0.117987
0.118034
0.118081
0.118128
0.118175
0.118221
0.118268
0.118314
0.11836
0.118407
0.118453
0.118498
0.118544
0.11859
0.118635
0.11868
0.118726
0.118771
0.118815
0.11886
0.118905
0.118949
0.118994
0.119038
0.119082
0.119126
0.119169
0.119213
0.119257
0.1193
0.119343
0.119386
0.119429
0.119472
0.119515
0.119557
0.119599
0.119642
0.119684
0.119726
0.119768
0.119809
0.119851
0.119892
0.119933
0.119975
0.120015
0.120056
0.120097
0.120138
0.120178
0.120218
0.120258
0.120298
0.120338
0.120378
0.120417
0.120457
0.120496
0.120535
0.120574
0.120613
0.120652
0.12069
0.120729
0.120767
0.120805
0.120843
0.120881
0.120919
0.120956
0.120994
0.121031
0.121068
0.121105
0.121142
0.121178
0.121215
0.121251
0.121288
0.121324
0.12136
0.121396
0.121431
0.121467
0.121502
0.121537
0.121573
0.121608
0.121642
0.121677
0.121712
0.121746
0.12178
0.121814
0.121848
0.121882
0.121916
0.121949
0.121982
0.122016
0.122049
0.122082
0.122114
0.122147
0.12218
0.122212
0.122244
0.122276
0.122308
0.12234
0.122371
0.122403
0.122434
0.122465
0.122496
0.122527
0.122558
0.122588
0.122619
0.122649
0.122679
0.122709
0.122739
0.122769
0.122798
0.122828
0.122857
0.122886
0.122915
0.122944
0.122972
0.123001
0.123029
0.123058
0.123086
0.123114
0.123141
0.123169
0.123196
0.123224
0.123251
0.123278
0.123305
0.123331
0.123358
0.123384
0.123411
0.123437
0.123463
0.123489
0.123514
0.12354
0.123565
0.12359
0.123615
0.12364
0.123665
0.12369
0.123714
0.123739
0.123763
0.123787
0.123811
0.123834
0.123858
0.123881
0.123905
0.123928
0.123951
0.123973
0.123996
0.124019
0.124041
0.124063
0.124085
0.124107
0.124129
0.124151
0.124172
0.124193
0.124214
0.124235
0.124256
0.124277
0.124298
0.124318
0.124338
0.124358
0.124378
0.124398
0.124418
0.124437
0.124456
0.124476
0.124495
0.124513
0.124532
0.124551
0.124569
0.124587
0.124606
0.124624
0.124641
0.124659
0.124677
0.124694
0.124711
0.124728
0.124745
0.124762
0.124778
0.124795
0.124811
0.124827
0.124843
0.124859
0.124875
0.12489
0.124906
0.124921
0.124936
0.124951
0.124965
0.12498
0.124994
0.125009
0.125023
0.125037
0.125051
0.125064
0.125078
0.125091
0.125104
0.125118
0.12513
0.125143
0.125156
0.125168
0.125181
0.125193
0.125205
0.125217
0.125228
0.12524
0.125251
0.125262
0.125273
0.125284
0.125295
0.125306
0.125316
0.125326
0.125336
0.125346
0.125356
0.125366
0.125375
0.125385
0.125394
0.125403
0.125412
0.125421
0.125429
0.125438
0.125446
0.125454
0.125462
0.12547
0.125478
0.125485
0.125493
0.1255
0.125507
0.125514
0.12552
0.125527
0.125533
0.12554
0.125546
0.125552
0.125558
0.125563
0.125569
0.125574
0.125579
0.125584
0.125589
0.125594
0.125599
0.125603
0.125607
0.125611
0.125615
0.125619
0.125623
0.125626
0.12563
0.125633
0.125636
0.125639
0.125641
0.125644
0.125646
0.125649
0.125651
0.125653
0.125654
0.125656
0.125657
0.125659
0.12566
0.125661
0.125662
0.125662
0.125663
0.125663
0.125664
0.125664
0.125664
0.125663
0.125663
0.125662
0.125662
0.125661
0.12566
0.125659
0.125657
0.125656
0.125654
0.125653
0.125651
0.125649
0.125646
0.125644
0.125641
0.125639
0.125636
0.125633
0.12563
0.125626
0.125623
0.125619
0.125615
0.125611
0.125607
0.125603
0.125599
0.125594
0.125589
0.125584
0.125579
0.125574
0.125569
0.125563
0.125558
0.125552
0.125546
0.12554
0.125533
0.125527
0.12552
0.125514
0.125507
0.1255
0.125493
0.125485
0.125478
0.12547
0.125462
0.125454
0.125446
0.125438
0.125429
0.125421
0.125412
0.125403
0.125394
0.125385
0.125375
0.125366
0.125356
0.125346
0.125336
0.125326
0.125316
0.125306
0.125295
0.125284
0.125273
0.125262
0.125251
0.12524
0.125228
0.125217
0.125205
0.125193
0.125181
0.125168
0.125156
0.125143
0.12513
0.125118
0.125104
0.125091
0.125078
0.125064
0.125051
0.125037
0.125023
0.125009
0.124994
0.12498
0.124965
0.124951
0.124936
0.124921
0.124906
0.12489
0.124875
0.124859
0.124843
0.124827
0.124811
0.124795
0.124778
0.124762
0.124745
0.124728
0.124711
0.124694
0.124677
0.124659
0.124641
0.124624
0.124606
0.124587
0.124569
0.124551
0.124532
0.124513
0.124495
0.124476
0.124456
0.124437
0.124418
0.124398
0.124378
0.124358
0.124338
0.124318
0.124298
0.124277
0.124256
0.124235
0.124214
0.124193
0.124172
0.124151
0.124129
0.124107
0.124085
0.124063
0.124041
0.124019
0.123996
0.123973
0.123951
0.123928
0.123905
0.123881
0.123858
0.123834
0.123811
0.123787
0.123763
0.123739
0.123714
0.12369
0.123665
0.12364
0.123615
0.12359
0.123565
0.12354
0.123514
0.123489
0.123463
0.123437
0.123411
0.123384
0.123358
0.123331
0.123305
0.123278
0.123251
0.123224
0.123196
0.123169
0.123141
0.123114
0.123086
0.123058
0.123029
0.123001
0.122972
0.122944
0.122915
0.122886
0.122857
0.122828
0.122798
0.122769
0.122739
0.122709
0.122679
0.122649
0.122619
0.122588
0.122558
0.122527
0.122496
0.122465
0.122434
0.122403
0.122371
0.12234
0.122308
0.122276
0.122244
0.122212
0.12218
0.122147
0.122114
0.122082
0.122049
0.122016
0.121982
0.121949
0.121916
0.121882
0.121848
0.121814
0.12178
0.121746
0.121712
0.121677
0.121642
0.121608
0.121573
0.121537
0.121502
0.121467
0.121431
0.121396
0.12136
0.121324
0.121288
0.121251
0.121215
0.121178
0.121142
0.121105
0.121068
0.121031
0.120994
0.120956
0.120919
0.120881
0.120843
0.120805
0.120767
0.120729
0.12069
0.120652
0.120613
0.120574
0.120535
0.120496
0.120457
0.120417
0.120378
0.120338
0.120298
0.120258
0.120218
0.120178
0.120138
0.120097
0.120056
0.120015
0.119975
0.119933
0.119892
0.119851
0.119809
0.119768
0.119726
0.119684
0.119642
0.119599
0.119557
0.119515
0.119472
0.119429
0.119386
0.119343
0.1193
0.119257
0.119213
0.119169
0.119126
0.119082
0.119038
0.118994
0.118949
0.118905
0.11886
0.118815
0.118771
0.118726
0.11868
0.118635
0.11859
0.118544
0.118498
0.118453
0.118407
0.11836
0.118314
0.118268
0.118221
0.118175
0.118128
0.118081
0.118034
0.117987
0.117939
0.117892
0.117844
0.117796
0.117749
0.117701
0.117652
0.117604
0.117556
0.117507
0.117458
0.11741
0.117361
0.117312
0.117262
0.117213
0.117163
0.117114
0.117064
0.117014
0.116964
0.116914
0.116864
0.116813
0.116763
0.116712
0.116661
0.11661
0.116559
0.116508
0.116456
0.116405
0.116353
0.116301
0.11625
0.116197
0.116145
0.116093
0.116041
0.115988
0.115935
0.115883
0.11583
0.115777
0.115723
0.11567
0.115616
0.115563
0.115509
0.115455
0.115401
0.115347
0.115293
0.115239
0.115184
0.115129
0.115075
0.11502
0.114965
0.11491
0.114854
0.114799
0.114743
0.114688
0.114632
0.114576
0.11452
0.114464
0.114407
0.114351
0.114294
0.114238
0.114181
0.114124
0.114067
0.11401
0.113952
0.113895
0.113837
0.11378
0.113722
0.113664
0.113606
0.113548
0.113489
0.113431
0.113372
0.113314
0.113255
0.113196
0.113137
0.113078
0.113018
0.112959
0.112899
0.112839
0.11278
0.11272
0.11266
0.112599
0.112539
0.112479
0.112418
0.112358
0.112297
0.112236
0.112175
0.112114
0.112052
0.111991
0.111929
0.111868
0.111806
0.111744
0.111682
0.11162
0.111558
0.111495
0.111433
0.11137
0.111307
0.111245
0.111182
0.111119
0.111055
0.110992
0.110929
0.110865
0.110801
0.110738
0.110674
0.11061
0.110545
0.110481
0.110417
0.110352
0.110288
0.110223
0.110158
0.110093
0.110028
0.109963
0.109897
0.109832
0.109766
0.109701
0.109635
0.109569
0.109503
0.109437
0.109371
0.109304
0.109238
0.109171
0.109104
0.109038
0.108971
0.108904
0.108836
0.108769
0.108702
0.108634
0.108567
0.108499
0.108431
0.108363
0.108295
0.108227
0.108159
0.10809
0.108022
0.107953
0.107884
0.107815
0.107747
0.107677
0.107608
0.107539
0.10747
0.1074
0.10733
0.107261
0.107191
0.107121
0.107051
0.106981
0.10691
0.10684
0.106769
0.106699
0.106628
0.106557
0.106486
0.106415
0.106344
0.106273
0.106202
0.10613
0.106059
0.105987
0.105915
0.105843
0.105771
0.105699
0.105627
0.105555
0.105482
0.10541
0.105337
0.105264
0.105191
0.105118
0.105045
0.104972
0.104899
0.104826
0.104752
0.104679
0.104605
0.104531
0.104457
0.104383
0.104309
0.104235
0.104161
0.104086
0.104012
0.103937
0.103863
0.103788
0.103713
0.103638
0.103563
0.103488
0.103412
0.103337
0.103261
0.103186
0.10311
0.103034
0.102958
0.102882
0.102806
0.10273
0.102654
0.102577
0.102501
0.102424
0.102348
0.102271
0.102194
0.102117
0.10204
0.101963
0.101885
0.101808
0.101731
0.101653
0.101575
0.101498
0.10142
0.101342
0.101264
0.101186
0.101108
0.101029
0.100951
0.100872
0.100794
0.100715
0.100636
0.100557
0.100478
0.100399
0.10032
0.100241
0.100162
0.100082
0.100003
0.099923
0.0998433
0.0997635
0.0996836
0.0996036
0.0995235
0.0994434
0.0993631
0.0992828
0.0992023
0.0991218
0.0990412
0.0989605
0.0988797
0.0987988
0.0987179
0.0986368
0.0985556
0.0984744
0.0983931
0.0983117
0.0982302
0.0981486
0.0980669
0.0979852
0.0979033
0.0978214
0.0977394
0.0976573
0.0975751
0.0974928
0.0974104
0.097328
0.0972454
0.0971628
0.0970801
0.0969973
0.0969145
0.0968315
0.0967485
0.0966653
0.0965821
0.0964988
0.0964155
0.096332
0.0962485
0.0961649
0.0960812
0.0959974
0.0959135
0.0958295
0.0957455
0.0956614
0.0955772
0.0954929
0.0954086
0.0953242
0.0952396
0.095155
0.0950704
0.0949856
0.0949008
0.0948159
0.0947309
0.0946458
0.0945607
0.0944754
0.0943901
0.0943047
0.0942193
0.0941337
0.0940481
0.0939624
0.0938767
0.0937908
0.0937049
0.0936189
0.0935328
0.0934467
0.0933605
0.0932742
0.0931878
0.0931013
0.0930148
0.0929282
0.0928415
0.0927548
0.092668
0.0925811
0.0924941
0.0924071
0.0923199
0.0922328
0.0921455
0.0920582
0.0919708
0.0918833
0.0917957
0.0917081
0.0916204
0.0915327
0.0914448
0.0913569
0.0912689
0.0911809
0.0910928
0.0910046
0.0909163
0.090828
0.0907396
0.0906512
0.0905626
0.090474
0.0903854
0.0902966
0.0902078
0.090119
0.09003
0.089941
0.089852
0.0897628
0.0896736
0.0895844
0.089495
0.0894056
0.0893162
0.0892266
0.089137
0.0890474
0.0889576
0.0888678
0.088778
0.0886881
0.0885981
0.088508
0.0884179
0.0883277
0.0882375
0.0881472
0.0880568
0.0879664
0.0878759
0.0877854
0.0876948
0.0876041
0.0875134
0.0874226
0.0873317
0.0872408
0.0871498
0.0870588
0.0869677
0.0868766
0.0867853
0.0866941
0.0866027
0.0865114
0.0864199
0.0863284
0.0862368
0.0861452
0.0860535
0.0859618
0.08587
0.0857782
0.0856862
0.0855943
0.0855023
0.0854102
0.0853181
0.0852259
0.0851336
0.0850413
0.084949
0.0848566
0.0847641
0.0846716
0.084579
0.0844864
0.0843937
0.084301
0.0842082
0.0841154
0.0840225
0.0839296
0.0838366
0.0837435
0.0836504
0.0835573
0.0834641
0.0833708
0.0832775
0.0831842
0.0830908
0.0829973
0.0829038
0.0828103
0.0827167
0.082623
0.0825293
0.0824356
0.0823418
0.082248
0.0821541
0.0820601
0.0819662
0.0818721
0.081778
0.0816839
0.0815897
0.0814955
0.0814013
0.081307
0.0812126
0.0811182
0.0810237
0.0809293
0.0808347
0.0807401
0.0806455
0.0805508
0.0804561
0.0803614
0.0802666
0.0801717
0.0800769
0.0799819
0.079887
0.0797919
0.0796969
0.0796018
0.0795067
0.0794115
0.0793163
0.079221
0.0791257
0.0790304
0.078935
0.0788396
0.0787441
0.0786486
0.0785531
0.0784575
0.0783619
0.0782662
0.0781705
0.0780748
0.077979
0.0778832
0.0777874
0.0776915
0.0775956
0.0774997
0.0774037
0.0773076
0.0772116
0.0771155
0.0770194
0.0769232
0.076827
0.0767308
0.0766345
0.0765382
0.0764419
0.0763455
0.0762491
0.0761527
0.0760562
0.0759597
0.0758631
0.0757666
0.07567
0.0755734
0.0754767
0.07538
0.0752833
0.0751865
0.0750897
0.0749929
0.0748961
0.0747992
0.0747023
0.0746054
0.0745084
0.0744114
0.0743144
0.0742173
0.0741203
0.0740232
0.073926
0.0738289
0.0737317
0.0736345
0.0735372
0.07344
0.0733427
0.0732454
0.073148
0.0730506
0.0729533
0.0728558
0.0727584
0.0726609
0.0725634
0.0724659
0.0723684
0.0722708
0.0721732
0.0720756
0.071978
0.0718803
0.0717826
0.0716849
0.0715872
0.0714895
0.0713917
0.0712939
0.0711961
0.0710983
0.0710004
0.0709026
0.0708047
0.0707068
0.0706088
0.0705109
0.0704129
0.0703149
0.0702169
0.0701189
0.0700209
0.0699228
0.0698248
0.0697267
0.0696286
0.0695304
0.0694323
0.0693341
0.069236
0.0691378
0.0690396
0.0689413
0.0688431
0.0687449
0.0686466
0.0685483
0.06845
0.0683517
0.0682534
0.0681551
0.0680567
0.0679583
0.06786
0.0677616
0.0676632
0.0675648
0.0674664
0.0673679
0.0672695
0.067171
0.0670726
0.0669741
0.0668756
0.0667771
0.0666786
0.0665801
0.0664816
0.066383
0.0662845
0.0661859
0.0660874
0.0659888
0.0658902
0.0657916
0.065693
0.0655945
0.0654958
0.0653972
0.0652986
0.0652
0.0651014
0.0650027
0.0649041
0.0648054
0.0647068
0.0646081
0.0645095
0.0644108
0.0643122
0.0642135
0.0641148
0.0640161
0.0639175
0.0638188
0.0637201
0.0636214
0.0635227
0.063424
0.0633253
0.0632266
0.0631279
0.0630292
0.0629305
0.0628319
0.0627332
0.0626345
0.0625358
0.0624371
0.0623384
0.0622397
0.062141
0.0620423
0.0619436
0.0618449
0.0617463
0.0616476
0.0615489
0.0614502
0.0613515
0.0612529
0.0611542
0.0610556
0.0609569
0.0608583
0.0607596
0.060661
0.0605623
0.0604637
0.0603651
0.0602665
0.0601679
0.0600693
0.0599707
0.0598721
0.0597735
0.0596749
0.0595763
0.0594778
0.0593792
0.0592807
0.0591822
0.0590836
0.0589851
0.0588866
0.0587881
0.0586896
0.0585911
0.0584927
0.0583942
0.0582958
0.0581974
0.0580989
0.0580005
0.0579021
0.0578037
0.0577054
0.057607
0.0575087
0.0574103
0.057312
0.0572137
0.0571154
0.0570171
0.0569189
0.0568206
0.0567224
0.0566241
0.0565259
0.0564278
0.0563296
0.0562314
0.0561333
0.0560352
0.055937
0.055839
0.0557409
0.0556428
0.0555448
0.0554468
0.0553488
0.0552508
0.0551528
0.0550549
0.0549569
0.054859
0.0547611
0.0546633
0.0545654
0.0544676
0.0543698
0.054272
0.0541742
0.0540765
0.0539788
0.0538811
0.0537834
0.0536857
0.0535881
0.0534905
0.0533929
0.0532953
0.0531978
0.0531003
0.0530028
0.0529053
0.0528079
0.0527105
0.0526131
0.0525157
0.0524183
0.052321
0.0522237
0.0521265
0.0520292
0.051932
0.0518348
0.0517377
0.0516405
0.0515434
0.0514464
0.0513493
0.0512523
0.0511553
0.0510583
0.0509614
0.0508645
0.0507676
0.0506708
0.050574
0.0504772
0.0503804
0.0502837
0.050187
0.0500904
0.0499937
0.0498971
0.0498006
0.049704
0.0496075
0.0495111
0.0494146
0.0493182
0.0492218
0.0491255
0.0490292
0.0489329
0.0488367
0.0487405
0.0486443
0.0485482
0.0484521
0.0483561
0.04826
0.048164
0.0480681
0.0479722
0.0478763
0.0477805
0.0476847
0.0475889
0.0474932
0.0473975
0.0473018
0.0472062
0.0471106
0.0470151
0.0469196
0.0468241
0.0467287
0.0466333
0.046538
0.0464427
0.0463474
0.0462522
0.046157
0.0460619
0.0459668
0.0458718
0.0457767
0.0456818
0.0455869
0.045492
0.0453971
0.0453023
0.0452076
0.0451129
0.0450182
0.0449236
0.044829
0.0447344
0.04464
0.0445455
0.0444511
0.0443568
0.0442624
0.0441682
0.044074
0.0439798
0.0438857
0.0437916
0.0436976
0.0436036
0.0435096
0.0434157
0.0433219
0.0432281
0.0431344
0.0430407
0.042947
0.0428534
0.0427599
0.0426664
0.0425729
0.0424795
0.0423862
0.0422929
0.0421996
0.0421064
0.0420133
0.0419202
0.0418271
0.0417341
0.0416412
0.0415483
0.0414555
0.0413627
0.04127
0.0411773
0.0410847
0.0409921
0.0408996
0.0408071
0.0407147
0.0406224
0.0405301
0.0404378
0.0403456
0.0402535
0.0401614
0.0400694
0.0399775
0.0398855
0.0397937
0.0397019
0.0396102
0.0395185
0.0394269
0.0393353
0.0392438
0.0391523
0.039061
0.0389696
0.0388784
0.0387871
0.038696
0.0386049
0.0385139
0.0384229
0.038332
0.0382411
0.0381503
0.0380596
0.0379689
0.0378783
0.0377878
0.0376973
0.0376069
0.0375165
0.0374262
0.037336
0.0372458
0.0371557
0.0370656
0.0369756
0.0368857
0.0367959
0.0367061
0.0366163
0.0365267
0.0364371
0.0363476
0.0362581
0.0361687
0.0360794
0.0359901
0.0359009
0.0358117
0.0357227
0.0356337
0.0355447
0.0354559
0.0353671
0.0352783
0.0351897
0.0351011
0.0350125
0.0349241
0.0348357
0.0347474
0.0346591
0.0345709
0.0344828
0.0343948
0.0343068
0.0342189
0.0341311
0.0340433
0.0339556
0.033868
0.0337804
0.033693
0.0336055
0.0335182
0.033431
0.0333438
0.0332567
0.0331696
0.0330826
0.0329957
0.0329089
0.0328222
0.0327355
0.0326489
0.0325624
0.0324759
0.0323896
0.0323033
0.032217
0.0321309
0.0320448
0.0319588
0.0318729
0.031787
0.0317013
0.0316156
0.03153
0.0314444
0.031359
0.0312736
0.0311883
0.031103
0.0310179
0.0309328
0.0308478
0.0307629
0.0306781
0.0305933
0.0305087
0.0304241
0.0303396
0.0302551
0.0301708
0.0300865
0.0300023
0.0299182
0.0298342
0.0297502
0.0296663
0.0295826
0.0294989
0.0294152
0.0293317
0.0292482
0.0291649
0.0290816
0.0289984
0.0289152
0.0288322
0.0287492
0.0286664
0.0285836
0.0285009
0.0284183
0.0283357
0.0282533
0.0281709
0.0280886
0.0280065
0.0279243
0.0278423
0.0277604
0.0276785
0.0275968
0.0275151
0.0274335
0.027352
0.0272706
0.0271893
0.0271081
0.0270269
0.0269459
0.0268649
0.026784
0.0267032
0.0266225
0.0265419
0.0264614
0.0263809
0.0263006
0.0262203
0.0261402
0.0260601
0.0259801
0.0259002
0.0258204
0.0257407
0.0256611
0.0255816
0.0255021
0.0254228
0.0253435
0.0252644
0.0251853
0.0251063
0.0250275
0.0249487
0.02487
0.0247914
0.0247129
0.0246345
0.0245561
0.0244779
0.0243998
0.0243218
0.0242438
0.024166
0.0240882
0.0240106
0.023933
0.0238556
0.0237782
0.0237009
0.0236238
0.0235467
0.0234697
0.0233928
0.0233161
0.0232394
0.0231628
0.0230863
0.0230099
0.0229336
0.0228574
0.0227813
0.0227053
0.0226294
0.0225536
0.0224779
0.0224023
0.0223268
0.0222514
0.0221761
0.0221009
0.0220258
0.0219508
0.0218759
0.0218011
0.0217264
0.0216518
0.0215774
0.021503
0.0214287
0.0213545
0.0212804
0.0212064
0.0211325
0.0210588
0.0209851
0.0209115
0.0208381
0.0207647
0.0206914
0.0206183
0.0205452
0.0204723
0.0203994
0.0203267
0.0202541
0.0201815
0.0201091
0.0200368
0.0199646
0.0198925
0.0198205
0.0197486
0.0196768
0.0196051
0.0195336
0.0194621
0.0193907
0.0193195
0.0192483
0.0191773
0.0191064
0.0190355
0.0189648
0.0188942
0.0188237
0.0187533
0.0186831
0.0186129
0.0185428
0.0184729
0.018403
0.0183333
0.0182637
0.0181942
0.0181247
0.0180555
0.0179863
0.0179172
0.0178482
0.0177794
0.0177106
0.017642
0.0175735
0.0175051
0.0174368
0.0173686
0.0173006
0.0172326
0.0171648
0.017097
0.0170294
0.0169619
0.0168945
0.0168272
0.0167601
0.016693
0.0166261
0.0165592
0.0164925
0.0164259
0.0163595
0.0162931
0.0162268
0.0161607
0.0160947
0.0160288
0.015963
0.0158973
0.0158318
0.0157663
0.015701
0.0156358
0.0155707
0.0155057
0.0154408
0.0153761
0.0153115
0.015247
0.0151826
0.0151183
0.0150541
0.0149901
0.0149262
0.0148624
0.0147987
0.0147351
0.0146717
0.0146083
0.0145451
0.014482
0.0144191
0.0143562
0.0142935
0.0142309
0.0141684
0.014106
0.0140438
0.0139816
0.0139196
0.0138577
0.013796
0.0137343
0.0136728
0.0136114
0.0135501
0.0134889
0.0134279
0.013367
0.0133062
0.0132455
0.0131849
0.0131245
0.0130642
0.013004
0.012944
0.012884
0.0128242
0.0127645
0.012705
0.0126455
0.0125862
0.012527
0.0124679
0.012409
0.0123501
0.0122914
0.0122329
0.0121744
0.0121161
0.0120579
0.0119998
0.0119419
0.011884
0.0118263
0.0117688
0.0117113
0.011654
0.0115968
0.0115397
0.0114828
0.011426
0.0113693
0.0113127
0.0112563
0.0112
0.0111438
0.0110878
0.0110319
0.0109761
0.0109204
0.0108648
0.0108094
0.0107542
0.010699
0.010644
0.0105891
0.0105343
0.0104797
0.0104252
0.0103708
0.0103165
0.0102624
0.0102084
0.0101546
0.0101008
0.0100472
0.00999375
0.00994041
0.00988719
0.00983411
0.00978116
0.00972835
0.00967566
0.0096231
0.00957068
0.00951838
0.00946622
0.00941419
0.00936229
0.00931053
0.00925889
0.00920739
0.00915602
0.00910478
0.00905368
0.0090027
0.00895186
0.00890116
0.00885058
0.00880014
0.00874984
0.00869966
0.00864962
0.00859972
0.00854994
0.00850031
0.0084508
0.00840143
0.00835219
0.00830309
0.00825413
0.00820529
0.0081566
0.00810803
0.0080596
0.00801131
0.00796315
0.00791513
0.00786725
0.0078195
0.00777188
0.0077244
0.00767706
0.00762985
0.00758278
0.00753585
0.00748905
0.00744239
0.00739586
0.00734947
0.00730322
0.00725711
0.00721113
0.00716529
0.00711959
0.00707402
0.00702859
0.0069833
0.00693815
0.00689314
0.00684826
0.00680352
0.00675892
0.00671446
0.00667014
0.00662596
0.00658191
0.006538
0.00649424
0.00645061
0.00640712
0.00636377
0.00632055
0.00627748
0.00623455
0.00619176
0.0061491
0.00610659
0.00606422
0.00602199
0.00597989
0.00593794
0.00589613
0.00585446
0.00581293
0.00577153
0.00573028
0.00568918
0.00564821
0.00560738
0.0055667
0.00552615
0.00548575
0.00544549
0.00540537
0.00536539
0.00532555
0.00528586
0.00524631
0.0052069
0.00516763
0.0051285
0.00508952
0.00505068
0.00501198
0.00497343
0.00493501
0.00489674
0.00485862
0.00482063
0.00478279
0.00474509
0.00470754
0.00467013
0.00463286
0.00459574
0.00455876
0.00452192
0.00448523
0.00444868
0.00441227
0.00437601
0.0043399
0.00430393
0.0042681
0.00423242
0.00419688
0.00416148
0.00412623
0.00409113
0.00405617
0.00402136
0.00398669
0.00395216
0.00391779
0.00388355
0.00384947
0.00381552
0.00378173
0.00374808
0.00371457
0.00368121
0.003648
0.00361493
0.00358201
0.00354924
0.00351661
0.00348412
0.00345179
0.0034196
0.00338756
0.00335566
0.00332391
0.00329231
0.00326085
0.00322955
0.00319838
0.00316737
0.0031365
0.00310578
0.00307521
0.00304478
0.00301451
0.00298438
0.0029544
0.00292456
0.00289487
0.00286534
0.00283594
0.0028067
0.00277761
0.00274866
0.00271986
0.00269121
0.00266271
0.00263436
0.00260615
0.0025781
0.00255019
0.00252243
0.00249482
0.00246736
0.00244005
0.00241289
0.00238587
0.00235901
0.00233229
0.00230573
0.00227931
0.00225304
0.00222692
0.00220095
0.00217514
0.00214947
0.00212395
0.00209858
0.00207336
0.00204829
0.00202337
0.0019986
0.00197398
0.00194951
0.00192519
0.00190102
0.001877
0.00185313
0.00182942
0.00180585
0.00178243
0.00175916
0.00173605
0.00171308
0.00169027
0.00166761
0.0016451
0.00162273
0.00160052
0.00157846
0.00155656
0.0015348
0.00151319
0.00149174
0.00147044
0.00144929
0.00142829
0.00140744
0.00138674
0.0013662
0.0013458
0.00132556
0.00130547
0.00128553
0.00126574
0.00124611
0.00122663
0.0012073
0.00118812
0.00116909
0.00115022
0.00113149
0.00111292
0.00109451
0.00107624
0.00105813
0.00104017
0.00102236
0.0010047
0.000987202
0.000969851
0.000952654
0.000935609
0.000918716
0.000901977
0.00088539
0.000868956
0.000852675
0.000836547
0.000820572
0.000804749
0.00078908
0.000773564
0.000758201
0.000742992
0.000727935
0.000713032
0.000698282
0.000683685
0.000669242
0.000654952
0.000640815
0.000626832
0.000613002
0.000599326
0.000585804
0.000572435
0.000559219
0.000546158
0.00053325
0.000520495
0.000507895
0.000495448
0.000483155
0.000471016
0.000459031
0.000447199
0.000435522
0.000423998
0.000412629
0.000401413
0.000390352
0.000379444
0.000368691
0.000358092
0.000347647
0.000337356
0.000327219
0.000317237
0.000307409
0.000297735
0.000288215
0.00027885
0.000269639
0.000260582
0.00025168
0.000242933
0.000234339
0.0002259
0.000217616
0.000209486
0.000201511
0.00019369
0.000186023
0.000178512
0.000171154
0.000163952
0.000156904
0.000150011
0.000143272
0.000136688
0.000130259
0.000123984
0.000117864
0.000111899
0.000106089
0.000100434
9.49328e-05
8.95868e-05
8.43957e-05
7.93594e-05
7.44779e-05
6.97512e-05
6.51794e-05
6.07625e-05
5.65005e-05
5.23933e-05
4.84411e-05
4.46438e-05
4.10013e-05
3.75139e-05
3.41813e-05
3.10037e-05
2.79811e-05
2.51134e-05
2.24007e-05
1.9843e-05
1.74402e-05
1.51925e-05
1.30997e-05
1.11619e-05
9.37917e-06
7.75141e-06
6.27867e-06
4.96094e-06
3.79823e-06
2.79054e-06
1.93788e-06
1.24025e-06
6.9764e-07
3.10063e-07
7.75157e-08
0
0
0
0
0
0
0
0
0
0
0
0
0
0
0
0
0
0
0
0
0
0
0
0
0
0
0
0
0
0
0
0
0
0
0
0
0
0
0
0
0
0
0
0
0
0
0
0
0
0
0
0
0
0
0
0
0
0
0
0
0
0
0
0
0
0
0
0
0
0
0
0
0
0
0
0
0
0
0
0
0
0
0
0
0
0
0
0
0
0
0
0
0
0
0
0
0
0
0
0
0
0
0
0
0
0
0
0
0
0
0
0
0
0
0
0
0
0
0
0
0
0
0
0
0
0
0
0
0
0
0
0
0
0
0
0
0
0
0
0
0
0
0
0
0
0
0
0
0
0
0
0
0
0
0
0
0
0
0
0
0
0
0
0
0
0
0
0
0
0
0
0
0
0
0
0
0
0
0
0
0
0
0
0
0
0
0
0
0
0
0
0
0
0
0
0
0
0
0
0
0
0
0
0
0
0
0
0
0
0
0
0
0
0
0
0
0
0
0
0
0
0
0
0
0
0
0
0
0
0
0
0
0
0
0
0
0
0
0
0
0
0
0
0
0
0
0
0
0
0
0
0
0
0
0
0
0
0
0
0
0
0
0
0
0
0
0
0
0
0
0
0
0
0
0
0
0
0
0
0
0
0
0
0
0
0
0
0
0
0
0
0
0
0
0
0
0
0
0
0
0
0
0
0
0
0
0
0
0
0
0
0
0
0
0
0
0
0
0
0
0
0
0
0
0
0
0
0
0
0
0
0
0
0
0
0
0
0
0
0
0
0
0
0
0
0
0
0
0
0
0
0
0
0
0
0
0
0
0
0
0
0
0
0
0
0
0
0
0
0
0
0
0
0
0
0
0
0
0
0
0
0
0
0
0
0
0
0
0
0
0
0
0
0
0
0
0
0
0
0
0
0
0
0
0
0
0
0
0
0
0
0
0
0
0
0
0
0
0
0
0
0
0
0
0
0
0
0
0
0
0
0
0
0
0
0
0
0
0
0
0
0
0
0
0
0
0
0
0
0
0
0
0
0
0
0
0
0
0
0
0
0
0
0
0
0
0
0
0
0
0
0
0
0
0
0
0
0
0
0
0
0
0
0
0
0
0
0
0
0
0
0
0
0
0
0
0
0
0
0
0
0
0
0
0
0
0
0
0
0
0
0
0
0
0
0
0
0
0
0
0
0
0
0
0
0
0
0
0
0
0
0
0
0
0
0
0
0
0
0
0
0
0
0
0
0
0
0
0
0
0
0
0
0
0
0
0
0
0
0
0
0
0
0
0
0
0
0
0
0
0
0
0
0
0
0
0
0
0
0
0
0
0
0
0
0
0
0
0
0
0
0
0
0
0
0
0
0
0
0
0
0
0
0
0
0
0
0
0
0
0
0
0
0
0
0
0
0
0
0
0
0
0
0
0
0
0
0
0
0
0
0
0
0
0
0
0
0
0
0
0
0
0
0
0
0
0
0
0
0
0
0
0
0
0
0
0
0
0
0
0
0
0
0
0
0
0
0
0
0
0
0
0
0
0
0
0
0
0
0
0
0
0
0
0
0
0
0
0
0
0
0
0
0
0
0
0
0
0
0
0
0
0
0
0
0
0
0
0
0
0
0
0
0
0
0
0
0
0
0
0
0
0
0
0
0
0
0
0
0
0
0
0
0
0
0
0
0
0
0
0
0
0
0
0
0
0
0
0
0
0
0
0
0
0
0
0
0
0
0
0
0
0
0
0
0
0
0
0
0
0
0
0
0
0
0
0
0
0
0
0
0
0
0
0
0
0
0
0
0
0
0
0
0
0
0
0
0
0
0
0
0
0
0
0
0
0
0
0
0
0
0
0
0
0
0
0
0
0
0
0
0
0
0
0
0
0
0
0
0
0
0
0
0
0
0
0
0
0
0
0
0
0
0
0
0
0
0
0
0
0
0
0
0
0
0
0
0
0
0
0
0
0
0
0
0
0
0
0
0
0
0
0
0
0
0
0
0
0
0
0
0
0
0
0
0
0
0
0
0
0
0
0
0
0
0
0
0
0
0
0
0
0
0
0
0
0
0
0
0
0
0
0
0
0
0
0
0
0
0
0
0
0
0
0
0
0
0
0
0
0
0
0
0
0
0
0
0
0
0
0
0
0
0
0
0
0
0
0
0
0
0
0
0
0
0
0
0
0
0
0
0
0
0
0
0
0
0
0
0
0
0
0
0
0
0
0
0
0
0
0
0
0
0
0
0
0
0
0
0
0
0
0
0
0
0
0
0
0
0
0
0
0
0
0
0
0
0
0
0
0
0
0
0
0
0
0
0
0
0
0
0
0
0
0
0
0
0
0
0
0
0
0
0
0
0
0
0
0
0
0
0
0
0
0
0
0
0
0
0
0
0
0
0
0
0
0
0
0
0
0
0
0
0
0
0
0
0
0
0
0
0
0
0
0
0
0
0
0
0
0
0
0
0
0
0
0
0
0
0
0
0
0
0
0
0
0
0
0
0
0
0
0
0
0
0
0
0
0
0
0
0
0
0
0
0
0
0
0
0
0
0
0
0
0
0
0
0
0
0
0
0
0
0
0
0
0
0
0
0
0
0
0
0
0
0
0
0
0
0
0
0
0
0
0
0
0
0
0
0
0
0
0
0
0
0
0
0
0
0
0
0
0
0
0
0
0
0
0
0
0
0
0
0
0
0
0
0
0
0
0
0
0
0
0
0
0
0
0
0
0
0
0
0
0
0
0
0
0
0
0
0
0
0
0
0
0
0
0
0
0
0
0
0
0
0
0
0
0
0
0
0
0
0
0
0
0
0
0
0
0
0
0
0
0
0
0
0
0
0
0
0
0
0
0
0
0
0
0
0
0
0
0
0
0
0
0
0
0
0
0
0
0
0
0
0
0
0
0
0
0
0
0
0
0
0
0
0
0
0
0
0
0
0
0
0
0
0
0
0
0
0
0
0
0
0
0
0
0
0
0
0
0
0
0
0
0
0
0
0
0
0
0
0
0
0
0
0
0
0
0
0
0
0
0
0
0
0
0
0
0
0
0
0
0
0
0
0
0
0
0
0
0
0
0
0
0
0
0
0
0
0
0
0
0
0
0
0
0
0
0
0
0
0
0
0
0
0
0
0
0
0
0
0
0
0
0
0
0
0
0
0
0
0
0
0
0
0
0
0
0
0
0
0
0
0
0
0
0
0
0
0
0
0
0
0
0
0
0
0
0
0
0
0
0
0
0
0
0
0
0
0
0
0
0
0
0
0
0
0
0
0
0
0
0
0
0
0
0
0
0
0
0
0
0
0
0
0
0
0
0
0
0
0
0
0
0
0
0
0
0
0
0
0
0
0
0
0
0
0
0
0
0
0
0
0
0
0
0
0
0
0
0
0
0
0
0
0
0
0
0
0
0
0
0
0
0
0
0
0
0
0
0
0
0
0
0
0
0
0
0
0
0
0
0
0
0
0
0
0
0
0
0
0
0
0
0
0
0
0
0
0
0
0
0
0
0
0
0
0
0
0
0
0
0
0
0
0
0
0
0
0
0
0
0
0
0
0
0
0
0
0
0
0
0
0
0
0
0
0
0
0
0
0
0
0
0
0
0
0
0
0
0
0
0
0
0
0
0
0
0
0
0
0
0
0
0
0
0
0
0
0
0
0
0
0
0
0
0
0
0
0
0
0
0
0
0
0
0
0
0
0
0
0
0
0
0
0
0
0
0
0
0
0
0
0
0
0
0
0
0
0
0
0
0
0
0
0
0
0
0
0
0
0
0
0
0
0
0
0
0
0
0
0
0
0
0
0
0
0
0
0
0
0
0
0
0
0
0
0
0
0
0
0
0
0
0
0
0
0
0
0
0
0
0
0
0
0
0
0
0
0
0
0
0
0
0
0
0
0
0
0
0
0
0
0
0
0
0
0
0
0
0
0
0
0
0
0
0
0
0
0
0
0
0
0
0
0
0
0
0
0
0
0
0
0
0
0
0
0
0
0
0
0
0
0
0
0
0
0
0
0
0
0
0
0
0
0
0
0
0
0
0
0
0
0
0
0
0
0
0
0
0
0
0
0
0
0
0
0
0
0
0
0
0
0
0
0
0
0
0
0
0
0
0
0
0
0
0
0
0
0
0
0
0
0
0
0
0
0
0
0
0
0
0
0
0
0
0
0
0
0
0
0
0
0
0
0
0
0
0
0
0
0
0
0
0
0
0
0
0
0
0
0
0
0
0
0
0
0
0
0
0
0
0
0
0
0
0
0
0
0
0
0
0
0
0
0
0
0
0
0
0
0
0
0
0
0
0
0
0
0
0
0
0
0
0
0
0
0
0
0
0
0
0
0
0
0
0
0
0
0
0
0
0
0
0
0
0
0
0
0
0
0
0
0
0
0
0
0
0
0
0
0
0
0
0
0
0
0
0
0
0
0
0
0
0
0
0
0
0
0
0
0
0
0
0
0
0
0
0
0
0
0
0
0
0
0
0
0
0
0
0
0
0
0
0
0
0
0
0
0
0
0
0
0
0
0
0
0
0
