0
2.21473e-07
8.85891e-07
1.99325e-06
3.54353e-06
5.53672e-06
7.97281e-06
1.08518e-05
1.41736e-05
1.79382e-05
2.21455e-05
2.67956e-05
3.18884e-05
3.74238e-05
4.34018e-05
4.98223e-05
5.66853e-05
6.39906e-05
7.17383e-05
7.99282e-05
8.85602e-05
9.76344e-05
0.00010715
0.000117108
0.000127508
0.00013835
0.000149633
0.000161357
0.000173523
0.00018613
0.000199179
0.000212668
0.000226598
0.000240969
0.00025578
0.000271032
0.000286724
0.000302856
0.000319428
0.00033644
0.000353891
0.000371782
0.000390113
0.000408882
0.00042809
0.000447737
0.000467823
0.000488347
0.000509309
0.000530708
0.000552546
0.000574821
0.000597533
0.000620683
0.000644269
0.000668292
0.000692751
0.000717646
0.000742977
0.000768744
0.000794946
0.000821584
0.000848656
0.000876162
0.000904103
0.000932478
0.000961287
0.000990529
0.0010202
0.00105031
0.00108085
0.00111183
0.00114323
0.00117507
0.00120734
0.00124004
0.00127316
0.00130673
0.00134072
0.00137514
0.00140998
0.00144526
0.00148097
0.00151711
0.00155367
0.00159066
0.00162808
0.00166592
0.00170419
0.00174289
0.00178202
0.00182156
0.00186154
0.00190194
0.00194276
0.001984
0.00202567
0.00206777
0.00211028
0.00215322
0.00219658
0.00224036
0.00228456
0.00232918
0.00237422
0.00241968
0.00246556
0.00251186
0.00255858
0.00260571
0.00265326
0.00270123
0.00274962
0.00279842
0.00284763
0.00289727
0.00294731
0.00299777
0.00304864
0.00309993
0.00315162
0.00320373
0.00325625
0.00330919
0.00336253
0.00341628
0.00347044
0.00352501
0.00357999
0.00363537
0.00369116
0.00374736
0.00380397
0.00386098
0.00391839
0.00397621
0.00403443
0.00409306
0.00415209
0.00421152
0.00427135
0.00433158
0.00439222
0.00445325
0.00451468
0.00457651
0.00463874
0.00470136
0.00476439
0.0048278
0.00489162
0.00495582
0.00502042
0.00508542
0.00515081
0.00521659
0.00528276
0.00534932
0.00541627
0.00548361
0.00555134
0.00561946
0.00568797
0.00575686
0.00582614
0.0058958
0.00596585
0.00603629
0.0061071
0.0061783
0.00624988
0.00632185
0.00639419
0.00646691
0.00654001
0.00661349
0.00668735
0.00676159
0.0068362
0.00691118
0.00698655
0.00706228
0.00713839
0.00721487
0.00729172
0.00736895
0.00744654
0.00752451
0.00760284
0.00768154
0.00776061
0.00784004
0.00791984
0.008
0.00808053
0.00816142
0.00824268
0.00832429
0.00840627
0.0084886
0.0085713
0.00865435
0.00873776
0.00882153
0.00890565
0.00899013
0.00907496
0.00916015
0.00924569
0.00933158
0.00941782
0.00950441
0.00959135
0.00967864
0.00976628
0.00985426
0.00994259
0.0100313
0.0101203
0.0102096
0.0102993
0.0103894
0.0104798
0.0105705
0.0106616
0.010753
0.0108447
0.0109368
0.0110292
0.0111219
0.011215
0.0113084
0.0114021
0.0114962
0.0115906
0.0116853
0.0117804
0.0118758
0.0119715
0.0120675
0.0121639
0.0122605
0.0123575
0.0124549
0.0125525
0.0126505
0.0127487
0.0128473
0.0129462
0.0130455
0.013145
0.0132449
0.013345
0.0134455
0.0135463
0.0136474
0.0137488
0.0138505
0.0139525
0.0140549
0.0141575
0.0142604
0.0143637
0.0144672
0.014571
0.0146752
0.0147796
0.0148843
0.0149894
0.0150947
0.0152003
0.0153062
0.0154124
0.0155189
0.0156257
0.0157327
0.0158401
0.0159477
0.0160557
0.0161639
0.0162724
0.0163812
0.0164902
0.0165996
0.0167092
0.0168191
0.0169292
0.0170397
0.0171504
0.0172614
0.0173727
0.0174842
0.017596
0.0177081
0.0178205
0.0179331
0.018046
0.0181591
0.0182725
0.0183862
0.0185002
0.0186144
0.0187288
0.0188435
0.0189585
0.0190737
0.0191892
0.0193049
0.0194209
0.0195372
0.0196537
0.0197704
0.0198874
0.0200046
0.0201221
0.0202398
0.0203578
0.020476
0.0205944
0.0207131
0.020832
0.0209512
0.0210706
0.0211902
0.0213101
0.0214302
0.0215505
0.0216711
0.0217919
0.0219129
0.0220342
0.0221556
0.0222773
0.0223993
0.0225214
0.0226438
0.0227663
0.0228891
0.0230122
0.0231354
0.0232588
0.0233825
0.0235064
0.0236305
0.0237548
0.0238793
0.024004
0.0241289
0.024254
0.0243793
0.0245048
0.0246306
0.0247565
0.0248826
0.025009
0.0251355
0.0252622
0.0253891
0.0255162
0.0256435
0.025771
0.0258986
0.0260265
0.0261545
0.0262828
0.0264112
0.0265398
0.0266685
0.0267975
0.0269266
0.0270559
0.0271854
0.0273151
0.0274449
0.0275749
0.0277051
0.0278354
0.027966
0.0280966
0.0282275
0.0283585
0.0284897
0.028621
0.0287525
0.0288842
0.029016
0.029148
0.0292801
0.0294124
0.0295448
0.0296774
0.0298101
0.029943
0.030076
0.0302092
0.0303425
0.030476
0.0306096
0.0307433
0.0308772
0.0310112
0.0311454
0.0312797
0.0314141
0.0315487
0.0316834
0.0318182
0.0319532
0.0320883
0.0322235
0.0323588
0.0324943
0.0326298
0.0327655
0.0329014
0.0330373
0.0331734
0.0333095
0.0334458
0.0335822
0.0337187
0.0338553
0.0339921
0.0341289
0.0342658
0.0344029
0.03454
0.0346773
0.0348146
0.0349521
0.0350896
0.0352273
0.035365
0.0355029
0.0356408
0.0357788
0.0359169
0.0360551
0.0361934
0.0363318
0.0364702
0.0366088
0.0367474
0.0368861
0.0370249
0.0371637
0.0373027
0.0374417
0.0375808
0.0377199
0.0378591
0.0379984
0.0381378
0.0382772
0.0384167
0.0385563
0.0386959
0.0388356
0.0389753
0.0391151
0.039255
0.0393949
0.0395348
0.0396748
0.0398149
0.039955
0.0400952
0.0402354
0.0403757
0.040516
0.0406563
0.0407967
0.0409371
0.0410776
0.0412181
0.0413587
0.0414992
0.0416398
0.0417805
0.0419212
0.0420619
0.0422026
0.0423433
0.0424841
0.0426249
0.0427658
0.0429066
0.0430475
0.0431884
0.0433293
0.0434702
0.0436111
0.0437521
0.043893
0.044034
0.044175
0.0443159
0.0444569
0.0445979
0.0447389
0.0448799
0.0450209
0.0451619
0.0453029
0.0454439
0.0455848
0.0457258
0.0458668
0.0460077
0.0461487
0.0462896
0.0464305
0.0465714
0.0467123
0.0468532
0.046994
0.0471349
0.0472757
0.0474164
0.0475572
0.0476979
0.0478386
0.0479793
0.0481199
0.0482606
0.0484011
0.0485417
0.0486822
0.0488226
0.0489631
0.0491035
0.0492438
0.0493841
0.0495244
0.0496646
0.0498048
0.0499449
0.0500849
0.050225
0.0503649
0.0505048
0.0506447
0.0507845
0.0509242
0.0510639
0.0512035
0.0513431
0.0514826
0.051622
0.0517614
0.0519007
0.0520399
0.052179
0.0523181
0.0524571
0.0525961
0.0527349
0.0528737
0.0530124
0.053151
0.0532895
0.053428
0.0535664
0.0537047
0.0538429
0.053981
0.054119
0.0542569
0.0543948
0.0545325
0.0546701
0.0548077
0.0549451
0.0550825
0.0552197
0.0553569
0.0554939
0.0556309
0.0557677
0.0559045
0.0560411
0.0561776
0.056314
0.0564503
0.0565864
0.0567225
0.0568584
0.0569942
0.0571299
0.0572655
0.057401
0.0575363
0.0576715
0.0578066
0.0579416
0.0580764
0.0582111
0.0583457
0.0584801
0.0586144
0.0587485
0.0588826
0.0590165
0.0591502
0.0592838
0.0594173
0.0595506
0.0596838
0.0598168
0.0599497
0.0600824
0.060215
0.0603474
0.0604797
0.0606118
0.0607438
0.0608756
0.0610073
0.0611388
0.0612701
0.0614013
0.0615323
0.0616631
0.0617938
0.0619243
0.0620547
0.0621849
0.0623149
0.0624447
0.0625744
0.0627039
0.0628332
0.0629623
0.0630912
0.06322
0.0633486
0.063477
0.0636053
0.0637333
0.0638612
0.0639888
0.0641163
0.0642436
0.0643707
0.0644976
0.0646243
0.0647508
0.0648772
0.0650033
0.0651292
0.0652549
0.0653805
0.0655058
0.0656309
0.0657558
0.0658805
0.066005
0.0661293
0.0662534
0.0663773
0.0665009
0.0666244
0.0667476
0.0668706
0.0669934
0.067116
0.0672384
0.0673605
0.0674825
0.0676041
0.0677256
0.0678469
0.0679679
0.0680887
0.0682092
0.0683296
0.0684497
0.0685695
0.0686892
0.0688086
0.0689277
0.0690467
0.0691654
0.0692838
0.069402
0.06952
0.0696377
0.0697552
0.0698724
0.0699894
0.0701061
0.0702226
0.0703389
0.0704549
0.0705706
0.0706861
0.0708013
0.0709163
0.071031
0.0711454
0.0712596
0.0713736
0.0714872
0.0716007
0.0717138
0.0718267
0.0719393
0.0720517
0.0721637
0.0722756
0.0723871
0.0724984
0.0726094
0.0727201
0.0728305
0.0729407
0.0730506
0.0731602
0.0732696
0.0733786
0.0734874
0.0735959
0.0737041
0.0738121
0.0739197
0.0740271
0.0741341
0.0742409
0.0743474
0.0744536
0.0745595
0.0746651
0.0747704
0.0748755
0.0749802
0.0750846
0.0751888
0.0752926
0.0753961
0.0754994
0.0756023
0.0757049
0.0758073
0.0759093
0.076011
0.0761124
0.0762135
0.0763143
0.0764148
0.0765149
0.0766148
0.0767143
0.0768135
0.0769125
0.077011
0.0771093
0.0772073
0.0773049
0.0774023
0.0774993
0.0775959
0.0776923
0.0777883
0.077884
0.0779794
0.0780745
0.0781692
0.0782636
0.0783577
0.0784514
0.0785448
0.0786379
0.0787306
0.078823
0.0789151
0.0790068
0.0790982
0.0791893
0.07928
0.0793704
0.0794604
0.0795502
0.0796395
0.0797285
0.0798172
0.0799055
0.0799935
0.0800811
0.0801684
0.0802554
0.080342
0.0804282
0.0805141
0.0805996
0.0806848
0.0807697
0.0808541
0.0809383
0.081022
0.0811054
0.0811885
0.0812712
0.0813535
0.0814355
0.0815171
0.0815984
0.0816793
0.0817598
0.08184
0.0819198
0.0819992
0.0820783
0.082157
0.0822353
0.0823132
0.0823908
0.0824681
0.0825449
0.0826214
0.0826975
0.0827732
0.0828486
0.0829236
0.0829982
0.0830724
0.0831463
0.0832198
0.0832929
0.0833656
0.0834379
0.0835099
0.0835815
0.0836527
0.0837235
0.0837939
0.083864
0.0839337
0.0840029
0.0840718
0.0841403
0.0842084
0.0842762
0.0843435
0.0844105
0.084477
0.0845432
0.084609
0.0846744
0.0847394
0.084804
0.0848682
0.084932
0.0849954
0.0850584
0.0851211
0.0851833
0.0852451
0.0853065
0.0853676
0.0854282
0.0854884
0.0855483
0.0856077
0.0856667
0.0857254
0.0857836
0.0858414
0.0858988
0.0859558
0.0860124
0.0860686
0.0861244
0.0861798
0.0862348
0.0862894
0.0863435
0.0863973
0.0864506
0.0865035
0.0865561
0.0866082
0.0866599
0.0867111
0.086762
0.0868125
0.0868625
0.0869122
0.0869614
0.0870102
0.0870586
0.0871065
0.0871541
0.0872012
0.0872479
0.0872942
0.0873401
0.0873856
0.0874306
0.0874752
0.0875194
0.0875632
0.0876066
0.0876495
0.087692
0.0877341
0.0877758
0.087817
0.0878579
0.0878983
0.0879382
0.0879778
0.0880169
0.0880556
0.0880939
0.0881317
0.0881691
0.0882061
0.0882427
0.0882788
0.0883145
0.0883498
0.0883847
0.0884191
0.0884531
0.0884866
0.0885198
0.0885525
0.0885847
0.0886166
0.088648
0.0886789
0.0887095
0.0887396
0.0887693
0.0887985
0.0888273
0.0888557
0.0888836
0.0889111
0.0889382
0.0889648
0.088991
0.0890168
0.0890421
0.089067
0.0890915
0.0891155
0.0891391
0.0891623
0.089185
0.0892072
0.0892291
0.0892505
0.0892714
0.089292
0.0893121
0.0893317
0.0893509
0.0893697
0.089388
0.0894059
0.0894234
0.0894404
0.0894569
0.0894731
0.0894888
0.089504
0.0895188
0.0895332
0.0895471
0.0895606
0.0895737
0.0895863
0.0895984
0.0896102
0.0896214
0.0896323
0.0896427
0.0896526
0.0896622
0.0896712
0.0896799
0.0896881
0.0896958
0.0897031
0.08971
0.0897164
0.0897224
0.0897279
0.089733
0.0897376
0.0897419
0.0897456
0.0897489
0.0897518
0.0897543
0.0897562
0.0897578
0.0897589
0.0897596
0.0897598
0.0897596
0.0897589
0.0897578
0.0897562
0.0897543
0.0897518
0.0897489
0.0897456
0.0897419
0.0897376
0.089733
0.0897279
0.0897224
0.0897164
0.08971
0.0897031
0.0896958
0.0896881
0.0896799
0.0896712
0.0896622
0.0896526
0.0896427
0.0896323
0.0896214
0.0896102
0.0895984
0.0895863
0.0895737
0.0895606
0.0895471
0.0895332
0.0895188
0.089504
0.0894888
0.0894731
0.0894569
0.0894404
0.0894234
0.0894059
0.089388
0.0893697
0.0893509
0.0893317
0.0893121
0.089292
0.0892714
0.0892505
0.0892291
0.0892072
0.089185
0.0891623
0.0891391
0.0891155
0.0890915
0.089067
0.0890421
0.0890168
0.088991
0.0889648
0.0889382
0.0889111
0.0888836
0.0888557
0.0888273
0.0887985
0.0887693
0.0887396
0.0887095
0.0886789
0.088648
0.0886166
0.0885847
0.0885525
0.0885198
0.0884866
0.0884531
0.0884191
0.0883847
0.0883498
0.0883145
0.0882788
0.0882427
0.0882061
0.0881691
0.0881317
0.0880939
0.0880556
0.0880169
0.0879778
0.0879382
0.0878983
0.0878579
0.087817
0.0877758
0.0877341
0.087692
0.0876495
0.0876066
0.0875632
0.0875194
0.0874752
0.0874306
0.0873856
0.0873401
0.0872942
0.0872479
0.0872012
0.0871541
0.0871065
0.0870586
0.0870102
0.0869614
0.0869122
0.0868625
0.0868125
0.086762
0.0867111
0.0866599
0.0866082
0.0865561
0.0865035
0.0864506
0.0863973
0.0863435
0.0862894
0.0862348
0.0861798
0.0861244
0.0860686
0.0860124
0.0859558
0.0858988
0.0858414
0.0857836
0.0857254
0.0856667
0.0856077
0.0855483
0.0854884
0.0854282
0.0853676
0.0853065
0.0852451
0.0851833
0.0851211
0.0850584
0.0849954
0.084932
0.0848682
0.084804
0.0847394
0.0846744
0.084609
0.0845432
0.084477
0.0844105
0.0843435
0.0842762
0.0842084
0.0841403
0.0840718
0.0840029
0.0839337
0.083864
0.0837939
0.0837235
0.0836527
0.0835815
0.0835099
0.0834379
0.0833656
0.0832929
0.0832198
0.0831463
0.0830724
0.0829982
0.0829236
0.0828486
0.0827732
0.0826975
0.0826214
0.0825449
0.0824681
0.0823908
0.0823132
0.0822353
0.082157
0.0820783
0.0819992
0.0819198
0.08184
0.0817598
0.0816793
0.0815984
0.0815171
0.0814355
0.0813535
0.0812712
0.0811885
0.0811054
0.081022
0.0809383
0.0808541
0.0807697
0.0806848
0.0805996
0.0805141
0.0804282
0.080342
0.0802554
0.0801684
0.0800811
0.0799935
0.0799055
0.0798172
0.0797285
0.0796395
0.0795502
0.0794604
0.0793704
0.07928
0.0791893
0.0790982
0.0790068
0.0789151
0.078823
0.0787306
0.0786379
0.0785448
0.0784514
0.0783577
0.0782636
0.0781692
0.0780745
0.0779794
0.077884
0.0777883
0.0776923
0.0775959
0.0774993
0.0774023
0.0773049
0.0772073
0.0771093
0.077011
0.0769125
0.0768135
0.0767143
0.0766148
0.0765149
0.0764148
0.0763143
0.0762135
0.0761124
0.076011
0.0759093
0.0758073
0.0757049
0.0756023
0.0754994
0.0753961
0.0752926
0.0751888
0.0750846
0.0749802
0.0748755
0.0747704
0.0746651
0.0745595
0.0744536
0.0743474
0.0742409
0.0741341
0.0740271
0.0739197
0.0738121
0.0737041
0.0735959
0.0734874
0.0733786
0.0732696
0.0731602
0.0730506
0.0729407
0.0728305
0.0727201
0.0726094
0.0724984
0.0723871
0.0722756
0.0721637
0.0720517
0.0719393
0.0718267
0.0717138
0.0716007
0.0714872
0.0713736
0.0712596
0.0711454
0.071031
0.0709163
0.0708013
0.0706861
0.0705706
0.0704549
0.0703389
0.0702226
0.0701061
0.0699894
0.0698724
0.0697552
0.0696377
0.06952
0.069402
0.0692838
0.0691654
0.0690467
0.0689277
0.0688086
0.0686892
0.0685695
0.0684497
0.0683296
0.0682092
0.0680887
0.0679679
0.0678469
0.0677256
0.0676041
0.0674825
0.0673605
0.0672384
0.067116
0.0669934
0.0668706
0.0667476
0.0666244
0.0665009
0.0663773
0.0662534
0.0661293
0.066005
0.0658805
0.0657558
0.0656309
0.0655058
0.0653805
0.0652549
0.0651292
0.0650033
0.0648772
0.0647508
0.0646243
0.0644976
0.0643707
0.0642436
0.0641163
0.0639888
0.0638612
0.0637333
0.0636053
0.063477
0.0633486
0.06322
0.0630912
0.0629623
0.0628332
0.0627039
0.0625744
0.0624447
0.0623149
0.0621849
0.0620547
0.0619243
0.0617938
0.0616631
0.0615323
0.0614013
0.0612701
0.0611388
0.0610073
0.0608756
0.0607438
0.0606118
0.0604797
0.0603474
0.060215
0.0600824
0.0599497
0.0598168
0.0596838
0.0595506
0.0594173
0.0592838
0.0591502
0.0590165
0.0588826
0.0587485
0.0586144
0.0584801
0.0583457
0.0582111
0.0580764
0.0579416
0.0578066
0.0576715
0.0575363
0.057401
0.0572655
0.0571299
0.0569942
0.0568584
0.0567225
0.0565864
0.0564503
0.056314
0.0561776
0.0560411
0.0559045
0.0557677
0.0556309
0.0554939
0.0553569
0.0552197
0.0550825
0.0549451
0.0548077
0.0546701
0.0545325
0.0543948
0.0542569
0.054119
0.053981
0.0538429
0.0537047
0.0535664
0.053428
0.0532895
0.053151
0.0530124
0.0528737
0.0527349
0.0525961
0.0524571
0.0523181
0.052179
0.0520399
0.0519007
0.0517614
0.051622
0.0514826
0.0513431
0.0512035
0.0510639
0.0509242
0.0507845
0.0506447
0.0505048
0.0503649
0.050225
0.0500849
0.0499449
0.0498048
0.0496646
0.0495244
0.0493841
0.0492438
0.0491035
0.0489631
0.0488226
0.0486822
0.0485417
0.0484011
0.0482606
0.0481199
0.0479793
0.0478386
0.0476979
0.0475572
0.0474164
0.0472757
0.0471349
0.046994
0.0468532
0.0467123
0.0465714
0.0464305
0.0462896
0.0461487
0.0460077
0.0458668
0.0457258
0.0455848
0.0454439
0.0453029
0.0451619
0.0450209
0.0448799
0.0447389
0.0445979
0.0444569
0.0443159
0.044175
0.044034
0.043893
0.0437521
0.0436111
0.0434702
0.0433293
0.0431884
0.0430475
0.0429066
0.0427658
0.0426249
0.0424841
0.0423433
0.0422026
0.0420619
0.0419212
0.0417805
0.0416398
0.0414992
0.0413587
0.0412181
0.0410776
0.0409371
0.0407967
0.0406563
0.040516
0.0403757
0.0402354
0.0400952
0.039955
0.0398149
0.0396748
0.0395348
0.0393949
0.039255
0.0391151
0.0389753
0.0388356
0.0386959
0.0385563
0.0384167
0.0382772
0.0381378
0.0379984
0.0378591
0.0377199
0.0375808
0.0374417
0.0373027
0.0371637
0.0370249
0.0368861
0.0367474
0.0366088
0.0364702
0.0363318
0.0361934
0.0360551
0.0359169
0.0357788
0.0356408
0.0355029
0.035365
0.0352273
0.0350896
0.0349521
0.0348146
0.0346773
0.03454
0.0344029
0.0342658
0.0341289
0.0339921
0.0338553
0.0337187
0.0335822
0.0334458
0.0333095
0.0331734
0.0330373
0.0329014
0.0327655
0.0326298
0.0324943
0.0323588
0.0322235
0.0320883
0.0319532
0.0318182
0.0316834
0.0315487
0.0314141
0.0312797
0.0311454
0.0310112
0.0308772
0.0307433
0.0306096
0.030476
0.0303425
0.0302092
0.030076
0.029943
0.0298101
0.0296774
0.0295448
0.0294124
0.0292801
0.029148
0.029016
0.0288842
0.0287525
0.028621
0.0284897
0.0283585
0.0282275
0.0280966
0.027966
0.0278354
0.0277051
0.0275749
0.0274449
0.0273151
0.0271854
0.0270559
0.0269266
0.0267975
0.0266685
0.0265398
0.0264112
0.0262828
0.0261545
0.0260265
0.0258986
0.025771
0.0256435
0.0255162
0.0253891
0.0252622
0.0251355
0.025009
0.0248826
0.0247565
0.0246306
0.0245048
0.0243793
0.024254
0.0241289
0.024004
0.0238793
0.0237548
0.0236305
0.0235064
0.0233825
0.0232588
0.0231354
0.0230122
0.0228891
0.0227663
0.0226438
0.0225214
0.0223993
0.0222773
0.0221556
0.0220342
0.0219129
0.0217919
0.0216711
0.0215505
0.0214302
0.0213101
0.0211902
0.0210706
0.0209512
0.020832
0.0207131
0.0205944
0.020476
0.0203578
0.0202398
0.0201221
0.0200046
0.0198874
0.0197704
0.0196537
0.0195372
0.0194209
0.0193049
0.0191892
0.0190737
0.0189585
0.0188435
0.0187288
0.0186144
0.0185002
0.0183862
0.0182725
0.0181591
0.018046
0.0179331
0.0178205
0.0177081
0.017596
0.0174842
0.0173727
0.0172614
0.0171504
0.0170397
0.0169292
0.0168191
0.0167092
0.0165996
0.0164902
0.0163812
0.0162724
0.0161639
0.0160557
0.0159477
0.0158401
0.0157327
0.0156257
0.0155189
0.0154124
0.0153062
0.0152003
0.0150947
0.0149894
0.0148843
0.0147796
0.0146752
0.014571
0.0144672
0.0143637
0.0142604
0.0141575
0.0140549
0.0139525
0.0138505
0.0137488
0.0136474
0.0135463
0.0134455
0.013345
0.0132449
0.013145
0.0130455
0.0129462
0.0128473
0.0127487
0.0126505
0.0125525
0.0124549
0.0123575
0.0122605
0.0121639
0.0120675
0.0119715
0.0118758
0.0117804
0.0116853
0.0115906
0.0114962
0.0114021
0.0113084
0.011215
0.0111219
0.0110292
0.0109368
0.0108447
0.010753
0.0106616
0.0105705
0.0104798
0.0103894
0.0102993
0.0102096
0.0101203
0.0100313
0.00994259
0.00985426
0.00976628
0.00967864
0.00959135
0.00950441
0.00941782
0.00933158
0.00924569
0.00916015
0.00907496
0.00899013
0.00890565
0.00882153
0.00873776
0.00865435
0.0085713
0.0084886
0.00840627
0.00832429
0.00824268
0.00816142
0.00808053
0.008
0.00791984
0.00784004
0.00776061
0.00768154
0.00760284
0.00752451
0.00744654
0.00736895
0.00729172
0.00721487
0.00713839
0.00706228
0.00698655
0.00691118
0.0068362
0.00676159
0.00668735
0.00661349
0.00654001
0.00646691
0.00639419
0.00632185
0.00624988
0.0061783
0.0061071
0.00603629
0.00596585
0.0058958
0.00582614
0.00575686
0.00568797
0.00561946
0.00555134
0.00548361
0.00541627
0.00534932
0.00528276
0.00521659
0.00515081
0.00508542
0.00502042
0.00495582
0.00489162
0.0048278
0.00476439
0.00470136
0.00463874
0.00457651
0.00451468
0.00445325
0.00439222
0.00433158
0.00427135
0.00421152
0.00415209
0.00409306
0.00403443
0.00397621
0.00391839
0.00386098
0.00380397
0.00374736
0.00369116
0.00363537
0.00357999
0.00352501
0.00347044
0.00341628
0.00336253
0.00330919
0.00325625
0.00320373
0.00315162
0.00309993
0.00304864
0.00299777
0.00294731
0.00289727
0.00284763
0.00279842
0.00274962
0.00270123
0.00265326
0.00260571
0.00255858
0.00251186
0.00246556
0.00241968
0.00237422
0.00232918
0.00228456
0.00224036
0.00219658
0.00215322
0.00211028
0.00206777
0.00202567
0.001984
0.00194276
0.00190194
0.00186154
0.00182156
0.00178202
0.00174289
0.00170419
0.00166592
0.00162808
0.00159066
0.00155367
0.00151711
0.00148097
0.00144526
0.00140998
0.00137514
0.00134072
0.00130673
0.00127316
0.00124004
0.00120734
0.00117507
0.00114323
0.00111183
0.00108085
0.00105031
0.0010202
0.000990529
0.000961287
0.000932478
0.000904103
0.000876162
0.000848656
0.000821584
0.000794946
0.000768744
0.000742977
0.000717646
0.000692751
0.000668292
0.000644269
0.000620683
0.000597533
0.000574821
0.000552546
0.000530708
0.000509309
0.000488347
0.000467823
0.000447737
0.00042809
0.000408882
0.000390113
0.000371782
0.000353891
0.00033644
0.000319428
0.000302856
0.000286724
0.000271032
0.00025578
0.000240969
0.000226598
0.000212668
0.000199179
0.00018613
0.000173523
0.000161357
0.000149633
0.00013835
0.000127508
0.000117108
0.00010715
9.76344e-05
8.85602e-05
7.99282e-05
7.17383e-05
6.39906e-05
5.66853e-05
4.98223e-05
4.34018e-05
3.74238e-05
3.18884e-05
2.67956e-05
2.21455e-05
1.79382e-05
1.41736e-05
1.08518e-05
7.97281e-06
5.53672e-06
3.54353e-06
1.99325e-06
8.85891e-07
2.21473e-07
0
2.21473e-07
8.85891e-07
1.99325e-06
3.54353e-06
5.53672e-06
7.97281e-06
1.08518e-05
1.41736e-05
1.79382e-05
2.21455e-05
2.67956e-05
3.18884e-05
3.74238e-05
4.34018e-05
4.98223e-05
5.66853e-05
6.39906e-05
7.17383e-05
7.99282e-05
8.85602e-05
9.76344e-05
0.00010715
0.000117108
0.000127508
0.00013835
0.000149633
0.000161357
0.000173523
0.00018613
0.000199179
0.000212668
0.000226598
0.000240969
0.00025578
0.000271032
0.000286724
0.000302856
0.000319428
0.00033644
0.000353891
0.000371782
0.000390113
0.000408882
0.00042809
0.000447737
0.000467823
0.000488347
0.000509309
0.000530708
0.000552546
0.000574821
0.000597533
0.000620683
0.000644269
0.000668292
0.000692751
0.000717646
0.000742977
0.000768744
0.000794946
0.000821584
0.000848656
0.000876162
0.000904103
0.000932478
0.000961287
0.000990529
0.0010202
0.00105031
0.00108085
0.00111183
0.00114323
0.00117507
0.00120734
0.00124004
0.00127316
0.00130673
0.00134072
0.00137514
0.00140998
0.00144526
0.00148097
0.00151711
0.00155367
0.00159066
0.00162808
0.00166592
0.00170419
0.00174289
0.00178202
0.00182156
0.00186154
0.00190194
0.00194276
0.001984
0.00202567
0.00206777
0.00211028
0.00215322
0.00219658
0.00224036
0.00228456
0.00232918
0.00237422
0.00241968
0.00246556
0.00251186
0.00255858
0.00260571
0.00265326
0.00270123
0.00274962
0.00279842
0.00284763
0.00289727
0.00294731
0.00299777
0.00304864
0.00309993
0.00315162
0.00320373
0.00325625
0.00330919
0.00336253
0.00341628
0.00347044
0.00352501
0.00357999
0.00363537
0.00369116
0.00374736
0.00380397
0.00386098
0.00391839
0.00397621
0.00403443
0.00409306
0.00415209
0.00421152
0.00427135
0.00433158
0.00439222
0.00445325
0.00451468
0.00457651
0.00463874
0.00470136
0.00476439
0.0048278
0.00489162
0.00495582
0.00502042
0.00508542
0.00515081
0.00521659
0.00528276
0.00534932
0.00541627
0.00548361
0.00555134
0.00561946
0.00568797
0.00575686
0.00582614
0.0058958
0.00596585
0.00603629
0.0061071
0.0061783
0.00624988
0.00632185
0.00639419
0.00646691
0.00654001
0.00661349
0.00668735
0.00676159
0.0068362
0.00691118
0.00698655
0.00706228
0.00713839
0.00721487
0.00729172
0.00736895
0.00744654
0.00752451
0.00760284
0.00768154
0.00776061
0.00784004
0.00791984
0.008
0.00808053
0.00816142
0.00824268
0.00832429
0.00840627
0.0084886
0.0085713
0.00865435
0.00873776
0.00882153
0.00890565
0.00899013
0.00907496
0.00916015
0.00924569
0.00933158
0.00941782
0.00950441
0.00959135
0.00967864
0.00976628
0.00985426
0.00994259
0.0100313
0.0101203
0.0102096
0.0102993
0.0103894
0.0104798
0.0105705
0.0106616
0.010753
0.0108447
0.0109368
0.0110292
0.0111219
0.011215
0.0113084
0.0114021
0.0114962
0.0115906
0.0116853
0.0117804
0.0118758
0.0119715
0.0120675
0.0121639
0.0122605
0.0123575
0.0124549
0.0125525
0.0126505
0.0127487
0.0128473
0.0129462
0.0130455
0.013145
0.0132449
0.013345
0.0134455
0.0135463
0.0136474
0.0137488
0.0138505
0.0139525
0.0140549
0.0141575
0.0142604
0.0143637
0.0144672
0.014571
0.0146752
0.0147796
0.0148843
0.0149894
0.0150947
0.0152003
0.0153062
0.0154124
0.0155189
0.0156257
0.0157327
0.0158401
0.0159477
0.0160557
0.0161639
0.0162724
0.0163812
0.0164902
0.0165996
0.0167092
0.0168191
0.0169292
0.0170397
0.0171504
0.0172614
0.0173727
0.0174842
0.017596
0.0177081
0.0178205
0.0179331
0.018046
0.0181591
0.0182725
0.0183862
0.0185002
0.0186144
0.0187288
0.0188435
0.0189585
0.0190737
0.0191892
0.0193049
0.0194209
0.0195372
0.0196537
0.0197704
0.0198874
0.0200046
0.0201221
0.0202398
0.0203578
0.020476
0.0205944
0.0207131
0.020832
0.0209512
0.0210706
0.0211902
0.0213101
0.0214302
0.0215505
0.0216711
0.0217919
0.0219129
0.0220342
0.0221556
0.0222773
0.0223993
0.0225214
0.0226438
0.0227663
0.0228891
0.0230122
0.0231354
0.0232588
0.0233825
0.0235064
0.0236305
0.0237548
0.0238793
0.024004
0.0241289
0.024254
0.0243793
0.0245048
0.0246306
0.0247565
0.0248826
0.025009
0.0251355
0.0252622
0.0253891
0.0255162
0.0256435
0.025771
0.0258986
0.0260265
0.0261545
0.0262828
0.0264112
0.0265398
0.0266685
0.0267975
0.0269266
0.0270559
0.0271854
0.0273151
0.0274449
0.0275749
0.0277051
0.0278354
0.027966
0.0280966
0.0282275
0.0283585
0.0284897
0.028621
0.0287525
0.0288842
0.029016
0.029148
0.0292801
0.0294124
0.0295448
0.0296774
0.0298101
0.029943
0.030076
0.0302092
0.0303425
0.030476
0.0306096
0.0307433
0.0308772
0.0310112
0.0311454
0.0312797
0.0314141
0.0315487
0.0316834
0.0318182
0.0319532
0.0320883
0.0322235
0.0323588
0.0324943
0.0326298
0.0327655
0.0329014
0.0330373
0.0331734
0.0333095
0.0334458
0.0335822
0.0337187
0.0338553
0.0339921
0.0341289
0.0342658
0.0344029
0.03454
0.0346773
0.0348146
0.0349521
0.0350896
0.0352273
0.035365
0.0355029
0.0356408
0.0357788
0.0359169
0.0360551
0.0361934
0.0363318
0.0364702
0.0366088
0.0367474
0.0368861
0.0370249
0.0371637
0.0373027
0.0374417
0.0375808
0.0377199
0.0378591
0.0379984
0.0381378
0.0382772
0.0384167
0.0385563
0.0386959
0.0388356
0.0389753
0.0391151
0.039255
0.0393949
0.0395348
0.0396748
0.0398149
0.039955
0.0400952
0.0402354
0.0403757
0.040516
0.0406563
0.0407967
0.0409371
0.0410776
0.0412181
0.0413587
0.0414992
0.0416398
0.0417805
0.0419212
0.0420619
0.0422026
0.0423433
0.0424841
0.0426249
0.0427658
0.0429066
0.0430475
0.0431884
0.0433293
0.0434702
0.0436111
0.0437521
0.043893
0.044034
0.044175
0.0443159
0.0444569
0.0445979
0.0447389
0.0448799
0.0450209
0.0451619
0.0453029
0.0454439
0.0455848
0.0457258
0.0458668
0.0460077
0.0461487
0.0462896
0.0464305
0.0465714
0.0467123
0.0468532
0.046994
0.0471349
0.0472757
0.0474164
0.0475572
0.0476979
0.0478386
0.0479793
0.0481199
0.0482606
0.0484011
0.0485417
0.0486822
0.0488226
0.0489631
0.0491035
0.0492438
0.0493841
0.0495244
0.0496646
0.0498048
0.0499449
0.0500849
0.050225
0.0503649
0.0505048
0.0506447
0.0507845
0.0509242
0.0510639
0.0512035
0.0513431
0.0514826
0.051622
0.0517614
0.0519007
0.0520399
0.052179
0.0523181
0.0524571
0.0525961
0.0527349
0.0528737
0.0530124
0.053151
0.0532895
0.053428
0.0535664
0.0537047
0.0538429
0.053981
0.054119
0.0542569
0.0543948
0.0545325
0.0546701
0.0548077
0.0549451
0.0550825
0.0552197
0.0553569
0.0554939
0.0556309
0.0557677
0.0559045
0.0560411
0.0561776
0.056314
0.0564503
0.0565864
0.0567225
0.0568584
0.0569942
0.0571299
0.0572655
0.057401
0.0575363
0.0576715
0.0578066
0.0579416
0.0580764
0.0582111
0.0583457
0.0584801
0.0586144
0.0587485
0.0588826
0.0590165
0.0591502
0.0592838
0.0594173
0.0595506
0.0596838
0.0598168
0.0599497
0.0600824
0.060215
0.0603474
0.0604797
0.0606118
0.0607438
0.0608756
0.0610073
0.0611388
0.0612701
0.0614013
0.0615323
0.0616631
0.0617938
0.0619243
0.0620547
0.0621849
0.0623149
0.0624447
0.0625744
0.0627039
0.0628332
0.0629623
0.0630912
0.06322
0.0633486
0.063477
0.0636053
0.0637333
0.0638612
0.0639888
0.0641163
0.0642436
0.0643707
0.0644976
0.0646243
0.0647508
0.0648772
0.0650033
0.0651292
0.0652549
0.0653805
0.0655058
0.0656309
0.0657558
0.0658805
0.066005
0.0661293
0.0662534
0.0663773
0.0665009
0.0666244
0.0667476
0.0668706
0.0669934
0.067116
0.0672384
0.0673605
0.0674825
0.0676041
0.0677256
0.0678469
0.0679679
0.0680887
0.0682092
0.0683296
0.0684497
0.0685695
0.0686892
0.0688086
0.0689277
0.0690467
0.0691654
0.0692838
0.069402
0.06952
0.0696377
0.0697552
0.0698724
0.0699894
0.0701061
0.0702226
0.0703389
0.0704549
0.0705706
0.0706861
0.0708013
0.0709163
0.071031
0.0711454
0.0712596
0.0713736
0.0714872
0.0716007
0.0717138
0.0718267
0.0719393
0.0720517
0.0721637
0.0722756
0.0723871
0.0724984
0.0726094
0.0727201
0.0728305
0.0729407
0.0730506
0.0731602
0.0732696
0.0733786
0.0734874
0.0735959
0.0737041
0.0738121
0.0739197
0.0740271
0.0741341
0.0742409
0.0743474
0.0744536
0.0745595
0.0746651
0.0747704
0.0748755
0.0749802
0.0750846
0.0751888
0.0752926
0.0753961
0.0754994
0.0756023
0.0757049
0.0758073
0.0759093
0.076011
0.0761124
0.0762135
0.0763143
0.0764148
0.0765149
0.0766148
0.0767143
0.0768135
0.0769125
0.077011
0.0771093
0.0772073
0.0773049
0.0774023
0.0774993
0.0775959
0.0776923
0.0777883
0.077884
0.0779794
0.0780745
0.0781692
0.0782636
0.0783577
0.0784514
0.0785448
0.0786379
0.0787306
0.078823
0.0789151
0.0790068
0.0790982
0.0791893
0.07928
0.0793704
0.0794604
0.0795502
0.0796395
0.0797285
0.0798172
0.0799055
0.0799935
0.0800811
0.0801684
0.0802554
0.080342
0.0804282
0.0805141
0.0805996
0.0806848
0.0807697
0.0808541
0.0809383
0.081022
0.0811054
0.0811885
0.0812712
0.0813535
0.0814355
0.0815171
0.0815984
0.0816793
0.0817598
0.08184
0.0819198
0.0819992
0.0820783
0.082157
0.0822353
0.0823132
0.0823908
0.0824681
0.0825449
0.0826214
0.0826975
0.0827732
0.0828486
0.0829236
0.0829982
0.0830724
0.0831463
0.0832198
0.0832929
0.0833656
0.0834379
0.0835099
0.0835815
0.0836527
0.0837235
0.0837939
0.083864
0.0839337
0.0840029
0.0840718
0.0841403
0.0842084
0.0842762
0.0843435
0.0844105
0.084477
0.0845432
0.084609
0.0846744
0.0847394
0.084804
0.0848682
0.084932
0.0849954
0.0850584
0.0851211
0.0851833
0.0852451
0.0853065
0.0853676
0.0854282
0.0854884
0.0855483
0.0856077
0.0856667
0.0857254
0.0857836
0.0858414
0.0858988
0.0859558
0.0860124
0.0860686
0.0861244
0.0861798
0.0862348
0.0862894
0.0863435
0.0863973
0.0864506
0.0865035
0.0865561
0.0866082
0.0866599
0.0867111
0.086762
0.0868125
0.0868625
0.0869122
0.0869614
0.0870102
0.0870586
0.0871065
0.0871541
0.0872012
0.0872479
0.0872942
0.0873401
0.0873856
0.0874306
0.0874752
0.0875194
0.0875632
0.0876066
0.0876495
0.087692
0.0877341
0.0877758
0.087817
0.0878579
0.0878983
0.0879382
0.0879778
0.0880169
0.0880556
0.0880939
0.0881317
0.0881691
0.0882061
0.0882427
0.0882788
0.0883145
0.0883498
0.0883847
0.0884191
0.0884531
0.0884866
0.0885198
0.0885525
0.0885847
0.0886166
0.088648
0.0886789
0.0887095
0.0887396
0.0887693
0.0887985
0.0888273
0.0888557
0.0888836
0.0889111
0.0889382
0.0889648
0.088991
0.0890168
0.0890421
0.089067
0.0890915
0.0891155
0.0891391
0.0891623
0.089185
0.0892072
0.0892291
0.0892505
0.0892714
0.089292
0.0893121
0.0893317
0.0893509
0.0893697
0.089388
0.0894059
0.0894234
0.0894404
0.0894569
0.0894731
0.0894888
0.089504
0.0895188
0.0895332
0.0895471
0.0895606
0.0895737
0.0895863
0.0895984
0.0896102
0.0896214
0.0896323
0.0896427
0.0896526
0.0896622
0.0896712
0.0896799
0.0896881
0.0896958
0.0897031
0.08971
0.0897164
0.0897224
0.0897279
0.089733
0.0897376
0.0897419
0.0897456
0.0897489
0.0897518
0.0897543
0.0897562
0.0897578
0.0897589
0.0897596
0.0897598
0.0897596
0.0897589
0.0897578
0.0897562
0.0897543
0.0897518
0.0897489
0.0897456
0.0897419
0.0897376
0.089733
0.0897279
0.0897224
0.0897164
0.08971
0.0897031
0.0896958
0.0896881
0.0896799
0.0896712
0.0896622
0.0896526
0.0896427
0.0896323
0.0896214
0.0896102
0.0895984
0.0895863
0.0895737
0.0895606
0.0895471
0.0895332
0.0895188
0.089504
0.0894888
0.0894731
0.0894569
0.0894404
0.0894234
0.0894059
0.089388
0.0893697
0.0893509
0.0893317
0.0893121
0.089292
0.0892714
0.0892505
0.0892291
0.0892072
0.089185
0.0891623
0.0891391
0.0891155
0.0890915
0.089067
0.0890421
0.0890168
0.088991
0.0889648
0.0889382
0.0889111
0.0888836
0.0888557
0.0888273
0.0887985
0.0887693
0.0887396
0.0887095
0.0886789
0.088648
0.0886166
0.0885847
0.0885525
0.0885198
0.0884866
0.0884531
0.0884191
0.0883847
0.0883498
0.0883145
0.0882788
0.0882427
0.0882061
0.0881691
0.0881317
0.0880939
0.0880556
0.0880169
0.0879778
0.0879382
0.0878983
0.0878579
0.087817
0.0877758
0.0877341
0.087692
0.0876495
0.0876066
0.0875632
0.0875194
0.0874752
0.0874306
0.0873856
0.0873401
0.0872942
0.0872479
0.0872012
0.0871541
0.0871065
0.0870586
0.0870102
0.0869614
0.0869122
0.0868625
0.0868125
0.086762
0.0867111
0.0866599
0.0866082
0.0865561
0.0865035
0.0864506
0.0863973
0.0863435
0.0862894
0.0862348
0.0861798
0.0861244
0.0860686
0.0860124
0.0859558
0.0858988
0.0858414
0.0857836
0.0857254
0.0856667
0.0856077
0.0855483
0.0854884
0.0854282
0.0853676
0.0853065
0.0852451
0.0851833
0.0851211
0.0850584
0.0849954
0.084932
0.0848682
0.084804
0.0847394
0.0846744
0.084609
0.0845432
0.084477
0.0844105
0.0843435
0.0842762
0.0842084
0.0841403
0.0840718
0.0840029
0.0839337
0.083864
0.0837939
0.0837235
0.0836527
0.0835815
0.0835099
0.0834379
0.0833656
0.0832929
0.0832198
0.0831463
0.0830724
0.0829982
0.0829236
0.0828486
0.0827732
0.0826975
0.0826214
0.0825449
0.0824681
0.0823908
0.0823132
0.0822353
0.082157
0.0820783
0.0819992
0.0819198
0.08184
0.0817598
0.0816793
0.0815984
0.0815171
0.0814355
0.0813535
0.0812712
0.0811885
0.0811054
0.081022
0.0809383
0.0808541
0.0807697
0.0806848
0.0805996
0.0805141
0.0804282
0.080342
0.0802554
0.0801684
0.0800811
0.0799935
0.0799055
0.0798172
0.0797285
0.0796395
0.0795502
0.0794604
0.0793704
0.07928
0.0791893
0.0790982
0.0790068
0.0789151
0.078823
0.0787306
0.0786379
0.0785448
0.0784514
0.0783577
0.0782636
0.0781692
0.0780745
0.0779794
0.077884
0.0777883
0.0776923
0.0775959
0.0774993
0.0774023
0.0773049
0.0772073
0.0771093
0.077011
0.0769125
0.0768135
0.0767143
0.0766148
0.0765149
0.0764148
0.0763143
0.0762135
0.0761124
0.076011
0.0759093
0.0758073
0.0757049
0.0756023
0.0754994
0.0753961
0.0752926
0.0751888
0.0750846
0.0749802
0.0748755
0.0747704
0.0746651
0.0745595
0.0744536
0.0743474
0.0742409
0.0741341
0.0740271
0.0739197
0.0738121
0.0737041
0.0735959
0.0734874
0.0733786
0.0732696
0.0731602
0.0730506
0.0729407
0.0728305
0.0727201
0.0726094
0.0724984
0.0723871
0.0722756
0.0721637
0.0720517
0.0719393
0.0718267
0.0717138
0.0716007
0.0714872
0.0713736
0.0712596
0.0711454
0.071031
0.0709163
0.0708013
0.0706861
0.0705706
0.0704549
0.0703389
0.0702226
0.0701061
0.0699894
0.0698724
0.0697552
0.0696377
0.06952
0.069402
0.0692838
0.0691654
0.0690467
0.0689277
0.0688086
0.0686892
0.0685695
0.0684497
0.0683296
0.0682092
0.0680887
0.0679679
0.0678469
0.0677256
0.0676041
0.0674825
0.0673605
0.0672384
0.067116
0.0669934
0.0668706
0.0667476
0.0666244
0.0665009
0.0663773
0.0662534
0.0661293
0.066005
0.0658805
0.0657558
0.0656309
0.0655058
0.0653805
0.0652549
0.0651292
0.0650033
0.0648772
0.0647508
0.0646243
0.0644976
0.0643707
0.0642436
0.0641163
0.0639888
0.0638612
0.0637333
0.0636053
0.063477
0.0633486
0.06322
0.0630912
0.0629623
0.0628332
0.0627039
0.0625744
0.0624447
0.0623149
0.0621849
0.0620547
0.0619243
0.0617938
0.0616631
0.0615323
0.0614013
0.0612701
0.0611388
0.0610073
0.0608756
0.0607438
0.0606118
0.0604797
0.0603474
0.060215
0.0600824
0.0599497
0.0598168
0.0596838
0.0595506
0.0594173
0.0592838
0.0591502
0.0590165
0.0588826
0.0587485
0.0586144
0.0584801
0.0583457
0.0582111
0.0580764
0.0579416
0.0578066
0.0576715
0.0575363
0.057401
0.0572655
0.0571299
0.0569942
0.0568584
0.0567225
0.0565864
0.0564503
0.056314
0.0561776
0.0560411
0.0559045
0.0557677
0.0556309
0.0554939
0.0553569
0.0552197
0.0550825
0.0549451
0.0548077
0.0546701
0.0545325
0.0543948
0.0542569
0.054119
0.053981
0.0538429
0.0537047
0.0535664
0.053428
0.0532895
0.053151
0.0530124
0.0528737
0.0527349
0.0525961
0.0524571
0.0523181
0.052179
0.0520399
0.0519007
0.0517614
0.051622
0.0514826
0.0513431
0.0512035
0.0510639
0.0509242
0.0507845
0.0506447
0.0505048
0.0503649
0.050225
0.0500849
0.0499449
0.0498048
0.0496646
0.0495244
0.0493841
0.0492438
0.0491035
0.0489631
0.0488226
0.0486822
0.0485417
0.0484011
0.0482606
0.0481199
0.0479793
0.0478386
0.0476979
0.0475572
0.0474164
0.0472757
0.0471349
0.046994
0.0468532
0.0467123
0.0465714
0.0464305
0.0462896
0.0461487
0.0460077
0.0458668
0.0457258
0.0455848
0.0454439
0.0453029
0.0451619
0.0450209
0.0448799
0.0447389
0.0445979
0.0444569
0.0443159
0.044175
0.044034
0.043893
0.0437521
0.0436111
0.0434702
0.0433293
0.0431884
0.0430475
0.0429066
0.0427658
0.0426249
0.0424841
0.0423433
0.0422026
0.0420619
0.0419212
0.0417805
0.0416398
0.0414992
0.0413587
0.0412181
0.0410776
0.0409371
0.0407967
0.0406563
0.040516
0.0403757
0.0402354
0.0400952
0.039955
0.0398149
0.0396748
0.0395348
0.0393949
0.039255
0.0391151
0.0389753
0.0388356
0.0386959
0.0385563
0.0384167
0.0382772
0.0381378
0.0379984
0.0378591
0.0377199
0.0375808
0.0374417
0.0373027
0.0371637
0.0370249
0.0368861
0.0367474
0.0366088
0.0364702
0.0363318
0.0361934
0.0360551
0.0359169
0.0357788
0.0356408
0.0355029
0.035365
0.0352273
0.0350896
0.0349521
0.0348146
0.0346773
0.03454
0.0344029
0.0342658
0.0341289
0.0339921
0.0338553
0.0337187
0.0335822
0.0334458
0.0333095
0.0331734
0.0330373
0.0329014
0.0327655
0.0326298
0.0324943
0.0323588
0.0322235
0.0320883
0.0319532
0.0318182
0.0316834
0.0315487
0.0314141
0.0312797
0.0311454
0.0310112
0.0308772
0.0307433
0.0306096
0.030476
0.0303425
0.0302092
0.030076
0.029943
0.0298101
0.0296774
0.0295448
0.0294124
0.0292801
0.029148
0.029016
0.0288842
0.0287525
0.028621
0.0284897
0.0283585
0.0282275
0.0280966
0.027966
0.0278354
0.0277051
0.0275749
0.0274449
0.0273151
0.0271854
0.0270559
0.0269266
0.0267975
0.0266685
0.0265398
0.0264112
0.0262828
0.0261545
0.0260265
0.0258986
0.025771
0.0256435
0.0255162
0.0253891
0.0252622
0.0251355
0.025009
0.0248826
0.0247565
0.0246306
0.0245048
0.0243793
0.024254
0.0241289
0.024004
0.0238793
0.0237548
0.0236305
0.0235064
0.0233825
0.0232588
0.0231354
0.0230122
0.0228891
0.0227663
0.0226438
0.0225214
0.0223993
0.0222773
0.0221556
0.0220342
0.0219129
0.0217919
0.0216711
0.0215505
0.0214302
0.0213101
0.0211902
0.0210706
0.0209512
0.020832
0.0207131
0.0205944
0.020476
0.0203578
0.0202398
0.0201221
0.0200046
0.0198874
0.0197704
0.0196537
0.0195372
0.0194209
0.0193049
0.0191892
0.0190737
0.0189585
0.0188435
0.0187288
0.0186144
0.0185002
0.0183862
0.0182725
0.0181591
0.018046
0.0179331
0.0178205
0.0177081
0.017596
0.0174842
0.0173727
0.0172614
0.0171504
0.0170397
0.0169292
0.0168191
0.0167092
0.0165996
0.0164902
0.0163812
0.0162724
0.0161639
0.0160557
0.0159477
0.0158401
0.0157327
0.0156257
0.0155189
0.0154124
0.0153062
0.0152003
0.0150947
0.0149894
0.0148843
0.0147796
0.0146752
0.014571
0.0144672
0.0143637
0.0142604
0.0141575
0.0140549
0.0139525
0.0138505
0.0137488
0.0136474
0.0135463
0.0134455
0.013345
0.0132449
0.013145
0.0130455
0.0129462
0.0128473
0.0127487
0.0126505
0.0125525
0.0124549
0.0123575
0.0122605
0.0121639
0.0120675
0.0119715
0.0118758
0.0117804
0.0116853
0.0115906
0.0114962
0.0114021
0.0113084
0.011215
0.0111219
0.0110292
0.0109368
0.0108447
0.010753
0.0106616
0.0105705
0.0104798
0.0103894
0.0102993
0.0102096
0.0101203
0.0100313
0.00994259
0.00985426
0.00976628
0.00967864
0.00959135
0.00950441
0.00941782
0.00933158
0.00924569
0.00916015
0.00907496
0.00899013
0.00890565
0.00882153
0.00873776
0.00865435
0.0085713
0.0084886
0.00840627
0.00832429
0.00824268
0.00816142
0.00808053
0.008
0.00791984
0.00784004
0.00776061
0.00768154
0.00760284
0.00752451
0.00744654
0.00736895
0.00729172
0.00721487
0.00713839
0.00706228
0.00698655
0.00691118
0.0068362
0.00676159
0.00668735
0.00661349
0.00654001
0.00646691
0.00639419
0.00632185
0.00624988
0.0061783
0.0061071
0.00603629
0.00596585
0.0058958
0.00582614
0.00575686
0.00568797
0.00561946
0.00555134
0.00548361
0.00541627
0.00534932
0.00528276
0.00521659
0.00515081
0.00508542
0.00502042
0.00495582
0.00489162
0.0048278
0.00476439
0.00470136
0.00463874
0.00457651
0.00451468
0.00445325
0.00439222
0.00433158
0.00427135
0.00421152
0.00415209
0.00409306
0.00403443
0.00397621
0.00391839
0.00386098
0.00380397
0.00374736
0.00369116
0.00363537
0.00357999
0.00352501
0.00347044
0.00341628
0.00336253
0.00330919
0.00325625
0.00320373
0.00315162
0.00309993
0.00304864
0.00299777
0.00294731
0.00289727
0.00284763
0.00279842
0.00274962
0.00270123
0.00265326
0.00260571
0.00255858
0.00251186
0.00246556
0.00241968
0.00237422
0.00232918
0.00228456
0.00224036
0.00219658
0.00215322
0.00211028
0.00206777
0.00202567
0.001984
0.00194276
0.00190194
0.00186154
0.00182156
0.00178202
0.00174289
0.00170419
0.00166592
0.00162808
0.00159066
0.00155367
0.00151711
0.00148097
0.00144526
0.00140998
0.00137514
0.00134072
0.00130673
0.00127316
0.00124004
0.00120734
0.00117507
0.00114323
0.00111183
0.00108085
0.00105031
0.0010202
0.000990529
0.000961287
0.000932478
0.000904103
0.000876162
0.000848656
0.000821584
0.000794946
0.000768744
0.000742977
0.000717646
0.000692751
0.000668292
0.000644269
0.000620683
0.000597533
0.000574821
0.000552546
0.000530708
0.000509309
0.000488347
0.000467823
0.000447737
0.00042809
0.000408882
0.000390113
0.000371782
0.000353891
0.00033644
0.000319428
0.000302856
0.000286724
0.000271032
0.00025578
0.000240969
0.000226598
0.000212668
0.000199179
0.00018613
0.000173523
0.000161357
0.000149633
0.00013835
0.000127508
0.000117108
0.00010715
9.76344e-05
8.85602e-05
7.99282e-05
7.17383e-05
6.39906e-05
5.66853e-05
4.98223e-05
4.34018e-05
3.74238e-05
3.18884e-05
2.67956e-05
2.21455e-05
1.79382e-05
1.41736e-05
1.08518e-05
7.97281e-06
5.53672e-06
3.54353e-06
1.99325e-06
8.85891e-07
2.21473e-07
0
2.21473e-07
8.85891e-07
1.99325e-06
3.54353e-06
5.53672e-06
7.97281e-06
1.08518e-05
1.41736e-05
1.79382e-05
2.21455e-05
2.67956e-05
3.18884e-05
3.74238e-05
4.34018e-05
4.98223e-05
5.66853e-05
6.39906e-05
7.17383e-05
7.99282e-05
8.85602e-05
9.76344e-05
0.00010715
0.000117108
0.000127508
0.00013835
0.000149633
0.000161357
0.000173523
0.00018613
0.000199179
0.000212668
0.000226598
0.000240969
0.00025578
0.000271032
0.000286724
0.000302856
0.000319428
0.00033644
0.000353891
0.000371782
0.000390113
0.000408882
0.00042809
0.000447737
0.000467823
0.000488347
0.000509309
0.000530708
0.000552546
0.000574821
0.000597533
0.000620683
0.000644269
0.000668292
0.000692751
0.000717646
0.000742977
0.000768744
0.000794946
0.000821584
0.000848656
0.000876162
0.000904103
0.000932478
0.000961287
0.000990529
0.0010202
0.00105031
0.00108085
0.00111183
0.00114323
0.00117507
0.00120734
0.00124004
0.00127316
0.00130673
0.00134072
0.00137514
0.00140998
0.00144526
0.00148097
0.00151711
0.00155367
0.00159066
0.00162808
0.00166592
0.00170419
0.00174289
0.00178202
0.00182156
0.00186154
0.00190194
0.00194276
0.001984
0.00202567
0.00206777
0.00211028
0.00215322
0.00219658
0.00224036
0.00228456
0.00232918
0.00237422
0.00241968
0.00246556
0.00251186
0.00255858
0.00260571
0.00265326
0.00270123
0.00274962
0.00279842
0.00284763
0.00289727
0.00294731
0.00299777
0.00304864
0.00309993
0.00315162
0.00320373
0.00325625
0.00330919
0.00336253
0.00341628
0.00347044
0.00352501
0.00357999
0.00363537
0.00369116
0.00374736
0.00380397
0.00386098
0.00391839
0.00397621
0.00403443
0.00409306
0.00415209
0.00421152
0.00427135
0.00433158
0.00439222
0.00445325
0.00451468
0.00457651
0.00463874
0.00470136
0.00476439
0.0048278
0.00489162
0.00495582
0.00502042
0.00508542
0.00515081
0.00521659
0.00528276
0.00534932
0.00541627
0.00548361
0.00555134
0.00561946
0.00568797
0.00575686
0.00582614
0.0058958
0.00596585
0.00603629
0.0061071
0.0061783
0.00624988
0.00632185
0.00639419
0.00646691
0.00654001
0.00661349
0.00668735
0.00676159
0.0068362
0.00691118
0.00698655
0.00706228
0.00713839
0.00721487
0.00729172
0.00736895
0.00744654
0.00752451
0.00760284
0.00768154
0.00776061
0.00784004
0.00791984
0.008
0.00808053
0.00816142
0.00824268
0.00832429
0.00840627
0.0084886
0.0085713
0.00865435
0.00873776
0.00882153
0.00890565
0.00899013
0.00907496
0.00916015
0.00924569
0.00933158
0.00941782
0.00950441
0.00959135
0.00967864
0.00976628
0.00985426
0.00994259
0.0100313
0.0101203
0.0102096
0.0102993
0.0103894
0.0104798
0.0105705
0.0106616
0.010753
0.0108447
0.0109368
0.0110292
0.0111219
0.011215
0.0113084
0.0114021
0.0114962
0.0115906
0.0116853
0.0117804
0.0118758
0.0119715
0.0120675
0.0121639
0.0122605
0.0123575
0.0124549
0.0125525
0.0126505
0.0127487
0.0128473
0.0129462
0.0130455
0.013145
0.0132449
0.013345
0.0134455
0.0135463
0.0136474
0.0137488
0.0138505
0.0139525
0.0140549
0.0141575
0.0142604
0.0143637
0.0144672
0.014571
0.0146752
0.0147796
0.0148843
0.0149894
0.0150947
0.0152003
0.0153062
0.0154124
0.0155189
0.0156257
0.0157327
0.0158401
0.0159477
0.0160557
0.0161639
0.0162724
0.0163812
0.0164902
0.0165996
0.0167092
0.0168191
0.0169292
0.0170397
0.0171504
0.0172614
0.0173727
0.0174842
0.017596
0.0177081
0.0178205
0.0179331
0.018046
0.0181591
0.0182725
0.0183862
0.0185002
0.0186144
0.0187288
0.0188435
0.0189585
0.0190737
0.0191892
0.0193049
0.0194209
0.0195372
0.0196537
0.0197704
0.0198874
0.0200046
0.0201221
0.0202398
0.0203578
0.020476
0.0205944
0.0207131
0.020832
0.0209512
0.0210706
0.0211902
0.0213101
0.0214302
0.0215505
0.0216711
0.0217919
0.0219129
0.0220342
0.0221556
0.0222773
0.0223993
0.0225214
0.0226438
0.0227663
0.0228891
0.0230122
0.0231354
0.0232588
0.0233825
0.0235064
0.0236305
0.0237548
0.0238793
0.024004
0.0241289
0.024254
0.0243793
0.0245048
0.0246306
0.0247565
0.0248826
0.025009
0.0251355
0.0252622
0.0253891
0.0255162
0.0256435
0.025771
0.0258986
0.0260265
0.0261545
0.0262828
0.0264112
0.0265398
0.0266685
0.0267975
0.0269266
0.0270559
0.0271854
0.0273151
0.0274449
0.0275749
0.0277051
0.0278354
0.027966
0.0280966
0.0282275
0.0283585
0.0284897
0.028621
0.0287525
0.0288842
0.029016
0.029148
0.0292801
0.0294124
0.0295448
0.0296774
0.0298101
0.029943
0.030076
0.0302092
0.0303425
0.030476
0.0306096
0.0307433
0.0308772
0.0310112
0.0311454
0.0312797
0.0314141
0.0315487
0.0316834
0.0318182
0.0319532
0.0320883
0.0322235
0.0323588
0.0324943
0.0326298
0.0327655
0.0329014
0.0330373
0.0331734
0.0333095
0.0334458
0.0335822
0.0337187
0.0338553
0.0339921
0.0341289
0.0342658
0.0344029
0.03454
0.0346773
0.0348146
0.0349521
0.0350896
0.0352273
0.035365
0.0355029
0.0356408
0.0357788
0.0359169
0.0360551
0.0361934
0.0363318
0.0364702
0.0366088
0.0367474
0.0368861
0.0370249
0.0371637
0.0373027
0.0374417
0.0375808
0.0377199
0.0378591
0.0379984
0.0381378
0.0382772
0.0384167
0.0385563
0.0386959
0.0388356
0.0389753
0.0391151
0.039255
0.0393949
0.0395348
0.0396748
0.0398149
0.039955
0.0400952
0.0402354
0.0403757
0.040516
0.0406563
0.0407967
0.0409371
0.0410776
0.0412181
0.0413587
0.0414992
0.0416398
0.0417805
0.0419212
0.0420619
0.0422026
0.0423433
0.0424841
0.0426249
0.0427658
0.0429066
0.0430475
0.0431884
0.0433293
0.0434702
0.0436111
0.0437521
0.043893
0.044034
0.044175
0.0443159
0.0444569
0.0445979
0.0447389
0.0448799
0.0450209
0.0451619
0.0453029
0.0454439
0.0455848
0.0457258
0.0458668
0.0460077
0.0461487
0.0462896
0.0464305
0.0465714
0.0467123
0.0468532
0.046994
0.0471349
0.0472757
0.0474164
0.0475572
0.0476979
0.0478386
0.0479793
0.0481199
0.0482606
0.0484011
0.0485417
0.0486822
0.0488226
0.0489631
0.0491035
0.0492438
0.0493841
0.0495244
0.0496646
0.0498048
0.0499449
0.0500849
0.050225
0.0503649
0.0505048
0.0506447
0.0507845
0.0509242
0.0510639
0.0512035
0.0513431
0.0514826
0.051622
0.0517614
0.0519007
0.0520399
0.052179
0.0523181
0.0524571
0.0525961
0.0527349
0.0528737
0.0530124
0.053151
0.0532895
0.053428
0.0535664
0.0537047
0.0538429
0.053981
0.054119
0.0542569
0.0543948
0.0545325
0.0546701
0.0548077
0.0549451
0.0550825
0.0552197
0.0553569
0.0554939
0.0556309
0.0557677
0.0559045
0.0560411
0.0561776
0.056314
0.0564503
0.0565864
0.0567225
0.0568584
0.0569942
0.0571299
0.0572655
0.057401
0.0575363
0.0576715
0.0578066
0.0579416
0.0580764
0.0582111
0.0583457
0.0584801
0.0586144
0.0587485
0.0588826
0.0590165
0.0591502
0.0592838
0.0594173
0.0595506
0.0596838
0.0598168
0.0599497
0.0600824
0.060215
0.0603474
0.0604797
0.0606118
0.0607438
0.0608756
0.0610073
0.0611388
0.0612701
0.0614013
0.0615323
0.0616631
0.0617938
0.0619243
0.0620547
0.0621849
0.0623149
0.0624447
0.0625744
0.0627039
0.0628332
0.0629623
0.0630912
0.06322
0.0633486
0.063477
0.0636053
0.0637333
0.0638612
0.0639888
0.0641163
0.0642436
0.0643707
0.0644976
0.0646243
0.0647508
0.0648772
0.0650033
0.0651292
0.0652549
0.0653805
0.0655058
0.0656309
0.0657558
0.0658805
0.066005
0.0661293
0.0662534
0.0663773
0.0665009
0.0666244
0.0667476
0.0668706
0.0669934
0.067116
0.0672384
0.0673605
0.0674825
0.0676041
0.0677256
0.0678469
0.0679679
0.0680887
0.0682092
0.0683296
0.0684497
0.0685695
0.0686892
0.0688086
0.0689277
0.0690467
0.0691654
0.0692838
0.069402
0.06952
0.0696377
0.0697552
0.0698724
0.0699894
0.0701061
0.0702226
0.0703389
0.0704549
0.0705706
0.0706861
0.0708013
0.0709163
0.071031
0.0711454
0.0712596
0.0713736
0.0714872
0.0716007
0.0717138
0.0718267
0.0719393
0.0720517
0.0721637
0.0722756
0.0723871
0.0724984
0.0726094
0.0727201
0.0728305
0.0729407
0.0730506
0.0731602
0.0732696
0.0733786
0.0734874
0.0735959
0.0737041
0.0738121
0.0739197
0.0740271
0.0741341
0.0742409
0.0743474
0.0744536
0.0745595
0.0746651
0.0747704
0.0748755
0.0749802
0.0750846
0.0751888
0.0752926
0.0753961
0.0754994
0.0756023
0.0757049
0.0758073
0.0759093
0.076011
0.0761124
0.0762135
0.0763143
0.0764148
0.0765149
0.0766148
0.0767143
0.0768135
0.0769125
0.077011
0.0771093
0.0772073
0.0773049
0.0774023
0.0774993
0.0775959
0.0776923
0.0777883
0.077884
0.0779794
0.0780745
0.0781692
0.0782636
0.0783577
0.0784514
0.0785448
0.0786379
0.0787306
0.078823
0.0789151
0.0790068
0.0790982
0.0791893
0.07928
0.0793704
0.0794604
0.0795502
0.0796395
0.0797285
0.0798172
0.0799055
0.0799935
0.0800811
0.0801684
0.0802554
0.080342
0.0804282
0.0805141
0.0805996
0.0806848
0.0807697
0.0808541
0.0809383
0.081022
0.0811054
0.0811885
0.0812712
0.0813535
0.0814355
0.0815171
0.0815984
0.0816793
0.0817598
0.08184
0.0819198
0.0819992
0.0820783
0.082157
0.0822353
0.0823132
0.0823908
0.0824681
0.0825449
0.0826214
0.0826975
0.0827732
0.0828486
0.0829236
0.0829982
0.0830724
0.0831463
0.0832198
0.0832929
0.0833656
0.0834379
0.0835099
0.0835815
0.0836527
0.0837235
0.0837939
0.083864
0.0839337
0.0840029
0.0840718
0.0841403
0.0842084
0.0842762
0.0843435
0.0844105
0.084477
0.0845432
0.084609
0.0846744
0.0847394
0.084804
0.0848682
0.084932
0.0849954
0.0850584
0.0851211
0.0851833
0.0852451
0.0853065
0.0853676
0.0854282
0.0854884
0.0855483
0.0856077
0.0856667
0.0857254
0.0857836
0.0858414
0.0858988
0.0859558
0.0860124
0.0860686
0.0861244
0.0861798
0.0862348
0.0862894
0.0863435
0.0863973
0.0864506
0.0865035
0.0865561
0.0866082
0.0866599
0.0867111
0.086762
0.0868125
0.0868625
0.0869122
0.0869614
0.0870102
0.0870586
0.0871065
0.0871541
0.0872012
0.0872479
0.0872942
0.0873401
0.0873856
0.0874306
0.0874752
0.0875194
0.0875632
0.0876066
0.0876495
0.087692
0.0877341
0.0877758
0.087817
0.0878579
0.0878983
0.0879382
0.0879778
0.0880169
0.0880556
0.0880939
0.0881317
0.0881691
0.0882061
0.0882427
0.0882788
0.0883145
0.0883498
0.0883847
0.0884191
0.0884531
0.0884866
0.0885198
0.0885525
0.0885847
0.0886166
0.088648
0.0886789
0.0887095
0.0887396
0.0887693
0.0887985
0.0888273
0.0888557
0.0888836
0.0889111
0.0889382
0.0889648
0.088991
0.0890168
0.0890421
0.089067
0.0890915
0.0891155
0.0891391
0.0891623
0.089185
0.0892072
0.0892291
0.0892505
0.0892714
0.089292
0.0893121
0.0893317
0.0893509
0.0893697
0.089388
0.0894059
0.0894234
0.0894404
0.0894569
0.0894731
0.0894888
0.089504
0.0895188
0.0895332
0.0895471
0.0895606
0.0895737
0.0895863
0.0895984
0.0896102
0.0896214
0.0896323
0.0896427
0.0896526
0.0896622
0.0896712
0.0896799
0.0896881
0.0896958
0.0897031
0.08971
0.0897164
0.0897224
0.0897279
0.089733
0.0897376
0.0897419
0.0897456
0.0897489
0.0897518
0.0897543
0.0897562
0.0897578
0.0897589
0.0897596
0.0897598
0.0897596
0.0897589
0.0897578
0.0897562
0.0897543
0.0897518
0.0897489
0.0897456
0.0897419
0.0897376
0.089733
0.0897279
0.0897224
0.0897164
0.08971
0.0897031
0.0896958
0.0896881
0.0896799
0.0896712
0.0896622
0.0896526
0.0896427
0.0896323
0.0896214
0.0896102
0.0895984
0.0895863
0.0895737
0.0895606
0.0895471
0.0895332
0.0895188
0.089504
0.0894888
0.0894731
0.0894569
0.0894404
0.0894234
0.0894059
0.089388
0.0893697
0.0893509
0.0893317
0.0893121
0.089292
0.0892714
0.0892505
0.0892291
0.0892072
0.089185
0.0891623
0.0891391
0.0891155
0.0890915
0.089067
0.0890421
0.0890168
0.088991
0.0889648
0.0889382
0.0889111
0.0888836
0.0888557
0.0888273
0.0887985
0.0887693
0.0887396
0.0887095
0.0886789
0.088648
0.0886166
0.0885847
0.0885525
0.0885198
0.0884866
0.0884531
0.0884191
0.0883847
0.0883498
0.0883145
0.0882788
0.0882427
0.0882061
0.0881691
0.0881317
0.0880939
0.0880556
0.0880169
0.0879778
0.0879382
0.0878983
0.0878579
0.087817
0.0877758
0.0877341
0.087692
0.0876495
0.0876066
0.0875632
0.0875194
0.0874752
0.0874306
0.0873856
0.0873401
0.0872942
0.0872479
0.0872012
0.0871541
0.0871065
0.0870586
0.0870102
0.0869614
0.0869122
0.0868625
0.0868125
0.086762
0.0867111
0.0866599
0.0866082
0.0865561
0.0865035
0.0864506
0.0863973
0.0863435
0.0862894
0.0862348
0.0861798
0.0861244
0.0860686
0.0860124
0.0859558
0.0858988
0.0858414
0.0857836
0.0857254
0.0856667
0.0856077
0.0855483
0.0854884
0.0854282
0.0853676
0.0853065
0.0852451
0.0851833
0.0851211
0.0850584
0.0849954
0.084932
0.0848682
0.084804
0.0847394
0.0846744
0.084609
0.0845432
0.084477
0.0844105
0.0843435
0.0842762
0.0842084
0.0841403
0.0840718
0.0840029
0.0839337
0.083864
0.0837939
0.0837235
0.0836527
0.0835815
0.0835099
0.0834379
0.0833656
0.0832929
0.0832198
0.0831463
0.0830724
0.0829982
0.0829236
0.0828486
0.0827732
0.0826975
0.0826214
0.0825449
0.0824681
0.0823908
0.0823132
0.0822353
0.082157
0.0820783
0.0819992
0.0819198
0.08184
0.0817598
0.0816793
0.0815984
0.0815171
0.0814355
0.0813535
0.0812712
0.0811885
0.0811054
0.081022
0.0809383
0.0808541
0.0807697
0.0806848
0.0805996
0.0805141
0.0804282
0.080342
0.0802554
0.0801684
0.0800811
0.0799935
0.0799055
0.0798172
0.0797285
0.0796395
0.0795502
0.0794604
0.0793704
0.07928
0.0791893
0.0790982
0.0790068
0.0789151
0.078823
0.0787306
0.0786379
0.0785448
0.0784514
0.0783577
0.0782636
0.0781692
0.0780745
0.0779794
0.077884
0.0777883
0.0776923
0.0775959
0.0774993
0.0774023
0.0773049
0.0772073
0.0771093
0.077011
0.0769125
0.0768135
0.0767143
0.0766148
0.0765149
0.0764148
0.0763143
0.0762135
0.0761124
0.076011
0.0759093
0.0758073
0.0757049
0.0756023
0.0754994
0.0753961
0.0752926
0.0751888
0.0750846
0.0749802
0.0748755
0.0747704
0.0746651
0.0745595
0.0744536
0.0743474
0.0742409
0.0741341
0.0740271
0.0739197
0.0738121
0.0737041
0.0735959
0.0734874
0.0733786
0.0732696
0.0731602
0.0730506
0.0729407
0.0728305
0.0727201
0.0726094
0.0724984
0.0723871
0.0722756
0.0721637
0.0720517
0.0719393
0.0718267
0.0717138
0.0716007
0.0714872
0.0713736
0.0712596
0.0711454
0.071031
0.0709163
0.0708013
0.0706861
0.0705706
0.0704549
0.0703389
0.0702226
0.0701061
0.0699894
0.0698724
0.0697552
0.0696377
0.06952
0.069402
0.0692838
0.0691654
0.0690467
0.0689277
0.0688086
0.0686892
0.0685695
0.0684497
0.0683296
0.0682092
0.0680887
0.0679679
0.0678469
0.0677256
0.0676041
0.0674825
0.0673605
0.0672384
0.067116
0.0669934
0.0668706
0.0667476
0.0666244
0.0665009
0.0663773
0.0662534
0.0661293
0.066005
0.0658805
0.0657558
0.0656309
0.0655058
0.0653805
0.0652549
0.0651292
0.0650033
0.0648772
0.0647508
0.0646243
0.0644976
0.0643707
0.0642436
0.0641163
0.0639888
0.0638612
0.0637333
0.0636053
0.063477
0.0633486
0.06322
0.0630912
0.0629623
0.0628332
0.0627039
0.0625744
0.0624447
0.0623149
0.0621849
0.0620547
0.0619243
0.0617938
0.0616631
0.0615323
0.0614013
0.0612701
0.0611388
0.0610073
0.0608756
0.0607438
0.0606118
0.0604797
0.0603474
0.060215
0.0600824
0.0599497
0.0598168
0.0596838
0.0595506
0.0594173
0.0592838
0.0591502
0.0590165
0.0588826
0.0587485
0.0586144
0.0584801
0.0583457
0.0582111
0.0580764
0.0579416
0.0578066
0.0576715
0.0575363
0.057401
0.0572655
0.0571299
0.0569942
0.0568584
0.0567225
0.0565864
0.0564503
0.056314
0.0561776
0.0560411
0.0559045
0.0557677
0.0556309
0.0554939
0.0553569
0.0552197
0.0550825
0.0549451
0.0548077
0.0546701
0.0545325
0.0543948
0.0542569
0.054119
0.053981
0.0538429
0.0537047
0.0535664
0.053428
0.0532895
0.053151
0.0530124
0.0528737
0.0527349
0.0525961
0.0524571
0.0523181
0.052179
0.0520399
0.0519007
0.0517614
0.051622
0.0514826
0.0513431
0.0512035
0.0510639
0.0509242
0.0507845
0.0506447
0.0505048
0.0503649
0.050225
0.0500849
0.0499449
0.0498048
0.0496646
0.0495244
0.0493841
0.0492438
0.0491035
0.0489631
0.0488226
0.0486822
0.0485417
0.0484011
0.0482606
0.0481199
0.0479793
0.0478386
0.0476979
0.0475572
0.0474164
0.0472757
0.0471349
0.046994
0.0468532
0.0467123
0.0465714
0.0464305
0.0462896
0.0461487
0.0460077
0.0458668
0.0457258
0.0455848
0.0454439
0.0453029
0.0451619
0.0450209
0.0448799
0.0447389
0.0445979
0.0444569
0.0443159
0.044175
0.044034
0.043893
0.0437521
0.0436111
0.0434702
0.0433293
0.0431884
0.0430475
0.0429066
0.0427658
0.0426249
0.0424841
0.0423433
0.0422026
0.0420619
0.0419212
0.0417805
0.0416398
0.0414992
0.0413587
0.0412181
0.0410776
0.0409371
0.0407967
0.0406563
0.040516
0.0403757
0.0402354
0.0400952
0.039955
0.0398149
0.0396748
0.0395348
0.0393949
0.039255
0.0391151
0.0389753
0.0388356
0.0386959
0.0385563
0.0384167
0.0382772
0.0381378
0.0379984
0.0378591
0.0377199
0.0375808
0.0374417
0.0373027
0.0371637
0.0370249
0.0368861
0.0367474
0.0366088
0.0364702
0.0363318
0.0361934
0.0360551
0.0359169
0.0357788
0.0356408
0.0355029
0.035365
0.0352273
0.0350896
0.0349521
0.0348146
0.0346773
0.03454
0.0344029
0.0342658
0.0341289
0.0339921
0.0338553
0.0337187
0.0335822
0.0334458
0.0333095
0.0331734
0.0330373
0.0329014
0.0327655
0.0326298
0.0324943
0.0323588
0.0322235
0.0320883
0.0319532
0.0318182
0.0316834
0.0315487
0.0314141
0.0312797
0.0311454
0.0310112
0.0308772
0.0307433
0.0306096
0.030476
0.0303425
0.0302092
0.030076
0.029943
0.0298101
0.0296774
0.0295448
0.0294124
0.0292801
0.029148
0.029016
0.0288842
0.0287525
0.028621
0.0284897
0.0283585
0.0282275
0.0280966
0.027966
0.0278354
0.0277051
0.0275749
0.0274449
0.0273151
0.0271854
0.0270559
0.0269266
0.0267975
0.0266685
0.0265398
0.0264112
0.0262828
0.0261545
0.0260265
0.0258986
0.025771
0.0256435
0.0255162
0.0253891
0.0252622
0.0251355
0.025009
0.0248826
0.0247565
0.0246306
0.0245048
0.0243793
0.024254
0.0241289
0.024004
0.0238793
0.0237548
0.0236305
0.0235064
0.0233825
0.0232588
0.0231354
0.0230122
0.0228891
0.0227663
0.0226438
0.0225214
0.0223993
0.0222773
0.0221556
0.0220342
0.0219129
0.0217919
0.0216711
0.0215505
0.0214302
0.0213101
0.0211902
0.0210706
0.0209512
0.020832
0.0207131
0.0205944
0.020476
0.0203578
0.0202398
0.0201221
0.0200046
0.0198874
0.0197704
0.0196537
0.0195372
0.0194209
0.0193049
0.0191892
0.0190737
0.0189585
0.0188435
0.0187288
0.0186144
0.0185002
0.0183862
0.0182725
0.0181591
0.018046
0.0179331
0.0178205
0.0177081
0.017596
0.0174842
0.0173727
0.0172614
0.0171504
0.0170397
0.0169292
0.0168191
0.0167092
0.0165996
0.0164902
0.0163812
0.0162724
0.0161639
0.0160557
0.0159477
0.0158401
0.0157327
0.0156257
0.0155189
0.0154124
0.0153062
0.0152003
0.0150947
0.0149894
0.0148843
0.0147796
0.0146752
0.014571
0.0144672
0.0143637
0.0142604
0.0141575
0.0140549
0.0139525
0.0138505
0.0137488
0.0136474
0.0135463
0.0134455
0.013345
0.0132449
0.013145
0.0130455
0.0129462
0.0128473
0.0127487
0.0126505
0.0125525
0.0124549
0.0123575
0.0122605
0.0121639
0.0120675
0.0119715
0.0118758
0.0117804
0.0116853
0.0115906
0.0114962
0.0114021
0.0113084
0.011215
0.0111219
0.0110292
0.0109368
0.0108447
0.010753
0.0106616
0.0105705
0.0104798
0.0103894
0.0102993
0.0102096
0.0101203
0.0100313
0.00994259
0.00985426
0.00976628
0.00967864
0.00959135
0.00950441
0.00941782
0.00933158
0.00924569
0.00916015
0.00907496
0.00899013
0.00890565
0.00882153
0.00873776
0.00865435
0.0085713
0.0084886
0.00840627
0.00832429
0.00824268
0.00816142
0.00808053
0.008
0.00791984
0.00784004
0.00776061
0.00768154
0.00760284
0.00752451
0.00744654
0.00736895
0.00729172
0.00721487
0.00713839
0.00706228
0.00698655
0.00691118
0.0068362
0.00676159
0.00668735
0.00661349
0.00654001
0.00646691
0.00639419
0.00632185
0.00624988
0.0061783
0.0061071
0.00603629
0.00596585
0.0058958
0.00582614
0.00575686
0.00568797
0.00561946
0.00555134
0.00548361
0.00541627
0.00534932
0.00528276
0.00521659
0.00515081
0.00508542
0.00502042
0.00495582
0.00489162
0.0048278
0.00476439
0.00470136
0.00463874
0.00457651
0.00451468
0.00445325
0.00439222
0.00433158
0.00427135
0.00421152
0.00415209
0.00409306
0.00403443
0.00397621
0.00391839
0.00386098
0.00380397
0.00374736
0.00369116
0.00363537
0.00357999
0.00352501
0.00347044
0.00341628
0.00336253
0.00330919
0.00325625
0.00320373
0.00315162
0.00309993
0.00304864
0.00299777
0.00294731
0.00289727
0.00284763
0.00279842
0.00274962
0.00270123
0.00265326
0.00260571
0.00255858
0.00251186
0.00246556
0.00241968
0.00237422
0.00232918
0.00228456
0.00224036
0.00219658
0.00215322
0.00211028
0.00206777
0.00202567
0.001984
0.00194276
0.00190194
0.00186154
0.00182156
0.00178202
0.00174289
0.00170419
0.00166592
0.00162808
0.00159066
0.00155367
0.00151711
0.00148097
0.00144526
0.00140998
0.00137514
0.00134072
0.00130673
0.00127316
0.00124004
0.00120734
0.00117507
0.00114323
0.00111183
0.00108085
0.00105031
0.0010202
0.000990529
0.000961287
0.000932478
0.000904103
0.000876162
0.000848656
0.000821584
0.000794946
0.000768744
0.000742977
0.000717646
0.000692751
0.000668292
0.000644269
0.000620683
0.000597533
0.000574821
0.000552546
0.000530708
0.000509309
0.000488347
0.000467823
0.000447737
0.00042809
0.000408882
0.000390113
0.000371782
0.000353891
0.00033644
0.000319428
0.000302856
0.000286724
0.000271032
0.00025578
0.000240969
0.000226598
0.000212668
0.000199179
0.00018613
0.000173523
0.000161357
0.000149633
0.00013835
0.000127508
0.000117108
0.00010715
9.76344e-05
8.85602e-05
7.99282e-05
7.17383e-05
6.39906e-05
5.66853e-05
4.98223e-05
4.34018e-05
3.74238e-05
3.18884e-05
2.67956e-05
2.21455e-05
1.79382e-05
1.41736e-05
1.08518e-05
7.97281e-06
5.53672e-06
3.54353e-06
1.99325e-06
8.85891e-07
2.21473e-07
0
2.21473e-07
8.85891e-07
1.99325e-06
3.54353e-06
5.53672e-06
7.97281e-06
1.08518e-05
1.41736e-05
1.79382e-05
2.21455e-05
2.67956e-05
3.18884e-05
3.74238e-05
4.34018e-05
4.98223e-05
5.66853e-05
6.39906e-05
7.17383e-05
7.99282e-05
8.85602e-05
9.76344e-05
0.00010715
0.000117108
0.000127508
0.00013835
0.000149633
0.000161357
0.000173523
0.00018613
0.000199179
0.000212668
0.000226598
0.000240969
0.00025578
0.000271032
0.000286724
0.000302856
0.000319428
0.00033644
0.000353891
0.000371782
0.000390113
0.000408882
0.00042809
0.000447737
0.000467823
0.000488347
0.000509309
0.000530708
0.000552546
0.000574821
0.000597533
0.000620683
0.000644269
0.000668292
0.000692751
0.000717646
0.000742977
0.000768744
0.000794946
0.000821584
0.000848656
0.000876162
0.000904103
0.000932478
0.000961287
0.000990529
0.0010202
0.00105031
0.00108085
0.00111183
0.00114323
0.00117507
0.00120734
0.00124004
0.00127316
0.00130673
0.00134072
0.00137514
0.00140998
0.00144526
0.00148097
0.00151711
0.00155367
0.00159066
0.00162808
0.00166592
0.00170419
0.00174289
0.00178202
0.00182156
0.00186154
0.00190194
0.00194276
0.001984
0.00202567
0.00206777
0.00211028
0.00215322
0.00219658
0.00224036
0.00228456
0.00232918
0.00237422
0.00241968
0.00246556
0.00251186
0.00255858
0.00260571
0.00265326
0.00270123
0.00274962
0.00279842
0.00284763
0.00289727
0.00294731
0.00299777
0.00304864
0.00309993
0.00315162
0.00320373
0.00325625
0.00330919
0.00336253
0.00341628
0.00347044
0.00352501
0.00357999
0.00363537
0.00369116
0.00374736
0.00380397
0.00386098
0.00391839
0.00397621
0.00403443
0.00409306
0.00415209
0.00421152
0.00427135
0.00433158
0.00439222
0.00445325
0.00451468
0.00457651
0.00463874
0.00470136
0.00476439
0.0048278
0.00489162
0.00495582
0.00502042
0.00508542
0.00515081
0.00521659
0.00528276
0.00534932
0.00541627
0.00548361
0.00555134
0.00561946
0.00568797
0.00575686
0.00582614
0.0058958
0.00596585
0.00603629
0.0061071
0.0061783
0.00624988
0.00632185
0.00639419
0.00646691
0.00654001
0.00661349
0.00668735
0.00676159
0.0068362
0.00691118
0.00698655
0.00706228
0.00713839
0.00721487
0.00729172
0.00736895
0.00744654
0.00752451
0.00760284
0.00768154
0.00776061
0.00784004
0.00791984
0.008
0.00808053
0.00816142
0.00824268
0.00832429
0.00840627
0.0084886
0.0085713
0.00865435
0.00873776
0.00882153
0.00890565
0.00899013
0.00907496
0.00916015
0.00924569
0.00933158
0.00941782
0.00950441
0.00959135
0.00967864
0.00976628
0.00985426
0.00994259
0.0100313
0.0101203
0.0102096
0.0102993
0.0103894
0.0104798
0.0105705
0.0106616
0.010753
0.0108447
0.0109368
0.0110292
0.0111219
0.011215
0.0113084
0.0114021
0.0114962
0.0115906
0.0116853
0.0117804
0.0118758
0.0119715
0.0120675
0.0121639
0.0122605
0.0123575
0.0124549
0.0125525
0.0126505
0.0127487
0.0128473
0.0129462
0.0130455
0.013145
0.0132449
0.013345
0.0134455
0.0135463
0.0136474
0.0137488
0.0138505
0.0139525
0.0140549
0.0141575
0.0142604
0.0143637
0.0144672
0.014571
0.0146752
0.0147796
0.0148843
0.0149894
0.0150947
0.0152003
0.0153062
0.0154124
0.0155189
0.0156257
0.0157327
0.0158401
0.0159477
0.0160557
0.0161639
0.0162724
0.0163812
0.0164902
0.0165996
0.0167092
0.0168191
0.0169292
0.0170397
0.0171504
0.0172614
0.0173727
0.0174842
0.017596
0.0177081
0.0178205
0.0179331
0.018046
0.0181591
0.0182725
0.0183862
0.0185002
0.0186144
0.0187288
0.0188435
0.0189585
0.0190737
0.0191892
0.0193049
0.0194209
0.0195372
0.0196537
0.0197704
0.0198874
0.0200046
0.0201221
0.0202398
0.0203578
0.020476
0.0205944
0.0207131
0.020832
0.0209512
0.0210706
0.0211902
0.0213101
0.0214302
0.0215505
0.0216711
0.0217919
0.0219129
0.0220342
0.0221556
0.0222773
0.0223993
0.0225214
0.0226438
0.0227663
0.0228891
0.0230122
0.0231354
0.0232588
0.0233825
0.0235064
0.0236305
0.0237548
0.0238793
0.024004
0.0241289
0.024254
0.0243793
0.0245048
0.0246306
0.0247565
0.0248826
0.025009
0.0251355
0.0252622
0.0253891
0.0255162
0.0256435
0.025771
0.0258986
0.0260265
0.0261545
0.0262828
0.0264112
0.0265398
0.0266685
0.0267975
0.0269266
0.0270559
0.0271854
0.0273151
0.0274449
0.0275749
0.0277051
0.0278354
0.027966
0.0280966
0.0282275
0.0283585
0.0284897
0.028621
0.0287525
0.0288842
0.029016
0.029148
0.0292801
0.0294124
0.0295448
0.0296774
0.0298101
0.029943
0.030076
0.0302092
0.0303425
0.030476
0.0306096
0.0307433
0.0308772
0.0310112
0.0311454
0.0312797
0.0314141
0.0315487
0.0316834
0.0318182
0.0319532
0.0320883
0.0322235
0.0323588
0.0324943
0.0326298
0.0327655
0.0329014
0.0330373
0.0331734
0.0333095
0.0334458
0.0335822
0.0337187
0.0338553
0.0339921
0.0341289
0.0342658
0.0344029
0.03454
0.0346773
0.0348146
0.0349521
0.0350896
0.0352273
0.035365
0.0355029
0.0356408
0.0357788
0.0359169
0.0360551
0.0361934
0.0363318
0.0364702
0.0366088
0.0367474
0.0368861
0.0370249
0.0371637
0.0373027
0.0374417
0.0375808
0.0377199
0.0378591
0.0379984
0.0381378
0.0382772
0.0384167
0.0385563
0.0386959
0.0388356
0.0389753
0.0391151
0.039255
0.0393949
0.0395348
0.0396748
0.0398149
0.039955
0.0400952
0.0402354
0.0403757
0.040516
0.0406563
0.0407967
0.0409371
0.0410776
0.0412181
0.0413587
0.0414992
0.0416398
0.0417805
0.0419212
0.0420619
0.0422026
0.0423433
0.0424841
0.0426249
0.0427658
0.0429066
0.0430475
0.0431884
0.0433293
0.0434702
0.0436111
0.0437521
0.043893
0.044034
0.044175
0.0443159
0.0444569
0.0445979
0.0447389
0.0448799
0.0450209
0.0451619
0.0453029
0.0454439
0.0455848
0.0457258
0.0458668
0.0460077
0.0461487
0.0462896
0.0464305
0.0465714
0.0467123
0.0468532
0.046994
0.0471349
0.0472757
0.0474164
0.0475572
0.0476979
0.0478386
0.0479793
0.0481199
0.0482606
0.0484011
0.0485417
0.0486822
0.0488226
0.0489631
0.0491035
0.0492438
0.0493841
0.0495244
0.0496646
0.0498048
0.0499449
0.0500849
0.050225
0.0503649
0.0505048
0.0506447
0.0507845
0.0509242
0.0510639
0.0512035
0.0513431
0.0514826
0.051622
0.0517614
0.0519007
0.0520399
0.052179
0.0523181
0.0524571
0.0525961
0.0527349
0.0528737
0.0530124
0.053151
0.0532895
0.053428
0.0535664
0.0537047
0.0538429
0.053981
0.054119
0.0542569
0.0543948
0.0545325
0.0546701
0.0548077
0.0549451
0.0550825
0.0552197
0.0553569
0.0554939
0.0556309
0.0557677
0.0559045
0.0560411
0.0561776
0.056314
0.0564503
0.0565864
0.0567225
0.0568584
0.0569942
0.0571299
0.0572655
0.057401
0.0575363
0.0576715
0.0578066
0.0579416
0.0580764
0.0582111
0.0583457
0.0584801
0.0586144
0.0587485
0.0588826
0.0590165
0.0591502
0.0592838
0.0594173
0.0595506
0.0596838
0.0598168
0.0599497
0.0600824
0.060215
0.0603474
0.0604797
0.0606118
0.0607438
0.0608756
0.0610073
0.0611388
0.0612701
0.0614013
0.0615323
0.0616631
0.0617938
0.0619243
0.0620547
0.0621849
0.0623149
0.0624447
0.0625744
0.0627039
0.0628332
0.0629623
0.0630912
0.06322
0.0633486
0.063477
0.0636053
0.0637333
0.0638612
0.0639888
0.0641163
0.0642436
0.0643707
0.0644976
0.0646243
0.0647508
0.0648772
0.0650033
0.0651292
0.0652549
0.0653805
0.0655058
0.0656309
0.0657558
0.0658805
0.066005
0.0661293
0.0662534
0.0663773
0.0665009
0.0666244
0.0667476
0.0668706
0.0669934
0.067116
0.0672384
0.0673605
0.0674825
0.0676041
0.0677256
0.0678469
0.0679679
0.0680887
0.0682092
0.0683296
0.0684497
0.0685695
0.0686892
0.0688086
0.0689277
0.0690467
0.0691654
0.0692838
0.069402
0.06952
0.0696377
0.0697552
0.0698724
0.0699894
0.0701061
0.0702226
0.0703389
0.0704549
0.0705706
0.0706861
0.0708013
0.0709163
0.071031
0.0711454
0.0712596
0.0713736
0.0714872
0.0716007
0.0717138
0.0718267
0.0719393
0.0720517
0.0721637
0.0722756
0.0723871
0.0724984
0.0726094
0.0727201
0.0728305
0.0729407
0.0730506
0.0731602
0.0732696
0.0733786
0.0734874
0.0735959
0.0737041
0.0738121
0.0739197
0.0740271
0.0741341
0.0742409
0.0743474
0.0744536
0.0745595
0.0746651
0.0747704
0.0748755
0.0749802
0.0750846
0.0751888
0.0752926
0.0753961
0.0754994
0.0756023
0.0757049
0.0758073
0.0759093
0.076011
0.0761124
0.0762135
0.0763143
0.0764148
0.0765149
0.0766148
0.0767143
0.0768135
0.0769125
0.077011
0.0771093
0.0772073
0.0773049
0.0774023
0.0774993
0.0775959
0.0776923
0.0777883
0.077884
0.0779794
0.0780745
0.0781692
0.0782636
0.0783577
0.0784514
0.0785448
0.0786379
0.0787306
0.078823
0.0789151
0.0790068
0.0790982
0.0791893
0.07928
0.0793704
0.0794604
0.0795502
0.0796395
0.0797285
0.0798172
0.0799055
0.0799935
0.0800811
0.0801684
0.0802554
0.080342
0.0804282
0.0805141
0.0805996
0.0806848
0.0807697
0.0808541
0.0809383
0.081022
0.0811054
0.0811885
0.0812712
0.0813535
0.0814355
0.0815171
0.0815984
0.0816793
0.0817598
0.08184
0.0819198
0.0819992
0.0820783
0.082157
0.0822353
0.0823132
0.0823908
0.0824681
0.0825449
0.0826214
0.0826975
0.0827732
0.0828486
0.0829236
0.0829982
0.0830724
0.0831463
0.0832198
0.0832929
0.0833656
0.0834379
0.0835099
0.0835815
0.0836527
0.0837235
0.0837939
0.083864
0.0839337
0.0840029
0.0840718
0.0841403
0.0842084
0.0842762
0.0843435
0.0844105
0.084477
0.0845432
0.084609
0.0846744
0.0847394
0.084804
0.0848682
0.084932
0.0849954
0.0850584
0.0851211
0.0851833
0.0852451
0.0853065
0.0853676
0.0854282
0.0854884
0.0855483
0.0856077
0.0856667
0.0857254
0.0857836
0.0858414
0.0858988
0.0859558
0.0860124
0.0860686
0.0861244
0.0861798
0.0862348
0.0862894
0.0863435
0.0863973
0.0864506
0.0865035
0.0865561
0.0866082
0.0866599
0.0867111
0.086762
0.0868125
0.0868625
0.0869122
0.0869614
0.0870102
0.0870586
0.0871065
0.0871541
0.0872012
0.0872479
0.0872942
0.0873401
0.0873856
0.0874306
0.0874752
0.0875194
0.0875632
0.0876066
0.0876495
0.087692
0.0877341
0.0877758
0.087817
0.0878579
0.0878983
0.0879382
0.0879778
0.0880169
0.0880556
0.0880939
0.0881317
0.0881691
0.0882061
0.0882427
0.0882788
0.0883145
0.0883498
0.0883847
0.0884191
0.0884531
0.0884866
0.0885198
0.0885525
0.0885847
0.0886166
0.088648
0.0886789
0.0887095
0.0887396
0.0887693
0.0887985
0.0888273
0.0888557
0.0888836
0.0889111
0.0889382
0.0889648
0.088991
0.0890168
0.0890421
0.089067
0.0890915
0.0891155
0.0891391
0.0891623
0.089185
0.0892072
0.0892291
0.0892505
0.0892714
0.089292
0.0893121
0.0893317
0.0893509
0.0893697
0.089388
0.0894059
0.0894234
0.0894404
0.0894569
0.0894731
0.0894888
0.089504
0.0895188
0.0895332
0.0895471
0.0895606
0.0895737
0.0895863
0.0895984
0.0896102
0.0896214
0.0896323
0.0896427
0.0896526
0.0896622
0.0896712
0.0896799
0.0896881
0.0896958
0.0897031
0.08971
0.0897164
0.0897224
0.0897279
0.089733
0.0897376
0.0897419
0.0897456
0.0897489
0.0897518
0.0897543
0.0897562
0.0897578
0.0897589
0.0897596
0.0897598
0.0897596
0.0897589
0.0897578
0.0897562
0.0897543
0.0897518
0.0897489
0.0897456
0.0897419
0.0897376
0.089733
0.0897279
0.0897224
0.0897164
0.08971
0.0897031
0.0896958
0.0896881
0.0896799
0.0896712
0.0896622
0.0896526
0.0896427
0.0896323
0.0896214
0.0896102
0.0895984
0.0895863
0.0895737
0.0895606
0.0895471
0.0895332
0.0895188
0.089504
0.0894888
0.0894731
0.0894569
0.0894404
0.0894234
0.0894059
0.089388
0.0893697
0.0893509
0.0893317
0.0893121
0.089292
0.0892714
0.0892505
0.0892291
0.0892072
0.089185
0.0891623
0.0891391
0.0891155
0.0890915
0.089067
0.0890421
0.0890168
0.088991
0.0889648
0.0889382
0.0889111
0.0888836
0.0888557
0.0888273
0.0887985
0.0887693
0.0887396
0.0887095
0.0886789
0.088648
0.0886166
0.0885847
0.0885525
0.0885198
0.0884866
0.0884531
0.0884191
0.0883847
0.0883498
0.0883145
0.0882788
0.0882427
0.0882061
0.0881691
0.0881317
0.0880939
0.0880556
0.0880169
0.0879778
0.0879382
0.0878983
0.0878579
0.087817
0.0877758
0.0877341
0.087692
0.0876495
0.0876066
0.0875632
0.0875194
0.0874752
0.0874306
0.0873856
0.0873401
0.0872942
0.0872479
0.0872012
0.0871541
0.0871065
0.0870586
0.0870102
0.0869614
0.0869122
0.0868625
0.0868125
0.086762
0.0867111
0.0866599
0.0866082
0.0865561
0.0865035
0.0864506
0.0863973
0.0863435
0.0862894
0.0862348
0.0861798
0.0861244
0.0860686
0.0860124
0.0859558
0.0858988
0.0858414
0.0857836
0.0857254
0.0856667
0.0856077
0.0855483
0.0854884
0.0854282
0.0853676
0.0853065
0.0852451
0.0851833
0.0851211
0.0850584
0.0849954
0.084932
0.0848682
0.084804
0.0847394
0.0846744
0.084609
0.0845432
0.084477
0.0844105
0.0843435
0.0842762
0.0842084
0.0841403
0.0840718
0.0840029
0.0839337
0.083864
0.0837939
0.0837235
0.0836527
0.0835815
0.0835099
0.0834379
0.0833656
0.0832929
0.0832198
0.0831463
0.0830724
0.0829982
0.0829236
0.0828486
0.0827732
0.0826975
0.0826214
0.0825449
0.0824681
0.0823908
0.0823132
0.0822353
0.082157
0.0820783
0.0819992
0.0819198
0.08184
0.0817598
0.0816793
0.0815984
0.0815171
0.0814355
0.0813535
0.0812712
0.0811885
0.0811054
0.081022
0.0809383
0.0808541
0.0807697
0.0806848
0.0805996
0.0805141
0.0804282
0.080342
0.0802554
0.0801684
0.0800811
0.0799935
0.0799055
0.0798172
0.0797285
0.0796395
0.0795502
0.0794604
0.0793704
0.07928
0.0791893
0.0790982
0.0790068
0.0789151
0.078823
0.0787306
0.0786379
0.0785448
0.0784514
0.0783577
0.0782636
0.0781692
0.0780745
0.0779794
0.077884
0.0777883
0.0776923
0.0775959
0.0774993
0.0774023
0.0773049
0.0772073
0.0771093
0.077011
0.0769125
0.0768135
0.0767143
0.0766148
0.0765149
0.0764148
0.0763143
0.0762135
0.0761124
0.076011
0.0759093
0.0758073
0.0757049
0.0756023
0.0754994
0.0753961
0.0752926
0.0751888
0.0750846
0.0749802
0.0748755
0.0747704
0.0746651
0.0745595
0.0744536
0.0743474
0.0742409
0.0741341
0.0740271
0.0739197
0.0738121
0.0737041
0.0735959
0.0734874
0.0733786
0.0732696
0.0731602
0.0730506
0.0729407
0.0728305
0.0727201
0.0726094
0.0724984
0.0723871
0.0722756
0.0721637
0.0720517
0.0719393
0.0718267
0.0717138
0.0716007
0.0714872
0.0713736
0.0712596
0.0711454
0.071031
0.0709163
0.0708013
0.0706861
0.0705706
0.0704549
0.0703389
0.0702226
0.0701061
0.0699894
0.0698724
0.0697552
0.0696377
0.06952
0.069402
0.0692838
0.0691654
0.0690467
0.0689277
0.0688086
0.0686892
0.0685695
0.0684497
0.0683296
0.0682092
0.0680887
0.0679679
0.0678469
0.0677256
0.0676041
0.0674825
0.0673605
0.0672384
0.067116
0.0669934
0.0668706
0.0667476
0.0666244
0.0665009
0.0663773
0.0662534
0.0661293
0.066005
0.0658805
0.0657558
0.0656309
0.0655058
0.0653805
0.0652549
0.0651292
0.0650033
0.0648772
0.0647508
0.0646243
0.0644976
0.0643707
0.0642436
0.0641163
0.0639888
0.0638612
0.0637333
0.0636053
0.063477
0.0633486
0.06322
0.0630912
0.0629623
0.0628332
0.0627039
0.0625744
0.0624447
0.0623149
0.0621849
0.0620547
0.0619243
0.0617938
0.0616631
0.0615323
0.0614013
0.0612701
0.0611388
0.0610073
0.0608756
0.0607438
0.0606118
0.0604797
0.0603474
0.060215
0.0600824
0.0599497
0.0598168
0.0596838
0.0595506
0.0594173
0.0592838
0.0591502
0.0590165
0.0588826
0.0587485
0.0586144
0.0584801
0.0583457
0.0582111
0.0580764
0.0579416
0.0578066
0.0576715
0.0575363
0.057401
0.0572655
0.0571299
0.0569942
0.0568584
0.0567225
0.0565864
0.0564503
0.056314
0.0561776
0.0560411
0.0559045
0.0557677
0.0556309
0.0554939
0.0553569
0.0552197
0.0550825
0.0549451
0.0548077
0.0546701
0.0545325
0.0543948
0.0542569
0.054119
0.053981
0.0538429
0.0537047
0.0535664
0.053428
0.0532895
0.053151
0.0530124
0.0528737
0.0527349
0.0525961
0.0524571
0.0523181
0.052179
0.0520399
0.0519007
0.0517614
0.051622
0.0514826
0.0513431
0.0512035
0.0510639
0.0509242
0.0507845
0.0506447
0.0505048
0.0503649
0.050225
0.0500849
0.0499449
0.0498048
0.0496646
0.0495244
0.0493841
0.0492438
0.0491035
0.0489631
0.0488226
0.0486822
0.0485417
0.0484011
0.0482606
0.0481199
0.0479793
0.0478386
0.0476979
0.0475572
0.0474164
0.0472757
0.0471349
0.046994
0.0468532
0.0467123
0.0465714
0.0464305
0.0462896
0.0461487
0.0460077
0.0458668
0.0457258
0.0455848
0.0454439
0.0453029
0.0451619
0.0450209
0.0448799
0.0447389
0.0445979
0.0444569
0.0443159
0.044175
0.044034
0.043893
0.0437521
0.0436111
0.0434702
0.0433293
0.0431884
0.0430475
0.0429066
0.0427658
0.0426249
0.0424841
0.0423433
0.0422026
0.0420619
0.0419212
0.0417805
0.0416398
0.0414992
0.0413587
0.0412181
0.0410776
0.0409371
0.0407967
0.0406563
0.040516
0.0403757
0.0402354
0.0400952
0.039955
0.0398149
0.0396748
0.0395348
0.0393949
0.039255
0.0391151
0.0389753
0.0388356
0.0386959
0.0385563
0.0384167
0.0382772
0.0381378
0.0379984
0.0378591
0.0377199
0.0375808
0.0374417
0.0373027
0.0371637
0.0370249
0.0368861
0.0367474
0.0366088
0.0364702
0.0363318
0.0361934
0.0360551
0.0359169
0.0357788
0.0356408
0.0355029
0.035365
0.0352273
0.0350896
0.0349521
0.0348146
0.0346773
0.03454
0.0344029
0.0342658
0.0341289
0.0339921
0.0338553
0.0337187
0.0335822
0.0334458
0.0333095
0.0331734
0.0330373
0.0329014
0.0327655
0.0326298
0.0324943
0.0323588
0.0322235
0.0320883
0.0319532
0.0318182
0.0316834
0.0315487
0.0314141
0.0312797
0.0311454
0.0310112
0.0308772
0.0307433
0.0306096
0.030476
0.0303425
0.0302092
0.030076
0.029943
0.0298101
0.0296774
0.0295448
0.0294124
0.0292801
0.029148
0.029016
0.0288842
0.0287525
0.028621
0.0284897
0.0283585
0.0282275
0.0280966
0.027966
0.0278354
0.0277051
0.0275749
0.0274449
0.0273151
0.0271854
0.0270559
0.0269266
0.0267975
0.0266685
0.0265398
0.0264112
0.0262828
0.0261545
0.0260265
0.0258986
0.025771
0.0256435
0.0255162
0.0253891
0.0252622
0.0251355
0.025009
0.0248826
0.0247565
0.0246306
0.0245048
0.0243793
0.024254
0.0241289
0.024004
0.0238793
0.0237548
0.0236305
0.0235064
0.0233825
0.0232588
0.0231354
0.0230122
0.0228891
0.0227663
0.0226438
0.0225214
0.0223993
0.0222773
0.0221556
0.0220342
0.0219129
0.0217919
0.0216711
0.0215505
0.0214302
0.0213101
0.0211902
0.0210706
0.0209512
0.020832
0.0207131
0.0205944
0.020476
0.0203578
0.0202398
0.0201221
0.0200046
0.0198874
0.0197704
0.0196537
0.0195372
0.0194209
0.0193049
0.0191892
0.0190737
0.0189585
0.0188435
0.0187288
0.0186144
0.0185002
0.0183862
0.0182725
0.0181591
0.018046
0.0179331
0.0178205
0.0177081
0.017596
0.0174842
0.0173727
0.0172614
0.0171504
0.0170397
0.0169292
0.0168191
0.0167092
0.0165996
0.0164902
0.0163812
0.0162724
0.0161639
0.0160557
0.0159477
0.0158401
0.0157327
0.0156257
0.0155189
0.0154124
0.0153062
0.0152003
0.0150947
0.0149894
0.0148843
0.0147796
0.0146752
0.014571
0.0144672
0.0143637
0.0142604
0.0141575
0.0140549
0.0139525
0.0138505
0.0137488
0.0136474
0.0135463
0.0134455
0.013345
0.0132449
0.013145
0.0130455
0.0129462
0.0128473
0.0127487
0.0126505
0.0125525
0.0124549
0.0123575
0.0122605
0.0121639
0.0120675
0.0119715
0.0118758
0.0117804
0.0116853
0.0115906
0.0114962
0.0114021
0.0113084
0.011215
0.0111219
0.0110292
0.0109368
0.0108447
0.010753
0.0106616
0.0105705
0.0104798
0.0103894
0.0102993
0.0102096
0.0101203
0.0100313
0.00994259
0.00985426
0.00976628
0.00967864
0.00959135
0.00950441
0.00941782
0.00933158
0.00924569
0.00916015
0.00907496
0.00899013
0.00890565
0.00882153
0.00873776
0.00865435
0.0085713
0.0084886
0.00840627
0.00832429
0.00824268
0.00816142
0.00808053
0.008
0.00791984
0.00784004
0.00776061
0.00768154
0.00760284
0.00752451
0.00744654
0.00736895
0.00729172
0.00721487
0.00713839
0.00706228
0.00698655
0.00691118
0.0068362
0.00676159
0.00668735
0.00661349
0.00654001
0.00646691
0.00639419
0.00632185
0.00624988
0.0061783
0.0061071
0.00603629
0.00596585
0.0058958
0.00582614
0.00575686
0.00568797
0.00561946
0.00555134
0.00548361
0.00541627
0.00534932
0.00528276
0.00521659
0.00515081
0.00508542
0.00502042
0.00495582
0.00489162
0.0048278
0.00476439
0.00470136
0.00463874
0.00457651
0.00451468
0.00445325
0.00439222
0.00433158
0.00427135
0.00421152
0.00415209
0.00409306
0.00403443
0.00397621
0.00391839
0.00386098
0.00380397
0.00374736
0.00369116
0.00363537
0.00357999
0.00352501
0.00347044
0.00341628
0.00336253
0.00330919
0.00325625
0.00320373
0.00315162
0.00309993
0.00304864
0.00299777
0.00294731
0.00289727
0.00284763
0.00279842
0.00274962
0.00270123
0.00265326
0.00260571
0.00255858
0.00251186
0.00246556
0.00241968
0.00237422
0.00232918
0.00228456
0.00224036
0.00219658
0.00215322
0.00211028
0.00206777
0.00202567
0.001984
0.00194276
0.00190194
0.00186154
0.00182156
0.00178202
0.00174289
0.00170419
0.00166592
0.00162808
0.00159066
0.00155367
0.00151711
0.00148097
0.00144526
0.00140998
0.00137514
0.00134072
0.00130673
0.00127316
0.00124004
0.00120734
0.00117507
0.00114323
0.00111183
0.00108085
0.00105031
0.0010202
0.000990529
0.000961287
0.000932478
0.000904103
0.000876162
0.000848656
0.000821584
0.000794946
0.000768744
0.000742977
0.000717646
0.000692751
0.000668292
0.000644269
0.000620683
0.000597533
0.000574821
0.000552546
0.000530708
0.000509309
0.000488347
0.000467823
0.000447737
0.00042809
0.000408882
0.000390113
0.000371782
0.000353891
0.00033644
0.000319428
0.000302856
0.000286724
0.000271032
0.00025578
0.000240969
0.000226598
0.000212668
0.000199179
0.00018613
0.000173523
0.000161357
0.000149633
0.00013835
0.000127508
0.000117108
0.00010715
9.76344e-05
8.85602e-05
7.99282e-05
7.17383e-05
6.39906e-05
5.66853e-05
4.98223e-05
4.34018e-05
3.74238e-05
3.18884e-05
2.67956e-05
2.21455e-05
1.79382e-05
1.41736e-05
1.08518e-05
7.97281e-06
5.53672e-06
3.54353e-06
1.99325e-06
8.85891e-07
2.21473e-07
0
0
0
0
0
0
0
0
0
0
0
0
0
0
0
0
0
0
0
0
0
0
0
0
0
0
0
0
0
0
0
0
0
0
0
0
0
0
0
0
0
0
0
0
0
0
0
0
0
0
0
0
0
0
0
0
0
0
0
0
0
0
0
0
0
0
0
0
0
0
0
0
0
0
0
0
0
0
0
0
0
0
0
0
0
0
0
0
0
0
0
0
0
0
0
0
0
0
0
0
0
0
0
0
0
0
0
0
0
0
0
0
0
0
0
0
0
0
0
0
0
0
0
0
0
0
0
0
0
0
0
0
0
0
0
0
0
0
0
0
0
0
0
0
0
0
0
0
0
0
0
0
0
0
0
0
0
0
0
0
0
0
0
0
0
0
0
0
0
0
0
0
0
0
0
0
0
0
0
0
0
0
0
0
0
0
0
0
0
0
0
0
0
0
0
0
0
0
0
0
0
0
0
0
0
0
0
0
0
0
0
0
0
0
0
0
0
0
0
0
0
0
0
0
0
0
0
0
0
0
0
0
0
0
0
0
0
0
0
0
0
0
0
0
0
0
0
0
0
0
0
0
0
0
0
0
0
0
0
0
0
0
0
0
0
0
0
0
0
0
0
0
0
0
0
0
0
0
0
0
0
0
0
0
0
0
0
0
0
0
0
0
0
0
0
0
0
0
0
0
0
0
0
0
0
0
0
0
0
0
0
0
0
0
0
0
0
0
0
0
0
0
0
0
0
0
0
0
0
0
0
0
0
0
0
0
0
0
0
0
0
0
0
0
0
0
0
0
0
0
0
0
0
0
0
0
0
0
0
0
0
0
0
0
0
0
0
0
0
0
0
0
0
0
0
0
0
0
0
0
0
0
0
0
0
0
0
0
0
0
0
0
0
0
0
0
0
0
0
0
0
0
0
0
0
0
0
0
0
0
0
0
0
0
0
0
0
0
0
0
0
0
0
0
0
0
0
0
0
0
0
0
0
0
0
0
0
0
0
0
0
0
0
0
0
0
0
0
0
0
0
0
0
0
0
0
0
0
0
0
0
0
0
0
0
0
0
0
0
0
0
0
0
0
0
0
0
0
0
0
0
0
0
0
0
0
0
0
0
0
0
0
0
0
0
0
0
0
0
0
0
0
0
0
0
0
0
0
0
0
0
0
0
0
0
0
0
0
0
0
0
0
0
0
0
0
0
0
0
0
0
0
0
0
0
0
0
0
0
0
0
0
0
0
0
0
0
0
0
0
0
0
0
0
0
0
0
0
0
0
0
0
0
0
0
0
0
0
0
0
0
0
0
0
0
0
0
0
0
0
0
0
0
0
0
0
0
0
0
0
0
0
0
0
0
0
0
0
0
0
0
0
0
0
0
0
0
0
0
0
0
0
0
0
0
0
0
0
0
0
0
0
0
0
0
0
0
0
0
0
0
0
0
0
0
0
0
0
0
0
0
0
0
0
0
0
0
0
0
0
0
0
0
0
0
0
0
0
0
0
0
0
0
0
0
0
0
0
0
0
0
0
0
0
0
0
0
0
0
0
0
0
0
0
0
0
0
0
0
0
0
0
0
0
0
0
0
0
0
0
0
0
0
0
0
0
0
0
0
0
0
0
0
0
0
0
0
0
0
0
0
0
0
0
0
0
0
0
0
0
0
0
0
0
0
0
0
0
0
0
0
0
0
0
0
0
0
0
0
0
0
0
0
0
0
0
0
0
0
0
0
0
0
0
0
0
0
0
0
0
0
0
0
0
0
0
0
0
0
0
0
0
0
0
0
0
0
0
0
0
0
0
0
0
0
0
0
0
0
0
0
0
0
0
0
0
0
0
0
0
0
0
0
0
0
0
0
0
0
0
0
0
0
0
0
0
0
0
0
0
0
0
0
0
0
0
0
0
0
0
0
0
0
0
0
0
0
0
0
0
0
0
0
0
0
0
0
0
0
0
0
0
0
0
0
0
0
0
0
0
0
0
0
0
0
0
0
0
0
0
0
0
0
0
0
0
0
0
0
0
0
0
0
0
0
0
0
0
0
0
0
0
0
0
0
0
0
0
0
0
0
0
0
0
0
0
0
0
0
0
0
0
0
0
0
0
0
0
0
0
0
0
0
0
0
0
0
0
0
0
0
0
0
0
0
0
0
0
0
0
0
0
0
0
0
0
0
0
0
0
0
0
0
0
0
0
0
0
0
0
0
0
0
0
0
0
0
0
0
0
0
0
0
0
0
0
0
0
0
0
0
0
0
0
0
0
0
0
0
0
0
0
0
0
0
0
0
0
0
0
0
0
0
0
0
0
0
0
0
0
0
0
0
0
0
0
0
0
0
0
0
0
0
0
0
0
0
0
0
0
0
0
0
0
0
0
0
0
0
0
0
0
0
0
0
0
0
0
0
0
0
0
0
0
0
0
0
0
0
0
0
0
0
0
0
0
0
0
0
0
0
0
0
0
0
0
0
0
0
0
0
0
0
0
0
0
0
0
0
0
0
0
0
0
0
0
0
0
0
0
0
0
0
0
0
0
0
0
0
0
0
0
0
0
0
0
0
0
0
0
0
0
0
0
0
0
0
0
0
0
0
0
0
0
0
0
0
0
0
0
0
0
0
0
0
0
0
0
0
0
0
0
0
0
0
0
0
0
0
0
0
0
0
0
0
0
0
0
0
0
0
0
0
0
0
0
0
0
0
0
0
0
0
0
0
0
0
0
0
0
0
0
0
0
0
0
0
0
0
0
0
0
0
0
0
0
0
0
0
0
0
0
0
0
0
0
0
0
0
0
0
0
0
0
0
0
0
0
0
0
0
0
0
0
0
0
0
0
0
0
0
0
0
0
0
0
0
0
0
0
0
0
0
0
0
0
0
0
0
0
0
0
0
0
0
0
0
0
0
0
0
0
0
0
0
0
0
0
0
0
0
0
0
0
0
0
0
0
0
0
0
0
0
0
0
0
0
0
0
0
0
0
0
0
0
0
0
0
0
0
0
0
0
0
0
0
0
0
0
0
0
0
0
0
0
0
0
0
0
0
0
0
0
0
0
0
0
0
0
0
0
0
0
0
0
0
0
0
0
0
0
0
0
0
0
0
0
0
0
0
0
0
0
0
0
0
0
0
0
0
0
0
0
0
0
0
0
0
0
0
0
0
0
0
0
0
0
0
0
0
0
0
0
0
0
0
0
0
0
0
0
0
0
0
0
0
0
0
0
0
0
0
0
0
0
0
0
0
0
0
0
0
0
0
0
0
0
0
0
0
0
0
0
0
0
0
0
0
0
0
0
0
0
0
0
0
0
0
0
0
0
0
0
0
0
0
0
0
0
0
0
0
0
0
0
0
0
0
0
0
0
0
0
0
0
0
0
0
0
0
0
0
0
0
0
0
0
0
0
0
0
0
0
0
0
0
0
0
0
0
0
0
0
0
0
0
0
0
0
0
0
0
0
0
0
0
0
0
0
0
0
0
0
0
0
0
0
0
0
0
0
0
0
0
0
0
0
0
0
0
0
0
0
0
0
0
0
0
0
0
0
0
0
0
0
0
0
0
0
0
0
0
0
0
0
0
0
0
0
0
0
0
0
0
0
0
0
0
0
0
0
0
0
0
0
0
0
0
0
0
0
0
0
0
0
0
0
0
0
0
0
0
0
0
0
0
0
0
0
0
0
0
0
0
0
0
0
0
0
0
0
0
0
0
0
0
0
0
0
0
0
0
0
0
0
0
0
0
0
0
0
0
0
0
0
0
0
0
0
0
0
0
0
0
0
0
0
0
0
0
0
0
0
0
0
0
0
0
0
0
0
0
0
0
0
0
0
0
0
0
0
0
0
0
0
0
0
0
0
0
0
0
0
0
0
0
0
0
0
0
0
0
0
0
0
0
0
0
0
0
0
0
0
0
0
0
0
0
0
0
0
0
0
0
0
0
0
0
0
0
0
0
0
0
0
0
0
0
0
0
0
0
0
0
0
0
0
0
0
0
0
0
0
0
0
0
0
0
0
0
0
0
0
0
0
0
0
0
0
0
0
0
0
0
0
0
0
0
0
0
0
0
0
0
0
0
0
0
0
0
0
0
0
0
0
0
0
0
0
0
0
0
0
0
0
0
0
0
0
0
0
0
0
0
0
0
0
0
0
0
0
0
0
0
0
0
0
0
0
0
0
0
0
0
0
0
0
0
0
0
0
0
0
0
0
0
0
0
0
0
0
0
0
0
0
0
0
0
0
0
0
0
0
0
0
0
0
0
0
0
0
0
0
0
0
0
0
0
0
0
0
0
0
0
0
0
0
0
0
0
0
0
0
0
0
0
0
0
0
0
0
0
0
0
0
0
0
0
0
0
0
0
0
0
0
0
0
0
0
0
0
0
0
0
0
0
0
0
0
0
0
0
0
0
0
0
0
0
0
0
0
0
0
0
0
0
0
0
0
0
0
0
0
0
0
0
0
0
0
0
0
0
0
0
0
0
0
0
0
0
0
0
0
0
0
0
0
0
0
0
0
0
0
0
0
0
0
0
0
0
0
