0
2.58385e-07
1.03354e-06
2.32545e-06
4.13412e-06
6.45951e-06
9.30161e-06
1.26604e-05
1.65358e-05
2.09278e-05
2.58364e-05
3.12616e-05
3.72031e-05
4.36611e-05
5.06354e-05
5.8126e-05
6.61328e-05
7.46557e-05
8.36946e-05
9.32495e-05
0.00010332
0.000113907
0.000125009
0.000136627
0.00014876
0.000161408
0.000174572
0.00018825
0.000202444
0.000217152
0.000232375
0.000248112
0.000264364
0.00028113
0.00029841
0.000316204
0.000334511
0.000353332
0.000372666
0.000392513
0.000412873
0.000433746
0.000455131
0.000477029
0.000499439
0.00052236
0.000545793
0.000569738
0.000594193
0.00061916
0.000644637
0.000670625
0.000697122
0.00072413
0.000751647
0.000779674
0.00080821
0.000837254
0.000866807
0.000896868
0.000927437
0.000958514
0.000990098
0.00102219
0.00105479
0.00108789
0.0011215
0.00115562
0.00119024
0.00122536
0.001261
0.00129713
0.00133377
0.00137091
0.00140856
0.00144671
0.00148536
0.00152451
0.00156417
0.00160432
0.00164498
0.00168614
0.0017278
0.00176996
0.00181261
0.00185577
0.00189942
0.00194358
0.00198823
0.00203337
0.00207902
0.00212516
0.00217179
0.00221893
0.00226655
0.00231467
0.00236329
0.00241239
0.002462
0.00251209
0.00256267
0.00261375
0.00266532
0.00271738
0.00276993
0.00282296
0.00287649
0.00293051
0.00298501
0.00304
0.00309548
0.00315144
0.00320789
0.00326482
0.00332224
0.00338014
0.00343853
0.0034974
0.00355675
0.00361658
0.00367689
0.00373769
0.00379896
0.00386072
0.00392295
0.00398566
0.00404885
0.00411251
0.00417665
0.00424127
0.00430636
0.00437192
0.00443796
0.00450447
0.00457146
0.00463891
0.00470684
0.00477524
0.0048441
0.00491344
0.00498324
0.00505352
0.00512425
0.00519546
0.00526713
0.00533926
0.00541186
0.00548493
0.00555845
0.00563244
0.00570689
0.00578179
0.00585716
0.00593299
0.00600927
0.00608602
0.00616322
0.00624087
0.00631898
0.00639755
0.00647657
0.00655604
0.00663596
0.00671634
0.00679716
0.00687844
0.00696016
0.00704233
0.00712495
0.00720802
0.00729153
0.00737549
0.00745989
0.00754473
0.00763002
0.00771574
0.00780191
0.00788852
0.00797556
0.00806305
0.00815097
0.00823933
0.00832812
0.00841735
0.00850701
0.00859711
0.00868763
0.00877859
0.00886998
0.00896179
0.00905404
0.00914671
0.00923981
0.00933334
0.00942729
0.00952166
0.00961645
0.00971167
0.00980731
0.00990337
0.00999985
0.0100967
0.0101941
0.0102918
0.0103899
0.0104885
0.0105875
0.0106868
0.0107866
0.0108868
0.0109875
0.0110885
0.0111899
0.0112917
0.011394
0.0114966
0.0115997
0.0117031
0.011807
0.0119112
0.0120159
0.0121209
0.0122264
0.0123322
0.0124385
0.0125451
0.0126521
0.0127596
0.0128674
0.0129756
0.0130842
0.0131931
0.0133025
0.0134122
0.0135224
0.0136329
0.0137438
0.0138551
0.0139667
0.0140788
0.0141912
0.014304
0.0144171
0.0145307
0.0146446
0.0147589
0.0148735
0.0149886
0.015104
0.0152197
0.0153359
0.0154523
0.0155692
0.0156864
0.015804
0.015922
0.0160403
0.0161589
0.016278
0.0163973
0.0165171
0.0166372
0.0167576
0.0168784
0.0169995
0.017121
0.0172429
0.017365
0.0174876
0.0176105
0.0177337
0.0178572
0.0179811
0.0181054
0.0182299
0.0183549
0.0184801
0.0186057
0.0187316
0.0188579
0.0189844
0.0191113
0.0192386
0.0193661
0.019494
0.0196222
0.0197508
0.0198796
0.0200088
0.0201383
0.0202681
0.0203983
0.0205287
0.0206595
0.0207906
0.0209219
0.0210536
0.0211857
0.021318
0.0214506
0.0215835
0.0217167
0.0218503
0.0219841
0.0221182
0.0222527
0.0223874
0.0225224
0.0226577
0.0227934
0.0229293
0.0230655
0.0232019
0.0233387
0.0234758
0.0236131
0.0237507
0.0238886
0.0240268
0.0241653
0.0243041
0.0244431
0.0245824
0.024722
0.0248618
0.0250019
0.0251423
0.025283
0.0254239
0.0255651
0.0257065
0.0258482
0.0259902
0.0261325
0.026275
0.0264177
0.0265607
0.026704
0.0268475
0.0269913
0.0271353
0.0272796
0.0274241
0.0275689
0.0277139
0.0278591
0.0280046
0.0281504
0.0282963
0.0284425
0.028589
0.0287357
0.0288826
0.0290297
0.0291771
0.0293247
0.0294725
0.0296206
0.0297689
0.0299174
0.0300661
0.0302151
0.0303642
0.0305136
0.0306632
0.030813
0.0309631
0.0311133
0.0312637
0.0314144
0.0315653
0.0317163
0.0318676
0.0320191
0.0321707
0.0323226
0.0324747
0.032627
0.0327794
0.0329321
0.0330849
0.033238
0.0333912
0.0335446
0.0336982
0.033852
0.0340059
0.0341601
0.0343144
0.0344689
0.0346236
0.0347785
0.0349335
0.0350887
0.0352441
0.0353996
0.0355553
0.0357112
0.0358672
0.0360234
0.0361798
0.0363363
0.036493
0.0366498
0.0368068
0.036964
0.0371213
0.0372787
0.0374363
0.037594
0.0377519
0.03791
0.0380681
0.0382265
0.0383849
0.0385435
0.0387022
0.0388611
0.0390201
0.0391792
0.0393385
0.0394979
0.0396574
0.0398171
0.0399768
0.0401367
0.0402967
0.0404568
0.0406171
0.0407774
0.0409379
0.0410985
0.0412592
0.04142
0.0415809
0.041742
0.0419031
0.0420643
0.0422257
0.0423871
0.0425486
0.0427102
0.042872
0.0430338
0.0431957
0.0433577
0.0435198
0.043682
0.0438442
0.0440066
0.044169
0.0443315
0.0444941
0.0446567
0.0448195
0.0449823
0.0451452
0.0453082
0.0454712
0.0456343
0.0457974
0.0459607
0.046124
0.0462873
0.0464507
0.0466142
0.0467777
0.0469413
0.047105
0.0472686
0.0474324
0.0475962
0.04776
0.0479239
0.0480878
0.0482518
0.0484158
0.0485798
0.0487439
0.048908
0.0490722
0.0492364
0.0494006
0.0495648
0.0497291
0.0498934
0.0500577
0.0502221
0.0503864
0.0505508
0.0507152
0.0508796
0.0510441
0.0512085
0.051373
0.0515374
0.0517019
0.0518664
0.0520309
0.0521954
0.0523599
0.0525244
0.0526889
0.0528534
0.0530178
0.0531823
0.0533468
0.0535112
0.0536757
0.0538401
0.0540045
0.0541689
0.0543333
0.0544977
0.054662
0.0548264
0.0549907
0.0551549
0.0553192
0.0554834
0.0556476
0.0558117
0.0559759
0.0561399
0.056304
0.056468
0.056632
0.0567959
0.0569598
0.0571236
0.0572874
0.0574511
0.0576148
0.0577784
0.057942
0.0581056
0.058269
0.0584324
0.0585958
0.0587591
0.0589223
0.0590855
0.0592486
0.0594116
0.0595746
0.0597374
0.0599003
0.060063
0.0602257
0.0603883
0.0605508
0.0607132
0.0608755
0.0610378
0.0612
0.0613621
0.0615241
0.061686
0.0618478
0.0620095
0.0621711
0.0623327
0.0624941
0.0626554
0.0628167
0.0629778
0.0631388
0.0632997
0.0634605
0.0636212
0.0637818
0.0639423
0.0641027
0.0642629
0.064423
0.064583
0.0647429
0.0649027
0.0650623
0.0652219
0.0653812
0.0655405
0.0656996
0.0658586
0.0660175
0.0661762
0.0663348
0.0664933
0.0666516
0.0668098
0.0669678
0.0671257
0.0672835
0.067441
0.0675985
0.0677558
0.0679129
0.0680699
0.0682268
0.0683834
0.06854
0.0686963
0.0688525
0.0690086
0.0691644
0.0693202
0.0694757
0.0696311
0.0697863
0.0699413
0.0700962
0.0702508
0.0704053
0.0705597
0.0707138
0.0708678
0.0710216
0.0711752
0.0713286
0.0714818
0.0716348
0.0717877
0.0719403
0.0720928
0.0722451
0.0723971
0.072549
0.0727007
0.0728522
0.0730034
0.0731545
0.0733054
0.073456
0.0736065
0.0737567
0.0739067
0.0740565
0.0742061
0.0743555
0.0745047
0.0746536
0.0748024
0.0749509
0.0750991
0.0752472
0.075395
0.0755426
0.07569
0.0758372
0.0759841
0.0761308
0.0762772
0.0764234
0.0765694
0.0767151
0.0768606
0.0770059
0.0771509
0.0772957
0.0774402
0.0775844
0.0777285
0.0778722
0.0780158
0.078159
0.078302
0.0784448
0.0785873
0.0787295
0.0788715
0.0790132
0.0791547
0.0792959
0.0794368
0.0795774
0.0797178
0.079858
0.0799978
0.0801374
0.0802767
0.0804157
0.0805545
0.0806929
0.0808311
0.080969
0.0811066
0.081244
0.081381
0.0815178
0.0816543
0.0817905
0.0819264
0.082062
0.0821973
0.0823324
0.0824671
0.0826015
0.0827356
0.0828695
0.083003
0.0831362
0.0832692
0.0834018
0.0835341
0.0836661
0.0837978
0.0839292
0.0840603
0.084191
0.0843215
0.0844516
0.0845814
0.0847109
0.0848401
0.084969
0.0850975
0.0852257
0.0853536
0.0854812
0.0856084
0.0857353
0.0858619
0.0859881
0.0861141
0.0862396
0.0863649
0.0864898
0.0866144
0.0867386
0.0868625
0.0869861
0.0871093
0.0872322
0.0873547
0.0874769
0.0875987
0.0877202
0.0878414
0.0879622
0.0880826
0.0882027
0.0883224
0.0884418
0.0885608
0.0886795
0.0887978
0.0889157
0.0890333
0.0891505
0.0892674
0.0893839
0.0895
0.0896158
0.0897312
0.0898462
0.0899609
0.0900752
0.0901891
0.0903026
0.0904158
0.0905286
0.090641
0.090753
0.0908647
0.090976
0.0910869
0.0911974
0.0913075
0.0914173
0.0915266
0.0916356
0.0917442
0.0918524
0.0919602
0.0920676
0.0921746
0.0922813
0.0923875
0.0924934
0.0925988
0.0927039
0.0928085
0.0929128
0.0930166
0.0931201
0.0932231
0.0933258
0.093428
0.0935298
0.0936313
0.0937323
0.0938329
0.0939331
0.0940329
0.0941323
0.0942313
0.0943298
0.094428
0.0945257
0.094623
0.0947199
0.0948164
0.0949124
0.0950081
0.0951033
0.0951981
0.0952925
0.0953864
0.0954799
0.095573
0.0956657
0.095758
0.0958498
0.0959412
0.0960321
0.0961226
0.0962127
0.0963024
0.0963916
0.0964804
0.0965688
0.0966567
0.0967442
0.0968312
0.0969178
0.097004
0.0970897
0.097175
0.0972599
0.0973443
0.0974282
0.0975117
0.0975948
0.0976774
0.0977596
0.0978413
0.0979226
0.0980034
0.0980838
0.0981637
0.0982432
0.0983222
0.0984008
0.0984789
0.0985565
0.0986337
0.0987105
0.0987868
0.0988626
0.098938
0.0990129
0.0990873
0.0991613
0.0992348
0.0993079
0.0993805
0.0994526
0.0995243
0.0995955
0.0996662
0.0997365
0.0998063
0.0998757
0.0999445
0.100013
0.100081
0.100148
0.100215
0.100282
0.100348
0.100413
0.100478
0.100543
0.100607
0.100671
0.100734
0.100797
0.100859
0.100921
0.100982
0.101043
0.101103
0.101163
0.101222
0.101281
0.10134
0.101398
0.101455
0.101512
0.101568
0.101624
0.10168
0.101735
0.101789
0.101843
0.101897
0.10195
0.102002
0.102054
0.102106
0.102157
0.102208
0.102258
0.102307
0.102356
0.102405
0.102453
0.102501
0.102548
0.102595
0.102641
0.102686
0.102732
0.102776
0.10282
0.102864
0.102907
0.10295
0.102992
0.103034
0.103075
0.103115
0.103156
0.103195
0.103234
0.103273
0.103311
0.103349
0.103386
0.103423
0.103459
0.103494
0.10353
0.103564
0.103598
0.103632
0.103665
0.103698
0.10373
0.103761
0.103792
0.103823
0.103853
0.103883
0.103912
0.10394
0.103968
0.103996
0.104023
0.104049
0.104075
0.104101
0.104126
0.10415
0.104174
0.104197
0.10422
0.104243
0.104265
0.104286
0.104307
0.104327
0.104347
0.104366
0.104385
0.104404
0.104421
0.104439
0.104455
0.104472
0.104487
0.104503
0.104517
0.104532
0.104545
0.104558
0.104571
0.104583
0.104595
0.104606
0.104616
0.104627
0.104636
0.104645
0.104654
0.104662
0.104669
0.104676
0.104683
0.104688
0.104694
0.104699
0.104703
0.104707
0.10471
0.104713
0.104716
0.104717
0.104719
0.104719
0.10472
0.104719
0.104719
0.104717
0.104716
0.104713
0.10471
0.104707
0.104703
0.104699
0.104694
0.104688
0.104683
0.104676
0.104669
0.104662
0.104654
0.104645
0.104636
0.104627
0.104616
0.104606
0.104595
0.104583
0.104571
0.104558
0.104545
0.104532
0.104517
0.104503
0.104487
0.104472
0.104455
0.104439
0.104421
0.104404
0.104385
0.104366
0.104347
0.104327
0.104307
0.104286
0.104265
0.104243
0.10422
0.104197
0.104174
0.10415
0.104126
0.104101
0.104075
0.104049
0.104023
0.103996
0.103968
0.10394
0.103912
0.103883
0.103853
0.103823
0.103792
0.103761
0.10373
0.103698
0.103665
0.103632
0.103598
0.103564
0.10353
0.103494
0.103459
0.103423
0.103386
0.103349
0.103311
0.103273
0.103234
0.103195
0.103156
0.103115
0.103075
0.103034
0.102992
0.10295
0.102907
0.102864
0.10282
0.102776
0.102732
0.102686
0.102641
0.102595
0.102548
0.102501
0.102453
0.102405
0.102356
0.102307
0.102258
0.102208
0.102157
0.102106
0.102054
0.102002
0.10195
0.101897
0.101843
0.101789
0.101735
0.10168
0.101624
0.101568
0.101512
0.101455
0.101398
0.10134
0.101281
0.101222
0.101163
0.101103
0.101043
0.100982
0.100921
0.100859
0.100797
0.100734
0.100671
0.100607
0.100543
0.100478
0.100413
0.100348
0.100282
0.100215
0.100148
0.100081
0.100013
0.0999445
0.0998757
0.0998063
0.0997365
0.0996662
0.0995955
0.0995243
0.0994526
0.0993805
0.0993079
0.0992348
0.0991613
0.0990873
0.0990129
0.098938
0.0988626
0.0987868
0.0987105
0.0986337
0.0985565
0.0984789
0.0984008
0.0983222
0.0982432
0.0981637
0.0980838
0.0980034
0.0979226
0.0978413
0.0977596
0.0976774
0.0975948
0.0975117
0.0974282
0.0973443
0.0972599
0.097175
0.0970897
0.097004
0.0969178
0.0968312
0.0967442
0.0966567
0.0965688
0.0964804
0.0963916
0.0963024
0.0962127
0.0961226
0.0960321
0.0959412
0.0958498
0.095758
0.0956657
0.095573
0.0954799
0.0953864
0.0952925
0.0951981
0.0951033
0.0950081
0.0949124
0.0948164
0.0947199
0.094623
0.0945257
0.094428
0.0943298
0.0942313
0.0941323
0.0940329
0.0939331
0.0938329
0.0937323
0.0936313
0.0935298
0.093428
0.0933258
0.0932231
0.0931201
0.0930166
0.0929128
0.0928085
0.0927039
0.0925988
0.0924934
0.0923875
0.0922813
0.0921746
0.0920676
0.0919602
0.0918524
0.0917442
0.0916356
0.0915266
0.0914173
0.0913075
0.0911974
0.0910869
0.090976
0.0908647
0.090753
0.090641
0.0905286
0.0904158
0.0903026
0.0901891
0.0900752
0.0899609
0.0898462
0.0897312
0.0896158
0.0895
0.0893839
0.0892674
0.0891505
0.0890333
0.0889157
0.0887978
0.0886795
0.0885608
0.0884418
0.0883224
0.0882027
0.0880826
0.0879622
0.0878414
0.0877202
0.0875987
0.0874769
0.0873547
0.0872322
0.0871093
0.0869861
0.0868625
0.0867386
0.0866144
0.0864898
0.0863649
0.0862396
0.0861141
0.0859881
0.0858619
0.0857353
0.0856084
0.0854812
0.0853536
0.0852257
0.0850975
0.084969
0.0848401
0.0847109
0.0845814
0.0844516
0.0843215
0.084191
0.0840603
0.0839292
0.0837978
0.0836661
0.0835341
0.0834018
0.0832692
0.0831362
0.083003
0.0828695
0.0827356
0.0826015
0.0824671
0.0823324
0.0821973
0.082062
0.0819264
0.0817905
0.0816543
0.0815178
0.081381
0.081244
0.0811066
0.080969
0.0808311
0.0806929
0.0805545
0.0804157
0.0802767
0.0801374
0.0799978
0.079858
0.0797178
0.0795774
0.0794368
0.0792959
0.0791547
0.0790132
0.0788715
0.0787295
0.0785873
0.0784448
0.078302
0.078159
0.0780158
0.0778722
0.0777285
0.0775844
0.0774402
0.0772957
0.0771509
0.0770059
0.0768606
0.0767151
0.0765694
0.0764234
0.0762772
0.0761308
0.0759841
0.0758372
0.07569
0.0755426
0.075395
0.0752472
0.0750991
0.0749509
0.0748024
0.0746536
0.0745047
0.0743555
0.0742061
0.0740565
0.0739067
0.0737567
0.0736065
0.073456
0.0733054
0.0731545
0.0730034
0.0728522
0.0727007
0.072549
0.0723971
0.0722451
0.0720928
0.0719403
0.0717877
0.0716348
0.0714818
0.0713286
0.0711752
0.0710216
0.0708678
0.0707138
0.0705597
0.0704053
0.0702508
0.0700962
0.0699413
0.0697863
0.0696311
0.0694757
0.0693202
0.0691644
0.0690086
0.0688525
0.0686963
0.06854
0.0683834
0.0682268
0.0680699
0.0679129
0.0677558
0.0675985
0.067441
0.0672835
0.0671257
0.0669678
0.0668098
0.0666516
0.0664933
0.0663348
0.0661762
0.0660175
0.0658586
0.0656996
0.0655405
0.0653812
0.0652219
0.0650623
0.0649027
0.0647429
0.064583
0.064423
0.0642629
0.0641027
0.0639423
0.0637818
0.0636212
0.0634605
0.0632997
0.0631388
0.0629778
0.0628167
0.0626554
0.0624941
0.0623327
0.0621711
0.0620095
0.0618478
0.061686
0.0615241
0.0613621
0.0612
0.0610378
0.0608755
0.0607132
0.0605508
0.0603883
0.0602257
0.060063
0.0599003
0.0597374
0.0595746
0.0594116
0.0592486
0.0590855
0.0589223
0.0587591
0.0585958
0.0584324
0.058269
0.0581056
0.057942
0.0577784
0.0576148
0.0574511
0.0572874
0.0571236
0.0569598
0.0567959
0.056632
0.056468
0.056304
0.0561399
0.0559759
0.0558117
0.0556476
0.0554834
0.0553192
0.0551549
0.0549907
0.0548264
0.054662
0.0544977
0.0543333
0.0541689
0.0540045
0.0538401
0.0536757
0.0535112
0.0533468
0.0531823
0.0530178
0.0528534
0.0526889
0.0525244
0.0523599
0.0521954
0.0520309
0.0518664
0.0517019
0.0515374
0.051373
0.0512085
0.0510441
0.0508796
0.0507152
0.0505508
0.0503864
0.0502221
0.0500577
0.0498934
0.0497291
0.0495648
0.0494006
0.0492364
0.0490722
0.048908
0.0487439
0.0485798
0.0484158
0.0482518
0.0480878
0.0479239
0.04776
0.0475962
0.0474324
0.0472686
0.047105
0.0469413
0.0467777
0.0466142
0.0464507
0.0462873
0.046124
0.0459607
0.0457974
0.0456343
0.0454712
0.0453082
0.0451452
0.0449823
0.0448195
0.0446567
0.0444941
0.0443315
0.044169
0.0440066
0.0438442
0.043682
0.0435198
0.0433577
0.0431957
0.0430338
0.042872
0.0427102
0.0425486
0.0423871
0.0422257
0.0420643
0.0419031
0.041742
0.0415809
0.04142
0.0412592
0.0410985
0.0409379
0.0407774
0.0406171
0.0404568
0.0402967
0.0401367
0.0399768
0.0398171
0.0396574
0.0394979
0.0393385
0.0391792
0.0390201
0.0388611
0.0387022
0.0385435
0.0383849
0.0382265
0.0380681
0.03791
0.0377519
0.037594
0.0374363
0.0372787
0.0371213
0.036964
0.0368068
0.0366498
0.036493
0.0363363
0.0361798
0.0360234
0.0358672
0.0357112
0.0355553
0.0353996
0.0352441
0.0350887
0.0349335
0.0347785
0.0346236
0.0344689
0.0343144
0.0341601
0.0340059
0.033852
0.0336982
0.0335446
0.0333912
0.033238
0.0330849
0.0329321
0.0327794
0.032627
0.0324747
0.0323226
0.0321707
0.0320191
0.0318676
0.0317163
0.0315653
0.0314144
0.0312637
0.0311133
0.0309631
0.030813
0.0306632
0.0305136
0.0303642
0.0302151
0.0300661
0.0299174
0.0297689
0.0296206
0.0294725
0.0293247
0.0291771
0.0290297
0.0288826
0.0287357
0.028589
0.0284425
0.0282963
0.0281504
0.0280046
0.0278591
0.0277139
0.0275689
0.0274241
0.0272796
0.0271353
0.0269913
0.0268475
0.026704
0.0265607
0.0264177
0.026275
0.0261325
0.0259902
0.0258482
0.0257065
0.0255651
0.0254239
0.025283
0.0251423
0.0250019
0.0248618
0.024722
0.0245824
0.0244431
0.0243041
0.0241653
0.0240268
0.0238886
0.0237507
0.0236131
0.0234758
0.0233387
0.0232019
0.0230655
0.0229293
0.0227934
0.0226577
0.0225224
0.0223874
0.0222527
0.0221182
0.0219841
0.0218503
0.0217167
0.0215835
0.0214506
0.021318
0.0211857
0.0210536
0.0209219
0.0207906
0.0206595
0.0205287
0.0203983
0.0202681
0.0201383
0.0200088
0.0198796
0.0197508
0.0196222
0.019494
0.0193661
0.0192386
0.0191113
0.0189844
0.0188579
0.0187316
0.0186057
0.0184801
0.0183549
0.0182299
0.0181054
0.0179811
0.0178572
0.0177337
0.0176105
0.0174876
0.017365
0.0172429
0.017121
0.0169995
0.0168784
0.0167576
0.0166372
0.0165171
0.0163973
0.016278
0.0161589
0.0160403
0.015922
0.015804
0.0156864
0.0155692
0.0154523
0.0153359
0.0152197
0.015104
0.0149886
0.0148735
0.0147589
0.0146446
0.0145307
0.0144171
0.014304
0.0141912
0.0140788
0.0139667
0.0138551
0.0137438
0.0136329
0.0135224
0.0134122
0.0133025
0.0131931
0.0130842
0.0129756
0.0128674
0.0127596
0.0126521
0.0125451
0.0124385
0.0123322
0.0122264
0.0121209
0.0120159
0.0119112
0.011807
0.0117031
0.0115997
0.0114966
0.011394
0.0112917
0.0111899
0.0110885
0.0109875
0.0108868
0.0107866
0.0106868
0.0105875
0.0104885
0.0103899
0.0102918
0.0101941
0.0100967
0.00999985
0.00990337
0.00980731
0.00971167
0.00961645
0.00952166
0.00942729
0.00933334
0.00923981
0.00914671
0.00905404
0.00896179
0.00886998
0.00877859
0.00868763
0.00859711
0.00850701
0.00841735
0.00832812
0.00823933
0.00815097
0.00806305
0.00797556
0.00788852
0.00780191
0.00771574
0.00763002
0.00754473
0.00745989
0.00737549
0.00729153
0.00720802
0.00712495
0.00704233
0.00696016
0.00687844
0.00679716
0.00671634
0.00663596
0.00655604
0.00647657
0.00639755
0.00631898
0.00624087
0.00616322
0.00608602
0.00600927
0.00593299
0.00585716
0.00578179
0.00570689
0.00563244
0.00555845
0.00548493
0.00541186
0.00533926
0.00526713
0.00519546
0.00512425
0.00505352
0.00498324
0.00491344
0.0048441
0.00477524
0.00470684
0.00463891
0.00457146
0.00450447
0.00443796
0.00437192
0.00430636
0.00424127
0.00417665
0.00411251
0.00404885
0.00398566
0.00392295
0.00386072
0.00379896
0.00373769
0.00367689
0.00361658
0.00355675
0.0034974
0.00343853
0.00338014
0.00332224
0.00326482
0.00320789
0.00315144
0.00309548
0.00304
0.00298501
0.00293051
0.00287649
0.00282296
0.00276993
0.00271738
0.00266532
0.00261375
0.00256267
0.00251209
0.002462
0.00241239
0.00236329
0.00231467
0.00226655
0.00221893
0.00217179
0.00212516
0.00207902
0.00203337
0.00198823
0.00194358
0.00189942
0.00185577
0.00181261
0.00176996
0.0017278
0.00168614
0.00164498
0.00160432
0.00156417
0.00152451
0.00148536
0.00144671
0.00140856
0.00137091
0.00133377
0.00129713
0.001261
0.00122536
0.00119024
0.00115562
0.0011215
0.00108789
0.00105479
0.00102219
0.000990098
0.000958514
0.000927437
0.000896868
0.000866807
0.000837254
0.00080821
0.000779674
0.000751647
0.00072413
0.000697122
0.000670625
0.000644637
0.00061916
0.000594193
0.000569738
0.000545793
0.00052236
0.000499439
0.000477029
0.000455131
0.000433746
0.000412873
0.000392513
0.000372666
0.000353332
0.000334511
0.000316204
0.00029841
0.00028113
0.000264364
0.000248112
0.000232375
0.000217152
0.000202444
0.00018825
0.000174572
0.000161408
0.00014876
0.000136627
0.000125009
0.000113907
0.00010332
9.32495e-05
8.36946e-05
7.46557e-05
6.61328e-05
5.8126e-05
5.06354e-05
4.36611e-05
3.72031e-05
3.12616e-05
2.58364e-05
2.09278e-05
1.65358e-05
1.26604e-05
9.30161e-06
6.45951e-06
4.13412e-06
2.32545e-06
1.03354e-06
2.58385e-07
0
2.58385e-07
1.03354e-06
2.32545e-06
4.13412e-06
6.45951e-06
9.30161e-06
1.26604e-05
1.65358e-05
2.09278e-05
2.58364e-05
3.12616e-05
3.72031e-05
4.36611e-05
5.06354e-05
5.8126e-05
6.61328e-05
7.46557e-05
8.36946e-05
9.32495e-05
0.00010332
0.000113907
0.000125009
0.000136627
0.00014876
0.000161408
0.000174572
0.00018825
0.000202444
0.000217152
0.000232375
0.000248112
0.000264364
0.00028113
0.00029841
0.000316204
0.000334511
0.000353332
0.000372666
0.000392513
0.000412873
0.000433746
0.000455131
0.000477029
0.000499439
0.00052236
0.000545793
0.000569738
0.000594193
0.00061916
0.000644637
0.000670625
0.000697122
0.00072413
0.000751647
0.000779674
0.00080821
0.000837254
0.000866807
0.000896868
0.000927437
0.000958514
0.000990098
0.00102219
0.00105479
0.00108789
0.0011215
0.00115562
0.00119024
0.00122536
0.001261
0.00129713
0.00133377
0.00137091
0.00140856
0.00144671
0.00148536
0.00152451
0.00156417
0.00160432
0.00164498
0.00168614
0.0017278
0.00176996
0.00181261
0.00185577
0.00189942
0.00194358
0.00198823
0.00203337
0.00207902
0.00212516
0.00217179
0.00221893
0.00226655
0.00231467
0.00236329
0.00241239
0.002462
0.00251209
0.00256267
0.00261375
0.00266532
0.00271738
0.00276993
0.00282296
0.00287649
0.00293051
0.00298501
0.00304
0.00309548
0.00315144
0.00320789
0.00326482
0.00332224
0.00338014
0.00343853
0.0034974
0.00355675
0.00361658
0.00367689
0.00373769
0.00379896
0.00386072
0.00392295
0.00398566
0.00404885
0.00411251
0.00417665
0.00424127
0.00430636
0.00437192
0.00443796
0.00450447
0.00457146
0.00463891
0.00470684
0.00477524
0.0048441
0.00491344
0.00498324
0.00505352
0.00512425
0.00519546
0.00526713
0.00533926
0.00541186
0.00548493
0.00555845
0.00563244
0.00570689
0.00578179
0.00585716
0.00593299
0.00600927
0.00608602
0.00616322
0.00624087
0.00631898
0.00639755
0.00647657
0.00655604
0.00663596
0.00671634
0.00679716
0.00687844
0.00696016
0.00704233
0.00712495
0.00720802
0.00729153
0.00737549
0.00745989
0.00754473
0.00763002
0.00771574
0.00780191
0.00788852
0.00797556
0.00806305
0.00815097
0.00823933
0.00832812
0.00841735
0.00850701
0.00859711
0.00868763
0.00877859
0.00886998
0.00896179
0.00905404
0.00914671
0.00923981
0.00933334
0.00942729
0.00952166
0.00961645
0.00971167
0.00980731
0.00990337
0.00999985
0.0100967
0.0101941
0.0102918
0.0103899
0.0104885
0.0105875
0.0106868
0.0107866
0.0108868
0.0109875
0.0110885
0.0111899
0.0112917
0.011394
0.0114966
0.0115997
0.0117031
0.011807
0.0119112
0.0120159
0.0121209
0.0122264
0.0123322
0.0124385
0.0125451
0.0126521
0.0127596
0.0128674
0.0129756
0.0130842
0.0131931
0.0133025
0.0134122
0.0135224
0.0136329
0.0137438
0.0138551
0.0139667
0.0140788
0.0141912
0.014304
0.0144171
0.0145307
0.0146446
0.0147589
0.0148735
0.0149886
0.015104
0.0152197
0.0153359
0.0154523
0.0155692
0.0156864
0.015804
0.015922
0.0160403
0.0161589
0.016278
0.0163973
0.0165171
0.0166372
0.0167576
0.0168784
0.0169995
0.017121
0.0172429
0.017365
0.0174876
0.0176105
0.0177337
0.0178572
0.0179811
0.0181054
0.0182299
0.0183549
0.0184801
0.0186057
0.0187316
0.0188579
0.0189844
0.0191113
0.0192386
0.0193661
0.019494
0.0196222
0.0197508
0.0198796
0.0200088
0.0201383
0.0202681
0.0203983
0.0205287
0.0206595
0.0207906
0.0209219
0.0210536
0.0211857
0.021318
0.0214506
0.0215835
0.0217167
0.0218503
0.0219841
0.0221182
0.0222527
0.0223874
0.0225224
0.0226577
0.0227934
0.0229293
0.0230655
0.0232019
0.0233387
0.0234758
0.0236131
0.0237507
0.0238886
0.0240268
0.0241653
0.0243041
0.0244431
0.0245824
0.024722
0.0248618
0.0250019
0.0251423
0.025283
0.0254239
0.0255651
0.0257065
0.0258482
0.0259902
0.0261325
0.026275
0.0264177
0.0265607
0.026704
0.0268475
0.0269913
0.0271353
0.0272796
0.0274241
0.0275689
0.0277139
0.0278591
0.0280046
0.0281504
0.0282963
0.0284425
0.028589
0.0287357
0.0288826
0.0290297
0.0291771
0.0293247
0.0294725
0.0296206
0.0297689
0.0299174
0.0300661
0.0302151
0.0303642
0.0305136
0.0306632
0.030813
0.0309631
0.0311133
0.0312637
0.0314144
0.0315653
0.0317163
0.0318676
0.0320191
0.0321707
0.0323226
0.0324747
0.032627
0.0327794
0.0329321
0.0330849
0.033238
0.0333912
0.0335446
0.0336982
0.033852
0.0340059
0.0341601
0.0343144
0.0344689
0.0346236
0.0347785
0.0349335
0.0350887
0.0352441
0.0353996
0.0355553
0.0357112
0.0358672
0.0360234
0.0361798
0.0363363
0.036493
0.0366498
0.0368068
0.036964
0.0371213
0.0372787
0.0374363
0.037594
0.0377519
0.03791
0.0380681
0.0382265
0.0383849
0.0385435
0.0387022
0.0388611
0.0390201
0.0391792
0.0393385
0.0394979
0.0396574
0.0398171
0.0399768
0.0401367
0.0402967
0.0404568
0.0406171
0.0407774
0.0409379
0.0410985
0.0412592
0.04142
0.0415809
0.041742
0.0419031
0.0420643
0.0422257
0.0423871
0.0425486
0.0427102
0.042872
0.0430338
0.0431957
0.0433577
0.0435198
0.043682
0.0438442
0.0440066
0.044169
0.0443315
0.0444941
0.0446567
0.0448195
0.0449823
0.0451452
0.0453082
0.0454712
0.0456343
0.0457974
0.0459607
0.046124
0.0462873
0.0464507
0.0466142
0.0467777
0.0469413
0.047105
0.0472686
0.0474324
0.0475962
0.04776
0.0479239
0.0480878
0.0482518
0.0484158
0.0485798
0.0487439
0.048908
0.0490722
0.0492364
0.0494006
0.0495648
0.0497291
0.0498934
0.0500577
0.0502221
0.0503864
0.0505508
0.0507152
0.0508796
0.0510441
0.0512085
0.051373
0.0515374
0.0517019
0.0518664
0.0520309
0.0521954
0.0523599
0.0525244
0.0526889
0.0528534
0.0530178
0.0531823
0.0533468
0.0535112
0.0536757
0.0538401
0.0540045
0.0541689
0.0543333
0.0544977
0.054662
0.0548264
0.0549907
0.0551549
0.0553192
0.0554834
0.0556476
0.0558117
0.0559759
0.0561399
0.056304
0.056468
0.056632
0.0567959
0.0569598
0.0571236
0.0572874
0.0574511
0.0576148
0.0577784
0.057942
0.0581056
0.058269
0.0584324
0.0585958
0.0587591
0.0589223
0.0590855
0.0592486
0.0594116
0.0595746
0.0597374
0.0599003
0.060063
0.0602257
0.0603883
0.0605508
0.0607132
0.0608755
0.0610378
0.0612
0.0613621
0.0615241
0.061686
0.0618478
0.0620095
0.0621711
0.0623327
0.0624941
0.0626554
0.0628167
0.0629778
0.0631388
0.0632997
0.0634605
0.0636212
0.0637818
0.0639423
0.0641027
0.0642629
0.064423
0.064583
0.0647429
0.0649027
0.0650623
0.0652219
0.0653812
0.0655405
0.0656996
0.0658586
0.0660175
0.0661762
0.0663348
0.0664933
0.0666516
0.0668098
0.0669678
0.0671257
0.0672835
0.067441
0.0675985
0.0677558
0.0679129
0.0680699
0.0682268
0.0683834
0.06854
0.0686963
0.0688525
0.0690086
0.0691644
0.0693202
0.0694757
0.0696311
0.0697863
0.0699413
0.0700962
0.0702508
0.0704053
0.0705597
0.0707138
0.0708678
0.0710216
0.0711752
0.0713286
0.0714818
0.0716348
0.0717877
0.0719403
0.0720928
0.0722451
0.0723971
0.072549
0.0727007
0.0728522
0.0730034
0.0731545
0.0733054
0.073456
0.0736065
0.0737567
0.0739067
0.0740565
0.0742061
0.0743555
0.0745047
0.0746536
0.0748024
0.0749509
0.0750991
0.0752472
0.075395
0.0755426
0.07569
0.0758372
0.0759841
0.0761308
0.0762772
0.0764234
0.0765694
0.0767151
0.0768606
0.0770059
0.0771509
0.0772957
0.0774402
0.0775844
0.0777285
0.0778722
0.0780158
0.078159
0.078302
0.0784448
0.0785873
0.0787295
0.0788715
0.0790132
0.0791547
0.0792959
0.0794368
0.0795774
0.0797178
0.079858
0.0799978
0.0801374
0.0802767
0.0804157
0.0805545
0.0806929
0.0808311
0.080969
0.0811066
0.081244
0.081381
0.0815178
0.0816543
0.0817905
0.0819264
0.082062
0.0821973
0.0823324
0.0824671
0.0826015
0.0827356
0.0828695
0.083003
0.0831362
0.0832692
0.0834018
0.0835341
0.0836661
0.0837978
0.0839292
0.0840603
0.084191
0.0843215
0.0844516
0.0845814
0.0847109
0.0848401
0.084969
0.0850975
0.0852257
0.0853536
0.0854812
0.0856084
0.0857353
0.0858619
0.0859881
0.0861141
0.0862396
0.0863649
0.0864898
0.0866144
0.0867386
0.0868625
0.0869861
0.0871093
0.0872322
0.0873547
0.0874769
0.0875987
0.0877202
0.0878414
0.0879622
0.0880826
0.0882027
0.0883224
0.0884418
0.0885608
0.0886795
0.0887978
0.0889157
0.0890333
0.0891505
0.0892674
0.0893839
0.0895
0.0896158
0.0897312
0.0898462
0.0899609
0.0900752
0.0901891
0.0903026
0.0904158
0.0905286
0.090641
0.090753
0.0908647
0.090976
0.0910869
0.0911974
0.0913075
0.0914173
0.0915266
0.0916356
0.0917442
0.0918524
0.0919602
0.0920676
0.0921746
0.0922813
0.0923875
0.0924934
0.0925988
0.0927039
0.0928085
0.0929128
0.0930166
0.0931201
0.0932231
0.0933258
0.093428
0.0935298
0.0936313
0.0937323
0.0938329
0.0939331
0.0940329
0.0941323
0.0942313
0.0943298
0.094428
0.0945257
0.094623
0.0947199
0.0948164
0.0949124
0.0950081
0.0951033
0.0951981
0.0952925
0.0953864
0.0954799
0.095573
0.0956657
0.095758
0.0958498
0.0959412
0.0960321
0.0961226
0.0962127
0.0963024
0.0963916
0.0964804
0.0965688
0.0966567
0.0967442
0.0968312
0.0969178
0.097004
0.0970897
0.097175
0.0972599
0.0973443
0.0974282
0.0975117
0.0975948
0.0976774
0.0977596
0.0978413
0.0979226
0.0980034
0.0980838
0.0981637
0.0982432
0.0983222
0.0984008
0.0984789
0.0985565
0.0986337
0.0987105
0.0987868
0.0988626
0.098938
0.0990129
0.0990873
0.0991613
0.0992348
0.0993079
0.0993805
0.0994526
0.0995243
0.0995955
0.0996662
0.0997365
0.0998063
0.0998757
0.0999445
0.100013
0.100081
0.100148
0.100215
0.100282
0.100348
0.100413
0.100478
0.100543
0.100607
0.100671
0.100734
0.100797
0.100859
0.100921
0.100982
0.101043
0.101103
0.101163
0.101222
0.101281
0.10134
0.101398
0.101455
0.101512
0.101568
0.101624
0.10168
0.101735
0.101789
0.101843
0.101897
0.10195
0.102002
0.102054
0.102106
0.102157
0.102208
0.102258
0.102307
0.102356
0.102405
0.102453
0.102501
0.102548
0.102595
0.102641
0.102686
0.102732
0.102776
0.10282
0.102864
0.102907
0.10295
0.102992
0.103034
0.103075
0.103115
0.103156
0.103195
0.103234
0.103273
0.103311
0.103349
0.103386
0.103423
0.103459
0.103494
0.10353
0.103564
0.103598
0.103632
0.103665
0.103698
0.10373
0.103761
0.103792
0.103823
0.103853
0.103883
0.103912
0.10394
0.103968
0.103996
0.104023
0.104049
0.104075
0.104101
0.104126
0.10415
0.104174
0.104197
0.10422
0.104243
0.104265
0.104286
0.104307
0.104327
0.104347
0.104366
0.104385
0.104404
0.104421
0.104439
0.104455
0.104472
0.104487
0.104503
0.104517
0.104532
0.104545
0.104558
0.104571
0.104583
0.104595
0.104606
0.104616
0.104627
0.104636
0.104645
0.104654
0.104662
0.104669
0.104676
0.104683
0.104688
0.104694
0.104699
0.104703
0.104707
0.10471
0.104713
0.104716
0.104717
0.104719
0.104719
0.10472
0.104719
0.104719
0.104717
0.104716
0.104713
0.10471
0.104707
0.104703
0.104699
0.104694
0.104688
0.104683
0.104676
0.104669
0.104662
0.104654
0.104645
0.104636
0.104627
0.104616
0.104606
0.104595
0.104583
0.104571
0.104558
0.104545
0.104532
0.104517
0.104503
0.104487
0.104472
0.104455
0.104439
0.104421
0.104404
0.104385
0.104366
0.104347
0.104327
0.104307
0.104286
0.104265
0.104243
0.10422
0.104197
0.104174
0.10415
0.104126
0.104101
0.104075
0.104049
0.104023
0.103996
0.103968
0.10394
0.103912
0.103883
0.103853
0.103823
0.103792
0.103761
0.10373
0.103698
0.103665
0.103632
0.103598
0.103564
0.10353
0.103494
0.103459
0.103423
0.103386
0.103349
0.103311
0.103273
0.103234
0.103195
0.103156
0.103115
0.103075
0.103034
0.102992
0.10295
0.102907
0.102864
0.10282
0.102776
0.102732
0.102686
0.102641
0.102595
0.102548
0.102501
0.102453
0.102405
0.102356
0.102307
0.102258
0.102208
0.102157
0.102106
0.102054
0.102002
0.10195
0.101897
0.101843
0.101789
0.101735
0.10168
0.101624
0.101568
0.101512
0.101455
0.101398
0.10134
0.101281
0.101222
0.101163
0.101103
0.101043
0.100982
0.100921
0.100859
0.100797
0.100734
0.100671
0.100607
0.100543
0.100478
0.100413
0.100348
0.100282
0.100215
0.100148
0.100081
0.100013
0.0999445
0.0998757
0.0998063
0.0997365
0.0996662
0.0995955
0.0995243
0.0994526
0.0993805
0.0993079
0.0992348
0.0991613
0.0990873
0.0990129
0.098938
0.0988626
0.0987868
0.0987105
0.0986337
0.0985565
0.0984789
0.0984008
0.0983222
0.0982432
0.0981637
0.0980838
0.0980034
0.0979226
0.0978413
0.0977596
0.0976774
0.0975948
0.0975117
0.0974282
0.0973443
0.0972599
0.097175
0.0970897
0.097004
0.0969178
0.0968312
0.0967442
0.0966567
0.0965688
0.0964804
0.0963916
0.0963024
0.0962127
0.0961226
0.0960321
0.0959412
0.0958498
0.095758
0.0956657
0.095573
0.0954799
0.0953864
0.0952925
0.0951981
0.0951033
0.0950081
0.0949124
0.0948164
0.0947199
0.094623
0.0945257
0.094428
0.0943298
0.0942313
0.0941323
0.0940329
0.0939331
0.0938329
0.0937323
0.0936313
0.0935298
0.093428
0.0933258
0.0932231
0.0931201
0.0930166
0.0929128
0.0928085
0.0927039
0.0925988
0.0924934
0.0923875
0.0922813
0.0921746
0.0920676
0.0919602
0.0918524
0.0917442
0.0916356
0.0915266
0.0914173
0.0913075
0.0911974
0.0910869
0.090976
0.0908647
0.090753
0.090641
0.0905286
0.0904158
0.0903026
0.0901891
0.0900752
0.0899609
0.0898462
0.0897312
0.0896158
0.0895
0.0893839
0.0892674
0.0891505
0.0890333
0.0889157
0.0887978
0.0886795
0.0885608
0.0884418
0.0883224
0.0882027
0.0880826
0.0879622
0.0878414
0.0877202
0.0875987
0.0874769
0.0873547
0.0872322
0.0871093
0.0869861
0.0868625
0.0867386
0.0866144
0.0864898
0.0863649
0.0862396
0.0861141
0.0859881
0.0858619
0.0857353
0.0856084
0.0854812
0.0853536
0.0852257
0.0850975
0.084969
0.0848401
0.0847109
0.0845814
0.0844516
0.0843215
0.084191
0.0840603
0.0839292
0.0837978
0.0836661
0.0835341
0.0834018
0.0832692
0.0831362
0.083003
0.0828695
0.0827356
0.0826015
0.0824671
0.0823324
0.0821973
0.082062
0.0819264
0.0817905
0.0816543
0.0815178
0.081381
0.081244
0.0811066
0.080969
0.0808311
0.0806929
0.0805545
0.0804157
0.0802767
0.0801374
0.0799978
0.079858
0.0797178
0.0795774
0.0794368
0.0792959
0.0791547
0.0790132
0.0788715
0.0787295
0.0785873
0.0784448
0.078302
0.078159
0.0780158
0.0778722
0.0777285
0.0775844
0.0774402
0.0772957
0.0771509
0.0770059
0.0768606
0.0767151
0.0765694
0.0764234
0.0762772
0.0761308
0.0759841
0.0758372
0.07569
0.0755426
0.075395
0.0752472
0.0750991
0.0749509
0.0748024
0.0746536
0.0745047
0.0743555
0.0742061
0.0740565
0.0739067
0.0737567
0.0736065
0.073456
0.0733054
0.0731545
0.0730034
0.0728522
0.0727007
0.072549
0.0723971
0.0722451
0.0720928
0.0719403
0.0717877
0.0716348
0.0714818
0.0713286
0.0711752
0.0710216
0.0708678
0.0707138
0.0705597
0.0704053
0.0702508
0.0700962
0.0699413
0.0697863
0.0696311
0.0694757
0.0693202
0.0691644
0.0690086
0.0688525
0.0686963
0.06854
0.0683834
0.0682268
0.0680699
0.0679129
0.0677558
0.0675985
0.067441
0.0672835
0.0671257
0.0669678
0.0668098
0.0666516
0.0664933
0.0663348
0.0661762
0.0660175
0.0658586
0.0656996
0.0655405
0.0653812
0.0652219
0.0650623
0.0649027
0.0647429
0.064583
0.064423
0.0642629
0.0641027
0.0639423
0.0637818
0.0636212
0.0634605
0.0632997
0.0631388
0.0629778
0.0628167
0.0626554
0.0624941
0.0623327
0.0621711
0.0620095
0.0618478
0.061686
0.0615241
0.0613621
0.0612
0.0610378
0.0608755
0.0607132
0.0605508
0.0603883
0.0602257
0.060063
0.0599003
0.0597374
0.0595746
0.0594116
0.0592486
0.0590855
0.0589223
0.0587591
0.0585958
0.0584324
0.058269
0.0581056
0.057942
0.0577784
0.0576148
0.0574511
0.0572874
0.0571236
0.0569598
0.0567959
0.056632
0.056468
0.056304
0.0561399
0.0559759
0.0558117
0.0556476
0.0554834
0.0553192
0.0551549
0.0549907
0.0548264
0.054662
0.0544977
0.0543333
0.0541689
0.0540045
0.0538401
0.0536757
0.0535112
0.0533468
0.0531823
0.0530178
0.0528534
0.0526889
0.0525244
0.0523599
0.0521954
0.0520309
0.0518664
0.0517019
0.0515374
0.051373
0.0512085
0.0510441
0.0508796
0.0507152
0.0505508
0.0503864
0.0502221
0.0500577
0.0498934
0.0497291
0.0495648
0.0494006
0.0492364
0.0490722
0.048908
0.0487439
0.0485798
0.0484158
0.0482518
0.0480878
0.0479239
0.04776
0.0475962
0.0474324
0.0472686
0.047105
0.0469413
0.0467777
0.0466142
0.0464507
0.0462873
0.046124
0.0459607
0.0457974
0.0456343
0.0454712
0.0453082
0.0451452
0.0449823
0.0448195
0.0446567
0.0444941
0.0443315
0.044169
0.0440066
0.0438442
0.043682
0.0435198
0.0433577
0.0431957
0.0430338
0.042872
0.0427102
0.0425486
0.0423871
0.0422257
0.0420643
0.0419031
0.041742
0.0415809
0.04142
0.0412592
0.0410985
0.0409379
0.0407774
0.0406171
0.0404568
0.0402967
0.0401367
0.0399768
0.0398171
0.0396574
0.0394979
0.0393385
0.0391792
0.0390201
0.0388611
0.0387022
0.0385435
0.0383849
0.0382265
0.0380681
0.03791
0.0377519
0.037594
0.0374363
0.0372787
0.0371213
0.036964
0.0368068
0.0366498
0.036493
0.0363363
0.0361798
0.0360234
0.0358672
0.0357112
0.0355553
0.0353996
0.0352441
0.0350887
0.0349335
0.0347785
0.0346236
0.0344689
0.0343144
0.0341601
0.0340059
0.033852
0.0336982
0.0335446
0.0333912
0.033238
0.0330849
0.0329321
0.0327794
0.032627
0.0324747
0.0323226
0.0321707
0.0320191
0.0318676
0.0317163
0.0315653
0.0314144
0.0312637
0.0311133
0.0309631
0.030813
0.0306632
0.0305136
0.0303642
0.0302151
0.0300661
0.0299174
0.0297689
0.0296206
0.0294725
0.0293247
0.0291771
0.0290297
0.0288826
0.0287357
0.028589
0.0284425
0.0282963
0.0281504
0.0280046
0.0278591
0.0277139
0.0275689
0.0274241
0.0272796
0.0271353
0.0269913
0.0268475
0.026704
0.0265607
0.0264177
0.026275
0.0261325
0.0259902
0.0258482
0.0257065
0.0255651
0.0254239
0.025283
0.0251423
0.0250019
0.0248618
0.024722
0.0245824
0.0244431
0.0243041
0.0241653
0.0240268
0.0238886
0.0237507
0.0236131
0.0234758
0.0233387
0.0232019
0.0230655
0.0229293
0.0227934
0.0226577
0.0225224
0.0223874
0.0222527
0.0221182
0.0219841
0.0218503
0.0217167
0.0215835
0.0214506
0.021318
0.0211857
0.0210536
0.0209219
0.0207906
0.0206595
0.0205287
0.0203983
0.0202681
0.0201383
0.0200088
0.0198796
0.0197508
0.0196222
0.019494
0.0193661
0.0192386
0.0191113
0.0189844
0.0188579
0.0187316
0.0186057
0.0184801
0.0183549
0.0182299
0.0181054
0.0179811
0.0178572
0.0177337
0.0176105
0.0174876
0.017365
0.0172429
0.017121
0.0169995
0.0168784
0.0167576
0.0166372
0.0165171
0.0163973
0.016278
0.0161589
0.0160403
0.015922
0.015804
0.0156864
0.0155692
0.0154523
0.0153359
0.0152197
0.015104
0.0149886
0.0148735
0.0147589
0.0146446
0.0145307
0.0144171
0.014304
0.0141912
0.0140788
0.0139667
0.0138551
0.0137438
0.0136329
0.0135224
0.0134122
0.0133025
0.0131931
0.0130842
0.0129756
0.0128674
0.0127596
0.0126521
0.0125451
0.0124385
0.0123322
0.0122264
0.0121209
0.0120159
0.0119112
0.011807
0.0117031
0.0115997
0.0114966
0.011394
0.0112917
0.0111899
0.0110885
0.0109875
0.0108868
0.0107866
0.0106868
0.0105875
0.0104885
0.0103899
0.0102918
0.0101941
0.0100967
0.00999985
0.00990337
0.00980731
0.00971167
0.00961645
0.00952166
0.00942729
0.00933334
0.00923981
0.00914671
0.00905404
0.00896179
0.00886998
0.00877859
0.00868763
0.00859711
0.00850701
0.00841735
0.00832812
0.00823933
0.00815097
0.00806305
0.00797556
0.00788852
0.00780191
0.00771574
0.00763002
0.00754473
0.00745989
0.00737549
0.00729153
0.00720802
0.00712495
0.00704233
0.00696016
0.00687844
0.00679716
0.00671634
0.00663596
0.00655604
0.00647657
0.00639755
0.00631898
0.00624087
0.00616322
0.00608602
0.00600927
0.00593299
0.00585716
0.00578179
0.00570689
0.00563244
0.00555845
0.00548493
0.00541186
0.00533926
0.00526713
0.00519546
0.00512425
0.00505352
0.00498324
0.00491344
0.0048441
0.00477524
0.00470684
0.00463891
0.00457146
0.00450447
0.00443796
0.00437192
0.00430636
0.00424127
0.00417665
0.00411251
0.00404885
0.00398566
0.00392295
0.00386072
0.00379896
0.00373769
0.00367689
0.00361658
0.00355675
0.0034974
0.00343853
0.00338014
0.00332224
0.00326482
0.00320789
0.00315144
0.00309548
0.00304
0.00298501
0.00293051
0.00287649
0.00282296
0.00276993
0.00271738
0.00266532
0.00261375
0.00256267
0.00251209
0.002462
0.00241239
0.00236329
0.00231467
0.00226655
0.00221893
0.00217179
0.00212516
0.00207902
0.00203337
0.00198823
0.00194358
0.00189942
0.00185577
0.00181261
0.00176996
0.0017278
0.00168614
0.00164498
0.00160432
0.00156417
0.00152451
0.00148536
0.00144671
0.00140856
0.00137091
0.00133377
0.00129713
0.001261
0.00122536
0.00119024
0.00115562
0.0011215
0.00108789
0.00105479
0.00102219
0.000990098
0.000958514
0.000927437
0.000896868
0.000866807
0.000837254
0.00080821
0.000779674
0.000751647
0.00072413
0.000697122
0.000670625
0.000644637
0.00061916
0.000594193
0.000569738
0.000545793
0.00052236
0.000499439
0.000477029
0.000455131
0.000433746
0.000412873
0.000392513
0.000372666
0.000353332
0.000334511
0.000316204
0.00029841
0.00028113
0.000264364
0.000248112
0.000232375
0.000217152
0.000202444
0.00018825
0.000174572
0.000161408
0.00014876
0.000136627
0.000125009
0.000113907
0.00010332
9.32495e-05
8.36946e-05
7.46557e-05
6.61328e-05
5.8126e-05
5.06354e-05
4.36611e-05
3.72031e-05
3.12616e-05
2.58364e-05
2.09278e-05
1.65358e-05
1.26604e-05
9.30161e-06
6.45951e-06
4.13412e-06
2.32545e-06
1.03354e-06
2.58385e-07
0
2.58385e-07
1.03354e-06
2.32545e-06
4.13412e-06
6.45951e-06
9.30161e-06
1.26604e-05
1.65358e-05
2.09278e-05
2.58364e-05
3.12616e-05
3.72031e-05
4.36611e-05
5.06354e-05
5.8126e-05
6.61328e-05
7.46557e-05
8.36946e-05
9.32495e-05
0.00010332
0.000113907
0.000125009
0.000136627
0.00014876
0.000161408
0.000174572
0.00018825
0.000202444
0.000217152
0.000232375
0.000248112
0.000264364
0.00028113
0.00029841
0.000316204
0.000334511
0.000353332
0.000372666
0.000392513
0.000412873
0.000433746
0.000455131
0.000477029
0.000499439
0.00052236
0.000545793
0.000569738
0.000594193
0.00061916
0.000644637
0.000670625
0.000697122
0.00072413
0.000751647
0.000779674
0.00080821
0.000837254
0.000866807
0.000896868
0.000927437
0.000958514
0.000990098
0.00102219
0.00105479
0.00108789
0.0011215
0.00115562
0.00119024
0.00122536
0.001261
0.00129713
0.00133377
0.00137091
0.00140856
0.00144671
0.00148536
0.00152451
0.00156417
0.00160432
0.00164498
0.00168614
0.0017278
0.00176996
0.00181261
0.00185577
0.00189942
0.00194358
0.00198823
0.00203337
0.00207902
0.00212516
0.00217179
0.00221893
0.00226655
0.00231467
0.00236329
0.00241239
0.002462
0.00251209
0.00256267
0.00261375
0.00266532
0.00271738
0.00276993
0.00282296
0.00287649
0.00293051
0.00298501
0.00304
0.00309548
0.00315144
0.00320789
0.00326482
0.00332224
0.00338014
0.00343853
0.0034974
0.00355675
0.00361658
0.00367689
0.00373769
0.00379896
0.00386072
0.00392295
0.00398566
0.00404885
0.00411251
0.00417665
0.00424127
0.00430636
0.00437192
0.00443796
0.00450447
0.00457146
0.00463891
0.00470684
0.00477524
0.0048441
0.00491344
0.00498324
0.00505352
0.00512425
0.00519546
0.00526713
0.00533926
0.00541186
0.00548493
0.00555845
0.00563244
0.00570689
0.00578179
0.00585716
0.00593299
0.00600927
0.00608602
0.00616322
0.00624087
0.00631898
0.00639755
0.00647657
0.00655604
0.00663596
0.00671634
0.00679716
0.00687844
0.00696016
0.00704233
0.00712495
0.00720802
0.00729153
0.00737549
0.00745989
0.00754473
0.00763002
0.00771574
0.00780191
0.00788852
0.00797556
0.00806305
0.00815097
0.00823933
0.00832812
0.00841735
0.00850701
0.00859711
0.00868763
0.00877859
0.00886998
0.00896179
0.00905404
0.00914671
0.00923981
0.00933334
0.00942729
0.00952166
0.00961645
0.00971167
0.00980731
0.00990337
0.00999985
0.0100967
0.0101941
0.0102918
0.0103899
0.0104885
0.0105875
0.0106868
0.0107866
0.0108868
0.0109875
0.0110885
0.0111899
0.0112917
0.011394
0.0114966
0.0115997
0.0117031
0.011807
0.0119112
0.0120159
0.0121209
0.0122264
0.0123322
0.0124385
0.0125451
0.0126521
0.0127596
0.0128674
0.0129756
0.0130842
0.0131931
0.0133025
0.0134122
0.0135224
0.0136329
0.0137438
0.0138551
0.0139667
0.0140788
0.0141912
0.014304
0.0144171
0.0145307
0.0146446
0.0147589
0.0148735
0.0149886
0.015104
0.0152197
0.0153359
0.0154523
0.0155692
0.0156864
0.015804
0.015922
0.0160403
0.0161589
0.016278
0.0163973
0.0165171
0.0166372
0.0167576
0.0168784
0.0169995
0.017121
0.0172429
0.017365
0.0174876
0.0176105
0.0177337
0.0178572
0.0179811
0.0181054
0.0182299
0.0183549
0.0184801
0.0186057
0.0187316
0.0188579
0.0189844
0.0191113
0.0192386
0.0193661
0.019494
0.0196222
0.0197508
0.0198796
0.0200088
0.0201383
0.0202681
0.0203983
0.0205287
0.0206595
0.0207906
0.0209219
0.0210536
0.0211857
0.021318
0.0214506
0.0215835
0.0217167
0.0218503
0.0219841
0.0221182
0.0222527
0.0223874
0.0225224
0.0226577
0.0227934
0.0229293
0.0230655
0.0232019
0.0233387
0.0234758
0.0236131
0.0237507
0.0238886
0.0240268
0.0241653
0.0243041
0.0244431
0.0245824
0.024722
0.0248618
0.0250019
0.0251423
0.025283
0.0254239
0.0255651
0.0257065
0.0258482
0.0259902
0.0261325
0.026275
0.0264177
0.0265607
0.026704
0.0268475
0.0269913
0.0271353
0.0272796
0.0274241
0.0275689
0.0277139
0.0278591
0.0280046
0.0281504
0.0282963
0.0284425
0.028589
0.0287357
0.0288826
0.0290297
0.0291771
0.0293247
0.0294725
0.0296206
0.0297689
0.0299174
0.0300661
0.0302151
0.0303642
0.0305136
0.0306632
0.030813
0.0309631
0.0311133
0.0312637
0.0314144
0.0315653
0.0317163
0.0318676
0.0320191
0.0321707
0.0323226
0.0324747
0.032627
0.0327794
0.0329321
0.0330849
0.033238
0.0333912
0.0335446
0.0336982
0.033852
0.0340059
0.0341601
0.0343144
0.0344689
0.0346236
0.0347785
0.0349335
0.0350887
0.0352441
0.0353996
0.0355553
0.0357112
0.0358672
0.0360234
0.0361798
0.0363363
0.036493
0.0366498
0.0368068
0.036964
0.0371213
0.0372787
0.0374363
0.037594
0.0377519
0.03791
0.0380681
0.0382265
0.0383849
0.0385435
0.0387022
0.0388611
0.0390201
0.0391792
0.0393385
0.0394979
0.0396574
0.0398171
0.0399768
0.0401367
0.0402967
0.0404568
0.0406171
0.0407774
0.0409379
0.0410985
0.0412592
0.04142
0.0415809
0.041742
0.0419031
0.0420643
0.0422257
0.0423871
0.0425486
0.0427102
0.042872
0.0430338
0.0431957
0.0433577
0.0435198
0.043682
0.0438442
0.0440066
0.044169
0.0443315
0.0444941
0.0446567
0.0448195
0.0449823
0.0451452
0.0453082
0.0454712
0.0456343
0.0457974
0.0459607
0.046124
0.0462873
0.0464507
0.0466142
0.0467777
0.0469413
0.047105
0.0472686
0.0474324
0.0475962
0.04776
0.0479239
0.0480878
0.0482518
0.0484158
0.0485798
0.0487439
0.048908
0.0490722
0.0492364
0.0494006
0.0495648
0.0497291
0.0498934
0.0500577
0.0502221
0.0503864
0.0505508
0.0507152
0.0508796
0.0510441
0.0512085
0.051373
0.0515374
0.0517019
0.0518664
0.0520309
0.0521954
0.0523599
0.0525244
0.0526889
0.0528534
0.0530178
0.0531823
0.0533468
0.0535112
0.0536757
0.0538401
0.0540045
0.0541689
0.0543333
0.0544977
0.054662
0.0548264
0.0549907
0.0551549
0.0553192
0.0554834
0.0556476
0.0558117
0.0559759
0.0561399
0.056304
0.056468
0.056632
0.0567959
0.0569598
0.0571236
0.0572874
0.0574511
0.0576148
0.0577784
0.057942
0.0581056
0.058269
0.0584324
0.0585958
0.0587591
0.0589223
0.0590855
0.0592486
0.0594116
0.0595746
0.0597374
0.0599003
0.060063
0.0602257
0.0603883
0.0605508
0.0607132
0.0608755
0.0610378
0.0612
0.0613621
0.0615241
0.061686
0.0618478
0.0620095
0.0621711
0.0623327
0.0624941
0.0626554
0.0628167
0.0629778
0.0631388
0.0632997
0.0634605
0.0636212
0.0637818
0.0639423
0.0641027
0.0642629
0.064423
0.064583
0.0647429
0.0649027
0.0650623
0.0652219
0.0653812
0.0655405
0.0656996
0.0658586
0.0660175
0.0661762
0.0663348
0.0664933
0.0666516
0.0668098
0.0669678
0.0671257
0.0672835
0.067441
0.0675985
0.0677558
0.0679129
0.0680699
0.0682268
0.0683834
0.06854
0.0686963
0.0688525
0.0690086
0.0691644
0.0693202
0.0694757
0.0696311
0.0697863
0.0699413
0.0700962
0.0702508
0.0704053
0.0705597
0.0707138
0.0708678
0.0710216
0.0711752
0.0713286
0.0714818
0.0716348
0.0717877
0.0719403
0.0720928
0.0722451
0.0723971
0.072549
0.0727007
0.0728522
0.0730034
0.0731545
0.0733054
0.073456
0.0736065
0.0737567
0.0739067
0.0740565
0.0742061
0.0743555
0.0745047
0.0746536
0.0748024
0.0749509
0.0750991
0.0752472
0.075395
0.0755426
0.07569
0.0758372
0.0759841
0.0761308
0.0762772
0.0764234
0.0765694
0.0767151
0.0768606
0.0770059
0.0771509
0.0772957
0.0774402
0.0775844
0.0777285
0.0778722
0.0780158
0.078159
0.078302
0.0784448
0.0785873
0.0787295
0.0788715
0.0790132
0.0791547
0.0792959
0.0794368
0.0795774
0.0797178
0.079858
0.0799978
0.0801374
0.0802767
0.0804157
0.0805545
0.0806929
0.0808311
0.080969
0.0811066
0.081244
0.081381
0.0815178
0.0816543
0.0817905
0.0819264
0.082062
0.0821973
0.0823324
0.0824671
0.0826015
0.0827356
0.0828695
0.083003
0.0831362
0.0832692
0.0834018
0.0835341
0.0836661
0.0837978
0.0839292
0.0840603
0.084191
0.0843215
0.0844516
0.0845814
0.0847109
0.0848401
0.084969
0.0850975
0.0852257
0.0853536
0.0854812
0.0856084
0.0857353
0.0858619
0.0859881
0.0861141
0.0862396
0.0863649
0.0864898
0.0866144
0.0867386
0.0868625
0.0869861
0.0871093
0.0872322
0.0873547
0.0874769
0.0875987
0.0877202
0.0878414
0.0879622
0.0880826
0.0882027
0.0883224
0.0884418
0.0885608
0.0886795
0.0887978
0.0889157
0.0890333
0.0891505
0.0892674
0.0893839
0.0895
0.0896158
0.0897312
0.0898462
0.0899609
0.0900752
0.0901891
0.0903026
0.0904158
0.0905286
0.090641
0.090753
0.0908647
0.090976
0.0910869
0.0911974
0.0913075
0.0914173
0.0915266
0.0916356
0.0917442
0.0918524
0.0919602
0.0920676
0.0921746
0.0922813
0.0923875
0.0924934
0.0925988
0.0927039
0.0928085
0.0929128
0.0930166
0.0931201
0.0932231
0.0933258
0.093428
0.0935298
0.0936313
0.0937323
0.0938329
0.0939331
0.0940329
0.0941323
0.0942313
0.0943298
0.094428
0.0945257
0.094623
0.0947199
0.0948164
0.0949124
0.0950081
0.0951033
0.0951981
0.0952925
0.0953864
0.0954799
0.095573
0.0956657
0.095758
0.0958498
0.0959412
0.0960321
0.0961226
0.0962127
0.0963024
0.0963916
0.0964804
0.0965688
0.0966567
0.0967442
0.0968312
0.0969178
0.097004
0.0970897
0.097175
0.0972599
0.0973443
0.0974282
0.0975117
0.0975948
0.0976774
0.0977596
0.0978413
0.0979226
0.0980034
0.0980838
0.0981637
0.0982432
0.0983222
0.0984008
0.0984789
0.0985565
0.0986337
0.0987105
0.0987868
0.0988626
0.098938
0.0990129
0.0990873
0.0991613
0.0992348
0.0993079
0.0993805
0.0994526
0.0995243
0.0995955
0.0996662
0.0997365
0.0998063
0.0998757
0.0999445
0.100013
0.100081
0.100148
0.100215
0.100282
0.100348
0.100413
0.100478
0.100543
0.100607
0.100671
0.100734
0.100797
0.100859
0.100921
0.100982
0.101043
0.101103
0.101163
0.101222
0.101281
0.10134
0.101398
0.101455
0.101512
0.101568
0.101624
0.10168
0.101735
0.101789
0.101843
0.101897
0.10195
0.102002
0.102054
0.102106
0.102157
0.102208
0.102258
0.102307
0.102356
0.102405
0.102453
0.102501
0.102548
0.102595
0.102641
0.102686
0.102732
0.102776
0.10282
0.102864
0.102907
0.10295
0.102992
0.103034
0.103075
0.103115
0.103156
0.103195
0.103234
0.103273
0.103311
0.103349
0.103386
0.103423
0.103459
0.103494
0.10353
0.103564
0.103598
0.103632
0.103665
0.103698
0.10373
0.103761
0.103792
0.103823
0.103853
0.103883
0.103912
0.10394
0.103968
0.103996
0.104023
0.104049
0.104075
0.104101
0.104126
0.10415
0.104174
0.104197
0.10422
0.104243
0.104265
0.104286
0.104307
0.104327
0.104347
0.104366
0.104385
0.104404
0.104421
0.104439
0.104455
0.104472
0.104487
0.104503
0.104517
0.104532
0.104545
0.104558
0.104571
0.104583
0.104595
0.104606
0.104616
0.104627
0.104636
0.104645
0.104654
0.104662
0.104669
0.104676
0.104683
0.104688
0.104694
0.104699
0.104703
0.104707
0.10471
0.104713
0.104716
0.104717
0.104719
0.104719
0.10472
0.104719
0.104719
0.104717
0.104716
0.104713
0.10471
0.104707
0.104703
0.104699
0.104694
0.104688
0.104683
0.104676
0.104669
0.104662
0.104654
0.104645
0.104636
0.104627
0.104616
0.104606
0.104595
0.104583
0.104571
0.104558
0.104545
0.104532
0.104517
0.104503
0.104487
0.104472
0.104455
0.104439
0.104421
0.104404
0.104385
0.104366
0.104347
0.104327
0.104307
0.104286
0.104265
0.104243
0.10422
0.104197
0.104174
0.10415
0.104126
0.104101
0.104075
0.104049
0.104023
0.103996
0.103968
0.10394
0.103912
0.103883
0.103853
0.103823
0.103792
0.103761
0.10373
0.103698
0.103665
0.103632
0.103598
0.103564
0.10353
0.103494
0.103459
0.103423
0.103386
0.103349
0.103311
0.103273
0.103234
0.103195
0.103156
0.103115
0.103075
0.103034
0.102992
0.10295
0.102907
0.102864
0.10282
0.102776
0.102732
0.102686
0.102641
0.102595
0.102548
0.102501
0.102453
0.102405
0.102356
0.102307
0.102258
0.102208
0.102157
0.102106
0.102054
0.102002
0.10195
0.101897
0.101843
0.101789
0.101735
0.10168
0.101624
0.101568
0.101512
0.101455
0.101398
0.10134
0.101281
0.101222
0.101163
0.101103
0.101043
0.100982
0.100921
0.100859
0.100797
0.100734
0.100671
0.100607
0.100543
0.100478
0.100413
0.100348
0.100282
0.100215
0.100148
0.100081
0.100013
0.0999445
0.0998757
0.0998063
0.0997365
0.0996662
0.0995955
0.0995243
0.0994526
0.0993805
0.0993079
0.0992348
0.0991613
0.0990873
0.0990129
0.098938
0.0988626
0.0987868
0.0987105
0.0986337
0.0985565
0.0984789
0.0984008
0.0983222
0.0982432
0.0981637
0.0980838
0.0980034
0.0979226
0.0978413
0.0977596
0.0976774
0.0975948
0.0975117
0.0974282
0.0973443
0.0972599
0.097175
0.0970897
0.097004
0.0969178
0.0968312
0.0967442
0.0966567
0.0965688
0.0964804
0.0963916
0.0963024
0.0962127
0.0961226
0.0960321
0.0959412
0.0958498
0.095758
0.0956657
0.095573
0.0954799
0.0953864
0.0952925
0.0951981
0.0951033
0.0950081
0.0949124
0.0948164
0.0947199
0.094623
0.0945257
0.094428
0.0943298
0.0942313
0.0941323
0.0940329
0.0939331
0.0938329
0.0937323
0.0936313
0.0935298
0.093428
0.0933258
0.0932231
0.0931201
0.0930166
0.0929128
0.0928085
0.0927039
0.0925988
0.0924934
0.0923875
0.0922813
0.0921746
0.0920676
0.0919602
0.0918524
0.0917442
0.0916356
0.0915266
0.0914173
0.0913075
0.0911974
0.0910869
0.090976
0.0908647
0.090753
0.090641
0.0905286
0.0904158
0.0903026
0.0901891
0.0900752
0.0899609
0.0898462
0.0897312
0.0896158
0.0895
0.0893839
0.0892674
0.0891505
0.0890333
0.0889157
0.0887978
0.0886795
0.0885608
0.0884418
0.0883224
0.0882027
0.0880826
0.0879622
0.0878414
0.0877202
0.0875987
0.0874769
0.0873547
0.0872322
0.0871093
0.0869861
0.0868625
0.0867386
0.0866144
0.0864898
0.0863649
0.0862396
0.0861141
0.0859881
0.0858619
0.0857353
0.0856084
0.0854812
0.0853536
0.0852257
0.0850975
0.084969
0.0848401
0.0847109
0.0845814
0.0844516
0.0843215
0.084191
0.0840603
0.0839292
0.0837978
0.0836661
0.0835341
0.0834018
0.0832692
0.0831362
0.083003
0.0828695
0.0827356
0.0826015
0.0824671
0.0823324
0.0821973
0.082062
0.0819264
0.0817905
0.0816543
0.0815178
0.081381
0.081244
0.0811066
0.080969
0.0808311
0.0806929
0.0805545
0.0804157
0.0802767
0.0801374
0.0799978
0.079858
0.0797178
0.0795774
0.0794368
0.0792959
0.0791547
0.0790132
0.0788715
0.0787295
0.0785873
0.0784448
0.078302
0.078159
0.0780158
0.0778722
0.0777285
0.0775844
0.0774402
0.0772957
0.0771509
0.0770059
0.0768606
0.0767151
0.0765694
0.0764234
0.0762772
0.0761308
0.0759841
0.0758372
0.07569
0.0755426
0.075395
0.0752472
0.0750991
0.0749509
0.0748024
0.0746536
0.0745047
0.0743555
0.0742061
0.0740565
0.0739067
0.0737567
0.0736065
0.073456
0.0733054
0.0731545
0.0730034
0.0728522
0.0727007
0.072549
0.0723971
0.0722451
0.0720928
0.0719403
0.0717877
0.0716348
0.0714818
0.0713286
0.0711752
0.0710216
0.0708678
0.0707138
0.0705597
0.0704053
0.0702508
0.0700962
0.0699413
0.0697863
0.0696311
0.0694757
0.0693202
0.0691644
0.0690086
0.0688525
0.0686963
0.06854
0.0683834
0.0682268
0.0680699
0.0679129
0.0677558
0.0675985
0.067441
0.0672835
0.0671257
0.0669678
0.0668098
0.0666516
0.0664933
0.0663348
0.0661762
0.0660175
0.0658586
0.0656996
0.0655405
0.0653812
0.0652219
0.0650623
0.0649027
0.0647429
0.064583
0.064423
0.0642629
0.0641027
0.0639423
0.0637818
0.0636212
0.0634605
0.0632997
0.0631388
0.0629778
0.0628167
0.0626554
0.0624941
0.0623327
0.0621711
0.0620095
0.0618478
0.061686
0.0615241
0.0613621
0.0612
0.0610378
0.0608755
0.0607132
0.0605508
0.0603883
0.0602257
0.060063
0.0599003
0.0597374
0.0595746
0.0594116
0.0592486
0.0590855
0.0589223
0.0587591
0.0585958
0.0584324
0.058269
0.0581056
0.057942
0.0577784
0.0576148
0.0574511
0.0572874
0.0571236
0.0569598
0.0567959
0.056632
0.056468
0.056304
0.0561399
0.0559759
0.0558117
0.0556476
0.0554834
0.0553192
0.0551549
0.0549907
0.0548264
0.054662
0.0544977
0.0543333
0.0541689
0.0540045
0.0538401
0.0536757
0.0535112
0.0533468
0.0531823
0.0530178
0.0528534
0.0526889
0.0525244
0.0523599
0.0521954
0.0520309
0.0518664
0.0517019
0.0515374
0.051373
0.0512085
0.0510441
0.0508796
0.0507152
0.0505508
0.0503864
0.0502221
0.0500577
0.0498934
0.0497291
0.0495648
0.0494006
0.0492364
0.0490722
0.048908
0.0487439
0.0485798
0.0484158
0.0482518
0.0480878
0.0479239
0.04776
0.0475962
0.0474324
0.0472686
0.047105
0.0469413
0.0467777
0.0466142
0.0464507
0.0462873
0.046124
0.0459607
0.0457974
0.0456343
0.0454712
0.0453082
0.0451452
0.0449823
0.0448195
0.0446567
0.0444941
0.0443315
0.044169
0.0440066
0.0438442
0.043682
0.0435198
0.0433577
0.0431957
0.0430338
0.042872
0.0427102
0.0425486
0.0423871
0.0422257
0.0420643
0.0419031
0.041742
0.0415809
0.04142
0.0412592
0.0410985
0.0409379
0.0407774
0.0406171
0.0404568
0.0402967
0.0401367
0.0399768
0.0398171
0.0396574
0.0394979
0.0393385
0.0391792
0.0390201
0.0388611
0.0387022
0.0385435
0.0383849
0.0382265
0.0380681
0.03791
0.0377519
0.037594
0.0374363
0.0372787
0.0371213
0.036964
0.0368068
0.0366498
0.036493
0.0363363
0.0361798
0.0360234
0.0358672
0.0357112
0.0355553
0.0353996
0.0352441
0.0350887
0.0349335
0.0347785
0.0346236
0.0344689
0.0343144
0.0341601
0.0340059
0.033852
0.0336982
0.0335446
0.0333912
0.033238
0.0330849
0.0329321
0.0327794
0.032627
0.0324747
0.0323226
0.0321707
0.0320191
0.0318676
0.0317163
0.0315653
0.0314144
0.0312637
0.0311133
0.0309631
0.030813
0.0306632
0.0305136
0.0303642
0.0302151
0.0300661
0.0299174
0.0297689
0.0296206
0.0294725
0.0293247
0.0291771
0.0290297
0.0288826
0.0287357
0.028589
0.0284425
0.0282963
0.0281504
0.0280046
0.0278591
0.0277139
0.0275689
0.0274241
0.0272796
0.0271353
0.0269913
0.0268475
0.026704
0.0265607
0.0264177
0.026275
0.0261325
0.0259902
0.0258482
0.0257065
0.0255651
0.0254239
0.025283
0.0251423
0.0250019
0.0248618
0.024722
0.0245824
0.0244431
0.0243041
0.0241653
0.0240268
0.0238886
0.0237507
0.0236131
0.0234758
0.0233387
0.0232019
0.0230655
0.0229293
0.0227934
0.0226577
0.0225224
0.0223874
0.0222527
0.0221182
0.0219841
0.0218503
0.0217167
0.0215835
0.0214506
0.021318
0.0211857
0.0210536
0.0209219
0.0207906
0.0206595
0.0205287
0.0203983
0.0202681
0.0201383
0.0200088
0.0198796
0.0197508
0.0196222
0.019494
0.0193661
0.0192386
0.0191113
0.0189844
0.0188579
0.0187316
0.0186057
0.0184801
0.0183549
0.0182299
0.0181054
0.0179811
0.0178572
0.0177337
0.0176105
0.0174876
0.017365
0.0172429
0.017121
0.0169995
0.0168784
0.0167576
0.0166372
0.0165171
0.0163973
0.016278
0.0161589
0.0160403
0.015922
0.015804
0.0156864
0.0155692
0.0154523
0.0153359
0.0152197
0.015104
0.0149886
0.0148735
0.0147589
0.0146446
0.0145307
0.0144171
0.014304
0.0141912
0.0140788
0.0139667
0.0138551
0.0137438
0.0136329
0.0135224
0.0134122
0.0133025
0.0131931
0.0130842
0.0129756
0.0128674
0.0127596
0.0126521
0.0125451
0.0124385
0.0123322
0.0122264
0.0121209
0.0120159
0.0119112
0.011807
0.0117031
0.0115997
0.0114966
0.011394
0.0112917
0.0111899
0.0110885
0.0109875
0.0108868
0.0107866
0.0106868
0.0105875
0.0104885
0.0103899
0.0102918
0.0101941
0.0100967
0.00999985
0.00990337
0.00980731
0.00971167
0.00961645
0.00952166
0.00942729
0.00933334
0.00923981
0.00914671
0.00905404
0.00896179
0.00886998
0.00877859
0.00868763
0.00859711
0.00850701
0.00841735
0.00832812
0.00823933
0.00815097
0.00806305
0.00797556
0.00788852
0.00780191
0.00771574
0.00763002
0.00754473
0.00745989
0.00737549
0.00729153
0.00720802
0.00712495
0.00704233
0.00696016
0.00687844
0.00679716
0.00671634
0.00663596
0.00655604
0.00647657
0.00639755
0.00631898
0.00624087
0.00616322
0.00608602
0.00600927
0.00593299
0.00585716
0.00578179
0.00570689
0.00563244
0.00555845
0.00548493
0.00541186
0.00533926
0.00526713
0.00519546
0.00512425
0.00505352
0.00498324
0.00491344
0.0048441
0.00477524
0.00470684
0.00463891
0.00457146
0.00450447
0.00443796
0.00437192
0.00430636
0.00424127
0.00417665
0.00411251
0.00404885
0.00398566
0.00392295
0.00386072
0.00379896
0.00373769
0.00367689
0.00361658
0.00355675
0.0034974
0.00343853
0.00338014
0.00332224
0.00326482
0.00320789
0.00315144
0.00309548
0.00304
0.00298501
0.00293051
0.00287649
0.00282296
0.00276993
0.00271738
0.00266532
0.00261375
0.00256267
0.00251209
0.002462
0.00241239
0.00236329
0.00231467
0.00226655
0.00221893
0.00217179
0.00212516
0.00207902
0.00203337
0.00198823
0.00194358
0.00189942
0.00185577
0.00181261
0.00176996
0.0017278
0.00168614
0.00164498
0.00160432
0.00156417
0.00152451
0.00148536
0.00144671
0.00140856
0.00137091
0.00133377
0.00129713
0.001261
0.00122536
0.00119024
0.00115562
0.0011215
0.00108789
0.00105479
0.00102219
0.000990098
0.000958514
0.000927437
0.000896868
0.000866807
0.000837254
0.00080821
0.000779674
0.000751647
0.00072413
0.000697122
0.000670625
0.000644637
0.00061916
0.000594193
0.000569738
0.000545793
0.00052236
0.000499439
0.000477029
0.000455131
0.000433746
0.000412873
0.000392513
0.000372666
0.000353332
0.000334511
0.000316204
0.00029841
0.00028113
0.000264364
0.000248112
0.000232375
0.000217152
0.000202444
0.00018825
0.000174572
0.000161408
0.00014876
0.000136627
0.000125009
0.000113907
0.00010332
9.32495e-05
8.36946e-05
7.46557e-05
6.61328e-05
5.8126e-05
5.06354e-05
4.36611e-05
3.72031e-05
3.12616e-05
2.58364e-05
2.09278e-05
1.65358e-05
1.26604e-05
9.30161e-06
6.45951e-06
4.13412e-06
2.32545e-06
1.03354e-06
2.58385e-07
0
2.58385e-07
1.03354e-06
2.32545e-06
4.13412e-06
6.45951e-06
9.30161e-06
1.26604e-05
1.65358e-05
2.09278e-05
2.58364e-05
3.12616e-05
3.72031e-05
4.36611e-05
5.06354e-05
5.8126e-05
6.61328e-05
7.46557e-05
8.36946e-05
9.32495e-05
0.00010332
0.000113907
0.000125009
0.000136627
0.00014876
0.000161408
0.000174572
0.00018825
0.000202444
0.000217152
0.000232375
0.000248112
0.000264364
0.00028113
0.00029841
0.000316204
0.000334511
0.000353332
0.000372666
0.000392513
0.000412873
0.000433746
0.000455131
0.000477029
0.000499439
0.00052236
0.000545793
0.000569738
0.000594193
0.00061916
0.000644637
0.000670625
0.000697122
0.00072413
0.000751647
0.000779674
0.00080821
0.000837254
0.000866807
0.000896868
0.000927437
0.000958514
0.000990098
0.00102219
0.00105479
0.00108789
0.0011215
0.00115562
0.00119024
0.00122536
0.001261
0.00129713
0.00133377
0.00137091
0.00140856
0.00144671
0.00148536
0.00152451
0.00156417
0.00160432
0.00164498
0.00168614
0.0017278
0.00176996
0.00181261
0.00185577
0.00189942
0.00194358
0.00198823
0.00203337
0.00207902
0.00212516
0.00217179
0.00221893
0.00226655
0.00231467
0.00236329
0.00241239
0.002462
0.00251209
0.00256267
0.00261375
0.00266532
0.00271738
0.00276993
0.00282296
0.00287649
0.00293051
0.00298501
0.00304
0.00309548
0.00315144
0.00320789
0.00326482
0.00332224
0.00338014
0.00343853
0.0034974
0.00355675
0.00361658
0.00367689
0.00373769
0.00379896
0.00386072
0.00392295
0.00398566
0.00404885
0.00411251
0.00417665
0.00424127
0.00430636
0.00437192
0.00443796
0.00450447
0.00457146
0.00463891
0.00470684
0.00477524
0.0048441
0.00491344
0.00498324
0.00505352
0.00512425
0.00519546
0.00526713
0.00533926
0.00541186
0.00548493
0.00555845
0.00563244
0.00570689
0.00578179
0.00585716
0.00593299
0.00600927
0.00608602
0.00616322
0.00624087
0.00631898
0.00639755
0.00647657
0.00655604
0.00663596
0.00671634
0.00679716
0.00687844
0.00696016
0.00704233
0.00712495
0.00720802
0.00729153
0.00737549
0.00745989
0.00754473
0.00763002
0.00771574
0.00780191
0.00788852
0.00797556
0.00806305
0.00815097
0.00823933
0.00832812
0.00841735
0.00850701
0.00859711
0.00868763
0.00877859
0.00886998
0.00896179
0.00905404
0.00914671
0.00923981
0.00933334
0.00942729
0.00952166
0.00961645
0.00971167
0.00980731
0.00990337
0.00999985
0.0100967
0.0101941
0.0102918
0.0103899
0.0104885
0.0105875
0.0106868
0.0107866
0.0108868
0.0109875
0.0110885
0.0111899
0.0112917
0.011394
0.0114966
0.0115997
0.0117031
0.011807
0.0119112
0.0120159
0.0121209
0.0122264
0.0123322
0.0124385
0.0125451
0.0126521
0.0127596
0.0128674
0.0129756
0.0130842
0.0131931
0.0133025
0.0134122
0.0135224
0.0136329
0.0137438
0.0138551
0.0139667
0.0140788
0.0141912
0.014304
0.0144171
0.0145307
0.0146446
0.0147589
0.0148735
0.0149886
0.015104
0.0152197
0.0153359
0.0154523
0.0155692
0.0156864
0.015804
0.015922
0.0160403
0.0161589
0.016278
0.0163973
0.0165171
0.0166372
0.0167576
0.0168784
0.0169995
0.017121
0.0172429
0.017365
0.0174876
0.0176105
0.0177337
0.0178572
0.0179811
0.0181054
0.0182299
0.0183549
0.0184801
0.0186057
0.0187316
0.0188579
0.0189844
0.0191113
0.0192386
0.0193661
0.019494
0.0196222
0.0197508
0.0198796
0.0200088
0.0201383
0.0202681
0.0203983
0.0205287
0.0206595
0.0207906
0.0209219
0.0210536
0.0211857
0.021318
0.0214506
0.0215835
0.0217167
0.0218503
0.0219841
0.0221182
0.0222527
0.0223874
0.0225224
0.0226577
0.0227934
0.0229293
0.0230655
0.0232019
0.0233387
0.0234758
0.0236131
0.0237507
0.0238886
0.0240268
0.0241653
0.0243041
0.0244431
0.0245824
0.024722
0.0248618
0.0250019
0.0251423
0.025283
0.0254239
0.0255651
0.0257065
0.0258482
0.0259902
0.0261325
0.026275
0.0264177
0.0265607
0.026704
0.0268475
0.0269913
0.0271353
0.0272796
0.0274241
0.0275689
0.0277139
0.0278591
0.0280046
0.0281504
0.0282963
0.0284425
0.028589
0.0287357
0.0288826
0.0290297
0.0291771
0.0293247
0.0294725
0.0296206
0.0297689
0.0299174
0.0300661
0.0302151
0.0303642
0.0305136
0.0306632
0.030813
0.0309631
0.0311133
0.0312637
0.0314144
0.0315653
0.0317163
0.0318676
0.0320191
0.0321707
0.0323226
0.0324747
0.032627
0.0327794
0.0329321
0.0330849
0.033238
0.0333912
0.0335446
0.0336982
0.033852
0.0340059
0.0341601
0.0343144
0.0344689
0.0346236
0.0347785
0.0349335
0.0350887
0.0352441
0.0353996
0.0355553
0.0357112
0.0358672
0.0360234
0.0361798
0.0363363
0.036493
0.0366498
0.0368068
0.036964
0.0371213
0.0372787
0.0374363
0.037594
0.0377519
0.03791
0.0380681
0.0382265
0.0383849
0.0385435
0.0387022
0.0388611
0.0390201
0.0391792
0.0393385
0.0394979
0.0396574
0.0398171
0.0399768
0.0401367
0.0402967
0.0404568
0.0406171
0.0407774
0.0409379
0.0410985
0.0412592
0.04142
0.0415809
0.041742
0.0419031
0.0420643
0.0422257
0.0423871
0.0425486
0.0427102
0.042872
0.0430338
0.0431957
0.0433577
0.0435198
0.043682
0.0438442
0.0440066
0.044169
0.0443315
0.0444941
0.0446567
0.0448195
0.0449823
0.0451452
0.0453082
0.0454712
0.0456343
0.0457974
0.0459607
0.046124
0.0462873
0.0464507
0.0466142
0.0467777
0.0469413
0.047105
0.0472686
0.0474324
0.0475962
0.04776
0.0479239
0.0480878
0.0482518
0.0484158
0.0485798
0.0487439
0.048908
0.0490722
0.0492364
0.0494006
0.0495648
0.0497291
0.0498934
0.0500577
0.0502221
0.0503864
0.0505508
0.0507152
0.0508796
0.0510441
0.0512085
0.051373
0.0515374
0.0517019
0.0518664
0.0520309
0.0521954
0.0523599
0.0525244
0.0526889
0.0528534
0.0530178
0.0531823
0.0533468
0.0535112
0.0536757
0.0538401
0.0540045
0.0541689
0.0543333
0.0544977
0.054662
0.0548264
0.0549907
0.0551549
0.0553192
0.0554834
0.0556476
0.0558117
0.0559759
0.0561399
0.056304
0.056468
0.056632
0.0567959
0.0569598
0.0571236
0.0572874
0.0574511
0.0576148
0.0577784
0.057942
0.0581056
0.058269
0.0584324
0.0585958
0.0587591
0.0589223
0.0590855
0.0592486
0.0594116
0.0595746
0.0597374
0.0599003
0.060063
0.0602257
0.0603883
0.0605508
0.0607132
0.0608755
0.0610378
0.0612
0.0613621
0.0615241
0.061686
0.0618478
0.0620095
0.0621711
0.0623327
0.0624941
0.0626554
0.0628167
0.0629778
0.0631388
0.0632997
0.0634605
0.0636212
0.0637818
0.0639423
0.0641027
0.0642629
0.064423
0.064583
0.0647429
0.0649027
0.0650623
0.0652219
0.0653812
0.0655405
0.0656996
0.0658586
0.0660175
0.0661762
0.0663348
0.0664933
0.0666516
0.0668098
0.0669678
0.0671257
0.0672835
0.067441
0.0675985
0.0677558
0.0679129
0.0680699
0.0682268
0.0683834
0.06854
0.0686963
0.0688525
0.0690086
0.0691644
0.0693202
0.0694757
0.0696311
0.0697863
0.0699413
0.0700962
0.0702508
0.0704053
0.0705597
0.0707138
0.0708678
0.0710216
0.0711752
0.0713286
0.0714818
0.0716348
0.0717877
0.0719403
0.0720928
0.0722451
0.0723971
0.072549
0.0727007
0.0728522
0.0730034
0.0731545
0.0733054
0.073456
0.0736065
0.0737567
0.0739067
0.0740565
0.0742061
0.0743555
0.0745047
0.0746536
0.0748024
0.0749509
0.0750991
0.0752472
0.075395
0.0755426
0.07569
0.0758372
0.0759841
0.0761308
0.0762772
0.0764234
0.0765694
0.0767151
0.0768606
0.0770059
0.0771509
0.0772957
0.0774402
0.0775844
0.0777285
0.0778722
0.0780158
0.078159
0.078302
0.0784448
0.0785873
0.0787295
0.0788715
0.0790132
0.0791547
0.0792959
0.0794368
0.0795774
0.0797178
0.079858
0.0799978
0.0801374
0.0802767
0.0804157
0.0805545
0.0806929
0.0808311
0.080969
0.0811066
0.081244
0.081381
0.0815178
0.0816543
0.0817905
0.0819264
0.082062
0.0821973
0.0823324
0.0824671
0.0826015
0.0827356
0.0828695
0.083003
0.0831362
0.0832692
0.0834018
0.0835341
0.0836661
0.0837978
0.0839292
0.0840603
0.084191
0.0843215
0.0844516
0.0845814
0.0847109
0.0848401
0.084969
0.0850975
0.0852257
0.0853536
0.0854812
0.0856084
0.0857353
0.0858619
0.0859881
0.0861141
0.0862396
0.0863649
0.0864898
0.0866144
0.0867386
0.0868625
0.0869861
0.0871093
0.0872322
0.0873547
0.0874769
0.0875987
0.0877202
0.0878414
0.0879622
0.0880826
0.0882027
0.0883224
0.0884418
0.0885608
0.0886795
0.0887978
0.0889157
0.0890333
0.0891505
0.0892674
0.0893839
0.0895
0.0896158
0.0897312
0.0898462
0.0899609
0.0900752
0.0901891
0.0903026
0.0904158
0.0905286
0.090641
0.090753
0.0908647
0.090976
0.0910869
0.0911974
0.0913075
0.0914173
0.0915266
0.0916356
0.0917442
0.0918524
0.0919602
0.0920676
0.0921746
0.0922813
0.0923875
0.0924934
0.0925988
0.0927039
0.0928085
0.0929128
0.0930166
0.0931201
0.0932231
0.0933258
0.093428
0.0935298
0.0936313
0.0937323
0.0938329
0.0939331
0.0940329
0.0941323
0.0942313
0.0943298
0.094428
0.0945257
0.094623
0.0947199
0.0948164
0.0949124
0.0950081
0.0951033
0.0951981
0.0952925
0.0953864
0.0954799
0.095573
0.0956657
0.095758
0.0958498
0.0959412
0.0960321
0.0961226
0.0962127
0.0963024
0.0963916
0.0964804
0.0965688
0.0966567
0.0967442
0.0968312
0.0969178
0.097004
0.0970897
0.097175
0.0972599
0.0973443
0.0974282
0.0975117
0.0975948
0.0976774
0.0977596
0.0978413
0.0979226
0.0980034
0.0980838
0.0981637
0.0982432
0.0983222
0.0984008
0.0984789
0.0985565
0.0986337
0.0987105
0.0987868
0.0988626
0.098938
0.0990129
0.0990873
0.0991613
0.0992348
0.0993079
0.0993805
0.0994526
0.0995243
0.0995955
0.0996662
0.0997365
0.0998063
0.0998757
0.0999445
0.100013
0.100081
0.100148
0.100215
0.100282
0.100348
0.100413
0.100478
0.100543
0.100607
0.100671
0.100734
0.100797
0.100859
0.100921
0.100982
0.101043
0.101103
0.101163
0.101222
0.101281
0.10134
0.101398
0.101455
0.101512
0.101568
0.101624
0.10168
0.101735
0.101789
0.101843
0.101897
0.10195
0.102002
0.102054
0.102106
0.102157
0.102208
0.102258
0.102307
0.102356
0.102405
0.102453
0.102501
0.102548
0.102595
0.102641
0.102686
0.102732
0.102776
0.10282
0.102864
0.102907
0.10295
0.102992
0.103034
0.103075
0.103115
0.103156
0.103195
0.103234
0.103273
0.103311
0.103349
0.103386
0.103423
0.103459
0.103494
0.10353
0.103564
0.103598
0.103632
0.103665
0.103698
0.10373
0.103761
0.103792
0.103823
0.103853
0.103883
0.103912
0.10394
0.103968
0.103996
0.104023
0.104049
0.104075
0.104101
0.104126
0.10415
0.104174
0.104197
0.10422
0.104243
0.104265
0.104286
0.104307
0.104327
0.104347
0.104366
0.104385
0.104404
0.104421
0.104439
0.104455
0.104472
0.104487
0.104503
0.104517
0.104532
0.104545
0.104558
0.104571
0.104583
0.104595
0.104606
0.104616
0.104627
0.104636
0.104645
0.104654
0.104662
0.104669
0.104676
0.104683
0.104688
0.104694
0.104699
0.104703
0.104707
0.10471
0.104713
0.104716
0.104717
0.104719
0.104719
0.10472
0.104719
0.104719
0.104717
0.104716
0.104713
0.10471
0.104707
0.104703
0.104699
0.104694
0.104688
0.104683
0.104676
0.104669
0.104662
0.104654
0.104645
0.104636
0.104627
0.104616
0.104606
0.104595
0.104583
0.104571
0.104558
0.104545
0.104532
0.104517
0.104503
0.104487
0.104472
0.104455
0.104439
0.104421
0.104404
0.104385
0.104366
0.104347
0.104327
0.104307
0.104286
0.104265
0.104243
0.10422
0.104197
0.104174
0.10415
0.104126
0.104101
0.104075
0.104049
0.104023
0.103996
0.103968
0.10394
0.103912
0.103883
0.103853
0.103823
0.103792
0.103761
0.10373
0.103698
0.103665
0.103632
0.103598
0.103564
0.10353
0.103494
0.103459
0.103423
0.103386
0.103349
0.103311
0.103273
0.103234
0.103195
0.103156
0.103115
0.103075
0.103034
0.102992
0.10295
0.102907
0.102864
0.10282
0.102776
0.102732
0.102686
0.102641
0.102595
0.102548
0.102501
0.102453
0.102405
0.102356
0.102307
0.102258
0.102208
0.102157
0.102106
0.102054
0.102002
0.10195
0.101897
0.101843
0.101789
0.101735
0.10168
0.101624
0.101568
0.101512
0.101455
0.101398
0.10134
0.101281
0.101222
0.101163
0.101103
0.101043
0.100982
0.100921
0.100859
0.100797
0.100734
0.100671
0.100607
0.100543
0.100478
0.100413
0.100348
0.100282
0.100215
0.100148
0.100081
0.100013
0.0999445
0.0998757
0.0998063
0.0997365
0.0996662
0.0995955
0.0995243
0.0994526
0.0993805
0.0993079
0.0992348
0.0991613
0.0990873
0.0990129
0.098938
0.0988626
0.0987868
0.0987105
0.0986337
0.0985565
0.0984789
0.0984008
0.0983222
0.0982432
0.0981637
0.0980838
0.0980034
0.0979226
0.0978413
0.0977596
0.0976774
0.0975948
0.0975117
0.0974282
0.0973443
0.0972599
0.097175
0.0970897
0.097004
0.0969178
0.0968312
0.0967442
0.0966567
0.0965688
0.0964804
0.0963916
0.0963024
0.0962127
0.0961226
0.0960321
0.0959412
0.0958498
0.095758
0.0956657
0.095573
0.0954799
0.0953864
0.0952925
0.0951981
0.0951033
0.0950081
0.0949124
0.0948164
0.0947199
0.094623
0.0945257
0.094428
0.0943298
0.0942313
0.0941323
0.0940329
0.0939331
0.0938329
0.0937323
0.0936313
0.0935298
0.093428
0.0933258
0.0932231
0.0931201
0.0930166
0.0929128
0.0928085
0.0927039
0.0925988
0.0924934
0.0923875
0.0922813
0.0921746
0.0920676
0.0919602
0.0918524
0.0917442
0.0916356
0.0915266
0.0914173
0.0913075
0.0911974
0.0910869
0.090976
0.0908647
0.090753
0.090641
0.0905286
0.0904158
0.0903026
0.0901891
0.0900752
0.0899609
0.0898462
0.0897312
0.0896158
0.0895
0.0893839
0.0892674
0.0891505
0.0890333
0.0889157
0.0887978
0.0886795
0.0885608
0.0884418
0.0883224
0.0882027
0.0880826
0.0879622
0.0878414
0.0877202
0.0875987
0.0874769
0.0873547
0.0872322
0.0871093
0.0869861
0.0868625
0.0867386
0.0866144
0.0864898
0.0863649
0.0862396
0.0861141
0.0859881
0.0858619
0.0857353
0.0856084
0.0854812
0.0853536
0.0852257
0.0850975
0.084969
0.0848401
0.0847109
0.0845814
0.0844516
0.0843215
0.084191
0.0840603
0.0839292
0.0837978
0.0836661
0.0835341
0.0834018
0.0832692
0.0831362
0.083003
0.0828695
0.0827356
0.0826015
0.0824671
0.0823324
0.0821973
0.082062
0.0819264
0.0817905
0.0816543
0.0815178
0.081381
0.081244
0.0811066
0.080969
0.0808311
0.0806929
0.0805545
0.0804157
0.0802767
0.0801374
0.0799978
0.079858
0.0797178
0.0795774
0.0794368
0.0792959
0.0791547
0.0790132
0.0788715
0.0787295
0.0785873
0.0784448
0.078302
0.078159
0.0780158
0.0778722
0.0777285
0.0775844
0.0774402
0.0772957
0.0771509
0.0770059
0.0768606
0.0767151
0.0765694
0.0764234
0.0762772
0.0761308
0.0759841
0.0758372
0.07569
0.0755426
0.075395
0.0752472
0.0750991
0.0749509
0.0748024
0.0746536
0.0745047
0.0743555
0.0742061
0.0740565
0.0739067
0.0737567
0.0736065
0.073456
0.0733054
0.0731545
0.0730034
0.0728522
0.0727007
0.072549
0.0723971
0.0722451
0.0720928
0.0719403
0.0717877
0.0716348
0.0714818
0.0713286
0.0711752
0.0710216
0.0708678
0.0707138
0.0705597
0.0704053
0.0702508
0.0700962
0.0699413
0.0697863
0.0696311
0.0694757
0.0693202
0.0691644
0.0690086
0.0688525
0.0686963
0.06854
0.0683834
0.0682268
0.0680699
0.0679129
0.0677558
0.0675985
0.067441
0.0672835
0.0671257
0.0669678
0.0668098
0.0666516
0.0664933
0.0663348
0.0661762
0.0660175
0.0658586
0.0656996
0.0655405
0.0653812
0.0652219
0.0650623
0.0649027
0.0647429
0.064583
0.064423
0.0642629
0.0641027
0.0639423
0.0637818
0.0636212
0.0634605
0.0632997
0.0631388
0.0629778
0.0628167
0.0626554
0.0624941
0.0623327
0.0621711
0.0620095
0.0618478
0.061686
0.0615241
0.0613621
0.0612
0.0610378
0.0608755
0.0607132
0.0605508
0.0603883
0.0602257
0.060063
0.0599003
0.0597374
0.0595746
0.0594116
0.0592486
0.0590855
0.0589223
0.0587591
0.0585958
0.0584324
0.058269
0.0581056
0.057942
0.0577784
0.0576148
0.0574511
0.0572874
0.0571236
0.0569598
0.0567959
0.056632
0.056468
0.056304
0.0561399
0.0559759
0.0558117
0.0556476
0.0554834
0.0553192
0.0551549
0.0549907
0.0548264
0.054662
0.0544977
0.0543333
0.0541689
0.0540045
0.0538401
0.0536757
0.0535112
0.0533468
0.0531823
0.0530178
0.0528534
0.0526889
0.0525244
0.0523599
0.0521954
0.0520309
0.0518664
0.0517019
0.0515374
0.051373
0.0512085
0.0510441
0.0508796
0.0507152
0.0505508
0.0503864
0.0502221
0.0500577
0.0498934
0.0497291
0.0495648
0.0494006
0.0492364
0.0490722
0.048908
0.0487439
0.0485798
0.0484158
0.0482518
0.0480878
0.0479239
0.04776
0.0475962
0.0474324
0.0472686
0.047105
0.0469413
0.0467777
0.0466142
0.0464507
0.0462873
0.046124
0.0459607
0.0457974
0.0456343
0.0454712
0.0453082
0.0451452
0.0449823
0.0448195
0.0446567
0.0444941
0.0443315
0.044169
0.0440066
0.0438442
0.043682
0.0435198
0.0433577
0.0431957
0.0430338
0.042872
0.0427102
0.0425486
0.0423871
0.0422257
0.0420643
0.0419031
0.041742
0.0415809
0.04142
0.0412592
0.0410985
0.0409379
0.0407774
0.0406171
0.0404568
0.0402967
0.0401367
0.0399768
0.0398171
0.0396574
0.0394979
0.0393385
0.0391792
0.0390201
0.0388611
0.0387022
0.0385435
0.0383849
0.0382265
0.0380681
0.03791
0.0377519
0.037594
0.0374363
0.0372787
0.0371213
0.036964
0.0368068
0.0366498
0.036493
0.0363363
0.0361798
0.0360234
0.0358672
0.0357112
0.0355553
0.0353996
0.0352441
0.0350887
0.0349335
0.0347785
0.0346236
0.0344689
0.0343144
0.0341601
0.0340059
0.033852
0.0336982
0.0335446
0.0333912
0.033238
0.0330849
0.0329321
0.0327794
0.032627
0.0324747
0.0323226
0.0321707
0.0320191
0.0318676
0.0317163
0.0315653
0.0314144
0.0312637
0.0311133
0.0309631
0.030813
0.0306632
0.0305136
0.0303642
0.0302151
0.0300661
0.0299174
0.0297689
0.0296206
0.0294725
0.0293247
0.0291771
0.0290297
0.0288826
0.0287357
0.028589
0.0284425
0.0282963
0.0281504
0.0280046
0.0278591
0.0277139
0.0275689
0.0274241
0.0272796
0.0271353
0.0269913
0.0268475
0.026704
0.0265607
0.0264177
0.026275
0.0261325
0.0259902
0.0258482
0.0257065
0.0255651
0.0254239
0.025283
0.0251423
0.0250019
0.0248618
0.024722
0.0245824
0.0244431
0.0243041
0.0241653
0.0240268
0.0238886
0.0237507
0.0236131
0.0234758
0.0233387
0.0232019
0.0230655
0.0229293
0.0227934
0.0226577
0.0225224
0.0223874
0.0222527
0.0221182
0.0219841
0.0218503
0.0217167
0.0215835
0.0214506
0.021318
0.0211857
0.0210536
0.0209219
0.0207906
0.0206595
0.0205287
0.0203983
0.0202681
0.0201383
0.0200088
0.0198796
0.0197508
0.0196222
0.019494
0.0193661
0.0192386
0.0191113
0.0189844
0.0188579
0.0187316
0.0186057
0.0184801
0.0183549
0.0182299
0.0181054
0.0179811
0.0178572
0.0177337
0.0176105
0.0174876
0.017365
0.0172429
0.017121
0.0169995
0.0168784
0.0167576
0.0166372
0.0165171
0.0163973
0.016278
0.0161589
0.0160403
0.015922
0.015804
0.0156864
0.0155692
0.0154523
0.0153359
0.0152197
0.015104
0.0149886
0.0148735
0.0147589
0.0146446
0.0145307
0.0144171
0.014304
0.0141912
0.0140788
0.0139667
0.0138551
0.0137438
0.0136329
0.0135224
0.0134122
0.0133025
0.0131931
0.0130842
0.0129756
0.0128674
0.0127596
0.0126521
0.0125451
0.0124385
0.0123322
0.0122264
0.0121209
0.0120159
0.0119112
0.011807
0.0117031
0.0115997
0.0114966
0.011394
0.0112917
0.0111899
0.0110885
0.0109875
0.0108868
0.0107866
0.0106868
0.0105875
0.0104885
0.0103899
0.0102918
0.0101941
0.0100967
0.00999985
0.00990337
0.00980731
0.00971167
0.00961645
0.00952166
0.00942729
0.00933334
0.00923981
0.00914671
0.00905404
0.00896179
0.00886998
0.00877859
0.00868763
0.00859711
0.00850701
0.00841735
0.00832812
0.00823933
0.00815097
0.00806305
0.00797556
0.00788852
0.00780191
0.00771574
0.00763002
0.00754473
0.00745989
0.00737549
0.00729153
0.00720802
0.00712495
0.00704233
0.00696016
0.00687844
0.00679716
0.00671634
0.00663596
0.00655604
0.00647657
0.00639755
0.00631898
0.00624087
0.00616322
0.00608602
0.00600927
0.00593299
0.00585716
0.00578179
0.00570689
0.00563244
0.00555845
0.00548493
0.00541186
0.00533926
0.00526713
0.00519546
0.00512425
0.00505352
0.00498324
0.00491344
0.0048441
0.00477524
0.00470684
0.00463891
0.00457146
0.00450447
0.00443796
0.00437192
0.00430636
0.00424127
0.00417665
0.00411251
0.00404885
0.00398566
0.00392295
0.00386072
0.00379896
0.00373769
0.00367689
0.00361658
0.00355675
0.0034974
0.00343853
0.00338014
0.00332224
0.00326482
0.00320789
0.00315144
0.00309548
0.00304
0.00298501
0.00293051
0.00287649
0.00282296
0.00276993
0.00271738
0.00266532
0.00261375
0.00256267
0.00251209
0.002462
0.00241239
0.00236329
0.00231467
0.00226655
0.00221893
0.00217179
0.00212516
0.00207902
0.00203337
0.00198823
0.00194358
0.00189942
0.00185577
0.00181261
0.00176996
0.0017278
0.00168614
0.00164498
0.00160432
0.00156417
0.00152451
0.00148536
0.00144671
0.00140856
0.00137091
0.00133377
0.00129713
0.001261
0.00122536
0.00119024
0.00115562
0.0011215
0.00108789
0.00105479
0.00102219
0.000990098
0.000958514
0.000927437
0.000896868
0.000866807
0.000837254
0.00080821
0.000779674
0.000751647
0.00072413
0.000697122
0.000670625
0.000644637
0.00061916
0.000594193
0.000569738
0.000545793
0.00052236
0.000499439
0.000477029
0.000455131
0.000433746
0.000412873
0.000392513
0.000372666
0.000353332
0.000334511
0.000316204
0.00029841
0.00028113
0.000264364
0.000248112
0.000232375
0.000217152
0.000202444
0.00018825
0.000174572
0.000161408
0.00014876
0.000136627
0.000125009
0.000113907
0.00010332
9.32495e-05
8.36946e-05
7.46557e-05
6.61328e-05
5.8126e-05
5.06354e-05
4.36611e-05
3.72031e-05
3.12616e-05
2.58364e-05
2.09278e-05
1.65358e-05
1.26604e-05
9.30161e-06
6.45951e-06
4.13412e-06
2.32545e-06
1.03354e-06
2.58385e-07
0
0
0
0
0
0
0
0
0
0
0
0
0
0
0
0
0
0
0
0
0
0
0
0
0
0
0
0
0
0
0
0
0
0
0
0
0
0
0
0
0
0
0
0
0
0
0
0
0
0
0
0
0
0
0
0
0
0
0
0
0
0
0
0
0
0
0
0
0
0
0
0
0
0
0
0
0
0
0
0
0
0
0
0
0
0
0
0
0
0
0
0
0
0
0
0
0
0
0
0
0
0
0
0
0
0
0
0
0
0
0
0
0
0
0
0
0
0
0
0
0
0
0
0
0
0
0
0
0
0
0
0
0
0
0
0
0
0
0
0
0
0
0
0
0
0
0
0
0
0
0
0
0
0
0
0
0
0
0
0
0
0
0
0
0
0
0
0
0
0
0
0
0
0
0
0
0
0
0
0
0
0
0
0
0
0
0
0
0
0
0
0
0
0
0
0
0
0
0
0
0
0
0
0
0
0
0
0
0
0
0
0
0
0
0
0
0
0
0
0
0
0
0
0
0
0
0
0
0
0
0
0
0
0
0
0
0
0
0
0
0
0
0
0
0
0
0
0
0
0
0
0
0
0
0
0
0
0
0
0
0
0
0
0
0
0
0
0
0
0
0
0
0
0
0
0
0
0
0
0
0
0
0
0
0
0
0
0
0
0
0
0
0
0
0
0
0
0
0
0
0
0
0
0
0
0
0
0
0
0
0
0
0
0
0
0
0
0
0
0
0
0
0
0
0
0
0
0
0
0
0
0
0
0
0
0
0
0
0
0
0
0
0
0
0
0
0
0
0
0
0
0
0
0
0
0
0
0
0
0
0
0
0
0
0
0
0
0
0
0
0
0
0
0
0
0
0
0
0
0
0
0
0
0
0
0
0
0
0
0
0
0
0
0
0
0
0
0
0
0
0
0
0
0
0
0
0
0
0
0
0
0
0
0
0
0
0
0
0
0
0
0
0
0
0
0
0
0
0
0
0
0
0
0
0
0
0
0
0
0
0
0
0
0
0
0
0
0
0
0
0
0
0
0
0
0
0
0
0
0
0
0
0
0
0
0
0
0
0
0
0
0
0
0
0
0
0
0
0
0
0
0
0
0
0
0
0
0
0
0
0
0
0
0
0
0
0
0
0
0
0
0
0
0
0
0
0
0
0
0
0
0
0
0
0
0
0
0
0
0
0
0
0
0
0
0
0
0
0
0
0
0
0
0
0
0
0
0
0
0
0
0
0
0
0
0
0
0
0
0
0
0
0
0
0
0
0
0
0
0
0
0
0
0
0
0
0
0
0
0
0
0
0
0
0
0
0
0
0
0
0
0
0
0
0
0
0
0
0
0
0
0
0
0
0
0
0
0
0
0
0
0
0
0
0
0
0
0
0
0
0
0
0
0
0
0
0
0
0
0
0
0
0
0
0
0
0
0
0
0
0
0
0
0
0
0
0
0
0
0
0
0
0
0
0
0
0
0
0
0
0
0
0
0
0
0
0
0
0
0
0
0
0
0
0
0
0
0
0
0
0
0
0
0
0
0
0
0
0
0
0
0
0
0
0
0
0
0
0
0
0
0
0
0
0
0
0
0
0
0
0
0
0
0
0
0
0
0
0
0
0
0
0
0
0
0
0
0
0
0
0
0
0
0
0
0
0
0
0
0
0
0
0
0
0
0
0
0
0
0
0
0
0
0
0
0
0
0
0
0
0
0
0
0
0
0
0
0
0
0
0
0
0
0
0
0
0
0
0
0
0
0
0
0
0
0
0
0
0
0
0
0
0
0
0
0
0
0
0
0
0
0
0
0
0
0
0
0
0
0
0
0
0
0
0
0
0
0
0
0
0
0
0
0
0
0
0
0
0
0
0
0
0
0
0
0
0
0
0
0
0
0
0
0
0
0
0
0
0
0
0
0
0
0
0
0
0
0
0
0
0
0
0
0
0
0
0
0
0
0
0
0
0
0
0
0
0
0
0
0
0
0
0
0
0
0
0
0
0
0
0
0
0
0
0
0
0
0
0
0
0
0
0
0
0
0
0
0
0
0
0
0
0
0
0
0
0
0
0
0
0
0
0
0
0
0
0
0
0
0
0
0
0
0
0
0
0
0
0
0
0
0
0
0
0
0
0
0
0
0
0
0
0
0
0
0
0
0
0
0
0
0
0
0
0
0
0
0
0
0
0
0
0
0
0
0
0
0
0
0
0
0
0
0
0
0
0
0
0
0
0
0
0
0
0
0
0
0
0
0
0
0
0
0
0
0
0
0
0
0
0
0
0
0
0
0
0
0
0
0
0
0
0
0
0
0
0
0
0
0
0
0
0
0
0
0
0
0
0
0
0
0
0
0
0
0
0
0
0
0
0
0
0
0
0
0
0
0
0
0
0
0
0
0
0
0
0
0
0
0
0
0
0
0
0
0
0
0
0
0
0
0
0
0
0
0
0
0
0
0
0
0
0
0
0
0
0
0
0
0
0
0
0
0
0
0
0
0
0
0
0
0
0
0
0
0
0
0
0
0
0
0
0
0
0
0
0
0
0
0
0
0
0
0
0
0
0
0
0
0
0
0
0
0
0
0
0
0
0
0
0
0
0
0
0
0
0
0
0
0
0
0
0
0
0
0
0
0
0
0
0
0
0
0
0
0
0
0
0
0
0
0
0
0
0
0
0
0
0
0
0
0
0
0
0
0
0
0
0
0
0
0
0
0
0
0
0
0
0
0
0
0
0
0
0
0
0
0
0
0
0
0
0
0
0
0
0
0
0
0
0
0
0
0
0
0
0
0
0
0
0
0
0
0
0
0
0
0
0
0
0
0
0
0
0
0
0
0
0
0
0
0
0
0
0
0
0
0
0
0
0
0
0
0
0
0
0
0
0
0
0
0
0
0
0
0
0
0
0
0
0
0
0
0
0
0
0
0
0
0
0
0
0
0
0
0
0
0
0
0
0
0
0
0
0
0
0
0
0
0
0
0
0
0
0
0
0
0
0
0
0
0
0
0
0
0
0
0
0
0
0
0
0
0
0
0
0
0
0
0
0
0
0
0
0
0
0
0
0
0
0
0
0
0
0
0
0
0
0
0
0
0
0
0
0
0
0
0
0
0
0
0
0
0
0
0
0
0
0
0
0
0
0
0
0
0
0
0
0
0
0
0
0
0
0
0
0
0
0
0
0
0
0
0
0
0
0
0
0
0
0
0
0
0
0
0
0
0
0
0
0
0
0
0
0
0
0
0
0
0
0
0
0
0
0
0
0
0
0
0
0
0
0
0
0
0
0
0
0
0
0
0
0
0
0
0
0
0
0
0
0
0
0
0
0
0
0
0
0
0
0
0
0
0
0
0
0
0
0
0
0
0
0
0
0
0
0
0
0
0
0
0
0
0
0
0
0
0
0
0
0
0
0
0
0
0
0
0
0
0
0
0
0
0
0
0
0
0
0
0
0
0
0
0
0
0
0
0
0
0
0
0
0
0
0
0
0
0
0
0
0
0
0
0
0
0
0
0
0
0
0
0
0
0
0
0
0
0
0
0
0
0
0
0
0
0
0
0
0
0
0
0
0
0
0
0
0
0
0
0
0
0
0
0
0
0
0
0
0
0
0
0
0
0
0
0
0
0
0
0
0
0
0
0
0
0
0
0
0
0
0
0
0
0
0
0
0
0
0
0
0
0
0
0
0
0
0
0
0
0
0
0
0
0
0
0
0
0
0
0
0
0
0
0
0
0
0
0
0
0
0
0
0
0
0
0
0
0
0
0
0
0
0
0
0
0
0
0
0
0
0
0
0
0
0
0
0
0
0
0
0
0
0
0
0
0
0
0
0
0
0
0
0
0
0
0
0
0
0
0
0
0
0
0
0
0
0
0
0
0
0
0
0
0
0
0
0
0
0
0
0
0
0
0
0
0
0
0
0
0
0
0
0
0
0
0
0
0
0
0
0
0
0
0
0
0
0
0
0
0
0
0
0
0
0
0
0
0
0
0
0
0
0
0
0
0
0
0
0
0
0
0
0
0
0
0
0
0
0
0
0
0
0
0
0
0
0
0
0
0
0
0
0
0
0
0
0
0
0
0
0
0
0
0
0
0
0
0
0
0
0
0
0
0
0
0
0
0
0
0
0
0
0
0
0
0
0
0
0
0
0
0
0
0
0
0
0
0
0
0
0
0
0
0
0
0
0
0
0
0
0
0
0
0
0
0
0
0
0
0
0
0
0
0
0
0
0
0
0
0
0
0
0
0
0
0
0
0
0
0
0
0
0
0
0
0
0
0
0
0
0
0
0
0
0
0
0
0
0
0
0
0
0
0
0
0
0
0
0
0
0
0
0
0
0
0
0
0
0
0
0
0
0
0
0
0
0
0
0
0
0
0
0
0
0
0
0
0
0
0
0
0
0
0
0
0
0
0
0
0
0
0
0
0
0
0
0
0
0
0
0
0
0
0
0
0
0
0
0
0
0
0
0
0
0
0
0
0
0
0
0
0
0
0
0
0
0
0
0
0
0
0
0
0
0
0
0
0
0
0
0
