0
1.03354e-06
4.13412e-06
9.30161e-06
1.65358e-05
2.58364e-05
3.72031e-05
5.06354e-05
6.61328e-05
8.36946e-05
0.00010332
0.000125009
0.00014876
0.000174572
0.000202444
0.000232375
0.000264364
0.00029841
0.000334511
0.000372666
0.000412873
0.000455131
0.000499439
0.000545793
0.000594193
0.000644637
0.000697122
0.000751647
0.00080821
0.000866807
0.000927437
0.000990098
0.00105479
0.0011215
0.00119024
0.001261
0.00133377
0.00140856
0.00148536
0.00156417
0.00164498
0.0017278
0.00181261
0.00189942
0.00198823
0.00207902
0.00217179
0.00226655
0.00236329
0.002462
0.00256267
0.00266532
0.00276993
0.00287649
0.00298501
0.00309548
0.00320789
0.00332224
0.00343853
0.00355675
0.00367689
0.00379896
0.00392295
0.00404885
0.00417665
0.00430636
0.00443796
0.00457146
0.00470684
0.0048441
0.00498324
0.00512425
0.00526713
0.00541186
0.00555845
0.00570689
0.00585716
0.00600927
0.00616322
0.00631898
0.00647657
0.00663596
0.00679716
0.00696016
0.00712495
0.00729153
0.00745989
0.00763002
0.00780191
0.00797556
0.00815097
0.00832812
0.00850701
0.00868763
0.00886998
0.00905404
0.00923981
0.00942729
0.00961645
0.00980731
0.00999985
0.0101941
0.0103899
0.0105875
0.0107866
0.0109875
0.0111899
0.011394
0.0115997
0.011807
0.0120159
0.0122264
0.0124385
0.0126521
0.0128674
0.0130842
0.0133025
0.0135224
0.0137438
0.0139667
0.0141912
0.0144171
0.0146446
0.0148735
0.015104
0.0153359
0.0155692
0.015804
0.0160403
0.016278
0.0165171
0.0167576
0.0169995
0.0172429
0.0174876
0.0177337
0.0179811
0.0182299
0.0184801
0.0187316
0.0189844
0.0192386
0.019494
0.0197508
0.0200088
0.0202681
0.0205287
0.0207906
0.0210536
0.021318
0.0215835
0.0218503
0.0221182
0.0223874
0.0226577
0.0229293
0.0232019
0.0234758
0.0237507
0.0240268
0.0243041
0.0245824
0.0248618
0.0251423
0.0254239
0.0257065
0.0259902
0.026275
0.0265607
0.0268475
0.0271353
0.0274241
0.0277139
0.0280046
0.0282963
0.028589
0.0288826
0.0291771
0.0294725
0.0297689
0.0300661
0.0303642
0.0306632
0.0309631
0.0312637
0.0315653
0.0318676
0.0321707
0.0324747
0.0327794
0.0330849
0.0333912
0.0336982
0.0340059
0.0343144
0.0346236
0.0349335
0.0352441
0.0355553
0.0358672
0.0361798
0.036493
0.0368068
0.0371213
0.0374363
0.0377519
0.0380681
0.0383849
0.0387022
0.0390201
0.0393385
0.0396574
0.0399768
0.0402967
0.0406171
0.0409379
0.0412592
0.0415809
0.0419031
0.0422257
0.0425486
0.042872
0.0431957
0.0435198
0.0438442
0.044169
0.0444941
0.0448195
0.0451452
0.0454712
0.0457974
0.046124
0.0464507
0.0467777
0.047105
0.0474324
0.04776
0.0480878
0.0484158
0.0487439
0.0490722
0.0494006
0.0497291
0.0500577
0.0503864
0.0507152
0.0510441
0.051373
0.0517019
0.0520309
0.0523599
0.0526889
0.0530178
0.0533468
0.0536757
0.0540045
0.0543333
0.054662
0.0549907
0.0553192
0.0556476
0.0559759
0.056304
0.056632
0.0569598
0.0572874
0.0576148
0.057942
0.058269
0.0585958
0.0589223
0.0592486
0.0595746
0.0599003
0.0602257
0.0605508
0.0608755
0.0612
0.0615241
0.0618478
0.0621711
0.0624941
0.0628167
0.0631388
0.0634605
0.0637818
0.0641027
0.064423
0.0647429
0.0650623
0.0653812
0.0656996
0.0660175
0.0663348
0.0666516
0.0669678
0.0672835
0.0675985
0.0679129
0.0682268
0.06854
0.0688525
0.0691644
0.0694757
0.0697863
0.0700962
0.0704053
0.0707138
0.0710216
0.0713286
0.0716348
0.0719403
0.0722451
0.072549
0.0728522
0.0731545
0.073456
0.0737567
0.0740565
0.0743555
0.0746536
0.0749509
0.0752472
0.0755426
0.0758372
0.0761308
0.0764234
0.0767151
0.0770059
0.0772957
0.0775844
0.0778722
0.078159
0.0784448
0.0787295
0.0790132
0.0792959
0.0795774
0.079858
0.0801374
0.0804157
0.0806929
0.080969
0.081244
0.0815178
0.0817905
0.082062
0.0823324
0.0826015
0.0828695
0.0831362
0.0834018
0.0836661
0.0839292
0.084191
0.0844516
0.0847109
0.084969
0.0852257
0.0854812
0.0857353
0.0859881
0.0862396
0.0864898
0.0867386
0.0869861
0.0872322
0.0874769
0.0877202
0.0879622
0.0882027
0.0884418
0.0886795
0.0889157
0.0891505
0.0893839
0.0896158
0.0898462
0.0900752
0.0903026
0.0905286
0.090753
0.090976
0.0911974
0.0914173
0.0916356
0.0918524
0.0920676
0.0922813
0.0924934
0.0927039
0.0929128
0.0931201
0.0933258
0.0935298
0.0937323
0.0939331
0.0941323
0.0943298
0.0945257
0.0947199
0.0949124
0.0951033
0.0952925
0.0954799
0.0956657
0.0958498
0.0960321
0.0962127
0.0963916
0.0965688
0.0967442
0.0969178
0.0970897
0.0972599
0.0974282
0.0975948
0.0977596
0.0979226
0.0980838
0.0982432
0.0984008
0.0985565
0.0987105
0.0988626
0.0990129
0.0991613
0.0993079
0.0994526
0.0995955
0.0997365
0.0998757
0.100013
0.100148
0.100282
0.100413
0.100543
0.100671
0.100797
0.100921
0.101043
0.101163
0.101281
0.101398
0.101512
0.101624
0.101735
0.101843
0.10195
0.102054
0.102157
0.102258
0.102356
0.102453
0.102548
0.102641
0.102732
0.10282
0.102907
0.102992
0.103075
0.103156
0.103234
0.103311
0.103386
0.103459
0.10353
0.103598
0.103665
0.10373
0.103792
0.103853
0.103912
0.103968
0.104023
0.104075
0.104126
0.104174
0.10422
0.104265
0.104307
0.104347
0.104385
0.104421
0.104455
0.104487
0.104517
0.104545
0.104571
0.104595
0.104616
0.104636
0.104654
0.104669
0.104683
0.104694
0.104703
0.10471
0.104716
0.104719
0.10472
0.104719
0.104716
0.10471
0.104703
0.104694
0.104683
0.104669
0.104654
0.104636
0.104616
0.104595
0.104571
0.104545
0.104517
0.104487
0.104455
0.104421
0.104385
0.104347
0.104307
0.104265
0.10422
0.104174
0.104126
0.104075
0.104023
0.103968
0.103912
0.103853
0.103792
0.10373
0.103665
0.103598
0.10353
0.103459
0.103386
0.103311
0.103234
0.103156
0.103075
0.102992
0.102907
0.10282
0.102732
0.102641
0.102548
0.102453
0.102356
0.102258
0.102157
0.102054
0.10195
0.101843
0.101735
0.101624
0.101512
0.101398
0.101281
0.101163
0.101043
0.100921
0.100797
0.100671
0.100543
0.100413
0.100282
0.100148
0.100013
0.0998757
0.0997365
0.0995955
0.0994526
0.0993079
0.0991613
0.0990129
0.0988626
0.0987105
0.0985565
0.0984008
0.0982432
0.0980838
0.0979226
0.0977596
0.0975948
0.0974282
0.0972599
0.0970897
0.0969178
0.0967442
0.0965688
0.0963916
0.0962127
0.0960321
0.0958498
0.0956657
0.0954799
0.0952925
0.0951033
0.0949124
0.0947199
0.0945257
0.0943298
0.0941323
0.0939331
0.0937323
0.0935298
0.0933258
0.0931201
0.0929128
0.0927039
0.0924934
0.0922813
0.0920676
0.0918524
0.0916356
0.0914173
0.0911974
0.090976
0.090753
0.0905286
0.0903026
0.0900752
0.0898462
0.0896158
0.0893839
0.0891505
0.0889157
0.0886795
0.0884418
0.0882027
0.0879622
0.0877202
0.0874769
0.0872322
0.0869861
0.0867386
0.0864898
0.0862396
0.0859881
0.0857353
0.0854812
0.0852257
0.084969
0.0847109
0.0844516
0.084191
0.0839292
0.0836661
0.0834018
0.0831362
0.0828695
0.0826015
0.0823324
0.082062
0.0817905
0.0815178
0.081244
0.080969
0.0806929
0.0804157
0.0801374
0.079858
0.0795774
0.0792959
0.0790132
0.0787295
0.0784448
0.078159
0.0778722
0.0775844
0.0772957
0.0770059
0.0767151
0.0764234
0.0761308
0.0758372
0.0755426
0.0752472
0.0749509
0.0746536
0.0743555
0.0740565
0.0737567
0.073456
0.0731545
0.0728522
0.072549
0.0722451
0.0719403
0.0716348
0.0713286
0.0710216
0.0707138
0.0704053
0.0700962
0.0697863
0.0694757
0.0691644
0.0688525
0.06854
0.0682268
0.0679129
0.0675985
0.0672835
0.0669678
0.0666516
0.0663348
0.0660175
0.0656996
0.0653812
0.0650623
0.0647429
0.064423
0.0641027
0.0637818
0.0634605
0.0631388
0.0628167
0.0624941
0.0621711
0.0618478
0.0615241
0.0612
0.0608755
0.0605508
0.0602257
0.0599003
0.0595746
0.0592486
0.0589223
0.0585958
0.058269
0.057942
0.0576148
0.0572874
0.0569598
0.056632
0.056304
0.0559759
0.0556476
0.0553192
0.0549907
0.054662
0.0543333
0.0540045
0.0536757
0.0533468
0.0530178
0.0526889
0.0523599
0.0520309
0.0517019
0.051373
0.0510441
0.0507152
0.0503864
0.0500577
0.0497291
0.0494006
0.0490722
0.0487439
0.0484158
0.0480878
0.04776
0.0474324
0.047105
0.0467777
0.0464507
0.046124
0.0457974
0.0454712
0.0451452
0.0448195
0.0444941
0.044169
0.0438442
0.0435198
0.0431957
0.042872
0.0425486
0.0422257
0.0419031
0.0415809
0.0412592
0.0409379
0.0406171
0.0402967
0.0399768
0.0396574
0.0393385
0.0390201
0.0387022
0.0383849
0.0380681
0.0377519
0.0374363
0.0371213
0.0368068
0.036493
0.0361798
0.0358672
0.0355553
0.0352441
0.0349335
0.0346236
0.0343144
0.0340059
0.0336982
0.0333912
0.0330849
0.0327794
0.0324747
0.0321707
0.0318676
0.0315653
0.0312637
0.0309631
0.0306632
0.0303642
0.0300661
0.0297689
0.0294725
0.0291771
0.0288826
0.028589
0.0282963
0.0280046
0.0277139
0.0274241
0.0271353
0.0268475
0.0265607
0.026275
0.0259902
0.0257065
0.0254239
0.0251423
0.0248618
0.0245824
0.0243041
0.0240268
0.0237507
0.0234758
0.0232019
0.0229293
0.0226577
0.0223874
0.0221182
0.0218503
0.0215835
0.021318
0.0210536
0.0207906
0.0205287
0.0202681
0.0200088
0.0197508
0.019494
0.0192386
0.0189844
0.0187316
0.0184801
0.0182299
0.0179811
0.0177337
0.0174876
0.0172429
0.0169995
0.0167576
0.0165171
0.016278
0.0160403
0.015804
0.0155692
0.0153359
0.015104
0.0148735
0.0146446
0.0144171
0.0141912
0.0139667
0.0137438
0.0135224
0.0133025
0.0130842
0.0128674
0.0126521
0.0124385
0.0122264
0.0120159
0.011807
0.0115997
0.011394
0.0111899
0.0109875
0.0107866
0.0105875
0.0103899
0.0101941
0.00999985
0.00980731
0.00961645
0.00942729
0.00923981
0.00905404
0.00886998
0.00868763
0.00850701
0.00832812
0.00815097
0.00797556
0.00780191
0.00763002
0.00745989
0.00729153
0.00712495
0.00696016
0.00679716
0.00663596
0.00647657
0.00631898
0.00616322
0.00600927
0.00585716
0.00570689
0.00555845
0.00541186
0.00526713
0.00512425
0.00498324
0.0048441
0.00470684
0.00457146
0.00443796
0.00430636
0.00417665
0.00404885
0.00392295
0.00379896
0.00367689
0.00355675
0.00343853
0.00332224
0.00320789
0.00309548
0.00298501
0.00287649
0.00276993
0.00266532
0.00256267
0.002462
0.00236329
0.00226655
0.00217179
0.00207902
0.00198823
0.00189942
0.00181261
0.0017278
0.00164498
0.00156417
0.00148536
0.00140856
0.00133377
0.001261
0.00119024
0.0011215
0.00105479
0.000990098
0.000927437
0.000866807
0.00080821
0.000751647
0.000697122
0.000644637
0.000594193
0.000545793
0.000499439
0.000455131
0.000412873
0.000372666
0.000334511
0.00029841
0.000264364
0.000232375
0.000202444
0.000174572
0.00014876
0.000125009
0.00010332
8.36946e-05
6.61328e-05
5.06354e-05
3.72031e-05
2.58364e-05
1.65358e-05
9.30161e-06
4.13412e-06
1.03354e-06
0
1.03354e-06
4.13412e-06
9.30161e-06
1.65358e-05
2.58364e-05
3.72031e-05
5.06354e-05
6.61328e-05
8.36946e-05
0.00010332
0.000125009
0.00014876
0.000174572
0.000202444
0.000232375
0.000264364
0.00029841
0.000334511
0.000372666
0.000412873
0.000455131
0.000499439
0.000545793
0.000594193
0.000644637
0.000697122
0.000751647
0.00080821
0.000866807
0.000927437
0.000990098
0.00105479
0.0011215
0.00119024
0.001261
0.00133377
0.00140856
0.00148536
0.00156417
0.00164498
0.0017278
0.00181261
0.00189942
0.00198823
0.00207902
0.00217179
0.00226655
0.00236329
0.002462
0.00256267
0.00266532
0.00276993
0.00287649
0.00298501
0.00309548
0.00320789
0.00332224
0.00343853
0.00355675
0.00367689
0.00379896
0.00392295
0.00404885
0.00417665
0.00430636
0.00443796
0.00457146
0.00470684
0.0048441
0.00498324
0.00512425
0.00526713
0.00541186
0.00555845
0.00570689
0.00585716
0.00600927
0.00616322
0.00631898
0.00647657
0.00663596
0.00679716
0.00696016
0.00712495
0.00729153
0.00745989
0.00763002
0.00780191
0.00797556
0.00815097
0.00832812
0.00850701
0.00868763
0.00886998
0.00905404
0.00923981
0.00942729
0.00961645
0.00980731
0.00999985
0.0101941
0.0103899
0.0105875
0.0107866
0.0109875
0.0111899
0.011394
0.0115997
0.011807
0.0120159
0.0122264
0.0124385
0.0126521
0.0128674
0.0130842
0.0133025
0.0135224
0.0137438
0.0139667
0.0141912
0.0144171
0.0146446
0.0148735
0.015104
0.0153359
0.0155692
0.015804
0.0160403
0.016278
0.0165171
0.0167576
0.0169995
0.0172429
0.0174876
0.0177337
0.0179811
0.0182299
0.0184801
0.0187316
0.0189844
0.0192386
0.019494
0.0197508
0.0200088
0.0202681
0.0205287
0.0207906
0.0210536
0.021318
0.0215835
0.0218503
0.0221182
0.0223874
0.0226577
0.0229293
0.0232019
0.0234758
0.0237507
0.0240268
0.0243041
0.0245824
0.0248618
0.0251423
0.0254239
0.0257065
0.0259902
0.026275
0.0265607
0.0268475
0.0271353
0.0274241
0.0277139
0.0280046
0.0282963
0.028589
0.0288826
0.0291771
0.0294725
0.0297689
0.0300661
0.0303642
0.0306632
0.0309631
0.0312637
0.0315653
0.0318676
0.0321707
0.0324747
0.0327794
0.0330849
0.0333912
0.0336982
0.0340059
0.0343144
0.0346236
0.0349335
0.0352441
0.0355553
0.0358672
0.0361798
0.036493
0.0368068
0.0371213
0.0374363
0.0377519
0.0380681
0.0383849
0.0387022
0.0390201
0.0393385
0.0396574
0.0399768
0.0402967
0.0406171
0.0409379
0.0412592
0.0415809
0.0419031
0.0422257
0.0425486
0.042872
0.0431957
0.0435198
0.0438442
0.044169
0.0444941
0.0448195
0.0451452
0.0454712
0.0457974
0.046124
0.0464507
0.0467777
0.047105
0.0474324
0.04776
0.0480878
0.0484158
0.0487439
0.0490722
0.0494006
0.0497291
0.0500577
0.0503864
0.0507152
0.0510441
0.051373
0.0517019
0.0520309
0.0523599
0.0526889
0.0530178
0.0533468
0.0536757
0.0540045
0.0543333
0.054662
0.0549907
0.0553192
0.0556476
0.0559759
0.056304
0.056632
0.0569598
0.0572874
0.0576148
0.057942
0.058269
0.0585958
0.0589223
0.0592486
0.0595746
0.0599003
0.0602257
0.0605508
0.0608755
0.0612
0.0615241
0.0618478
0.0621711
0.0624941
0.0628167
0.0631388
0.0634605
0.0637818
0.0641027
0.064423
0.0647429
0.0650623
0.0653812
0.0656996
0.0660175
0.0663348
0.0666516
0.0669678
0.0672835
0.0675985
0.0679129
0.0682268
0.06854
0.0688525
0.0691644
0.0694757
0.0697863
0.0700962
0.0704053
0.0707138
0.0710216
0.0713286
0.0716348
0.0719403
0.0722451
0.072549
0.0728522
0.0731545
0.073456
0.0737567
0.0740565
0.0743555
0.0746536
0.0749509
0.0752472
0.0755426
0.0758372
0.0761308
0.0764234
0.0767151
0.0770059
0.0772957
0.0775844
0.0778722
0.078159
0.0784448
0.0787295
0.0790132
0.0792959
0.0795774
0.079858
0.0801374
0.0804157
0.0806929
0.080969
0.081244
0.0815178
0.0817905
0.082062
0.0823324
0.0826015
0.0828695
0.0831362
0.0834018
0.0836661
0.0839292
0.084191
0.0844516
0.0847109
0.084969
0.0852257
0.0854812
0.0857353
0.0859881
0.0862396
0.0864898
0.0867386
0.0869861
0.0872322
0.0874769
0.0877202
0.0879622
0.0882027
0.0884418
0.0886795
0.0889157
0.0891505
0.0893839
0.0896158
0.0898462
0.0900752
0.0903026
0.0905286
0.090753
0.090976
0.0911974
0.0914173
0.0916356
0.0918524
0.0920676
0.0922813
0.0924934
0.0927039
0.0929128
0.0931201
0.0933258
0.0935298
0.0937323
0.0939331
0.0941323
0.0943298
0.0945257
0.0947199
0.0949124
0.0951033
0.0952925
0.0954799
0.0956657
0.0958498
0.0960321
0.0962127
0.0963916
0.0965688
0.0967442
0.0969178
0.0970897
0.0972599
0.0974282
0.0975948
0.0977596
0.0979226
0.0980838
0.0982432
0.0984008
0.0985565
0.0987105
0.0988626
0.0990129
0.0991613
0.0993079
0.0994526
0.0995955
0.0997365
0.0998757
0.100013
0.100148
0.100282
0.100413
0.100543
0.100671
0.100797
0.100921
0.101043
0.101163
0.101281
0.101398
0.101512
0.101624
0.101735
0.101843
0.10195
0.102054
0.102157
0.102258
0.102356
0.102453
0.102548
0.102641
0.102732
0.10282
0.102907
0.102992
0.103075
0.103156
0.103234
0.103311
0.103386
0.103459
0.10353
0.103598
0.103665
0.10373
0.103792
0.103853
0.103912
0.103968
0.104023
0.104075
0.104126
0.104174
0.10422
0.104265
0.104307
0.104347
0.104385
0.104421
0.104455
0.104487
0.104517
0.104545
0.104571
0.104595
0.104616
0.104636
0.104654
0.104669
0.104683
0.104694
0.104703
0.10471
0.104716
0.104719
0.10472
0.104719
0.104716
0.10471
0.104703
0.104694
0.104683
0.104669
0.104654
0.104636
0.104616
0.104595
0.104571
0.104545
0.104517
0.104487
0.104455
0.104421
0.104385
0.104347
0.104307
0.104265
0.10422
0.104174
0.104126
0.104075
0.104023
0.103968
0.103912
0.103853
0.103792
0.10373
0.103665
0.103598
0.10353
0.103459
0.103386
0.103311
0.103234
0.103156
0.103075
0.102992
0.102907
0.10282
0.102732
0.102641
0.102548
0.102453
0.102356
0.102258
0.102157
0.102054
0.10195
0.101843
0.101735
0.101624
0.101512
0.101398
0.101281
0.101163
0.101043
0.100921
0.100797
0.100671
0.100543
0.100413
0.100282
0.100148
0.100013
0.0998757
0.0997365
0.0995955
0.0994526
0.0993079
0.0991613
0.0990129
0.0988626
0.0987105
0.0985565
0.0984008
0.0982432
0.0980838
0.0979226
0.0977596
0.0975948
0.0974282
0.0972599
0.0970897
0.0969178
0.0967442
0.0965688
0.0963916
0.0962127
0.0960321
0.0958498
0.0956657
0.0954799
0.0952925
0.0951033
0.0949124
0.0947199
0.0945257
0.0943298
0.0941323
0.0939331
0.0937323
0.0935298
0.0933258
0.0931201
0.0929128
0.0927039
0.0924934
0.0922813
0.0920676
0.0918524
0.0916356
0.0914173
0.0911974
0.090976
0.090753
0.0905286
0.0903026
0.0900752
0.0898462
0.0896158
0.0893839
0.0891505
0.0889157
0.0886795
0.0884418
0.0882027
0.0879622
0.0877202
0.0874769
0.0872322
0.0869861
0.0867386
0.0864898
0.0862396
0.0859881
0.0857353
0.0854812
0.0852257
0.084969
0.0847109
0.0844516
0.084191
0.0839292
0.0836661
0.0834018
0.0831362
0.0828695
0.0826015
0.0823324
0.082062
0.0817905
0.0815178
0.081244
0.080969
0.0806929
0.0804157
0.0801374
0.079858
0.0795774
0.0792959
0.0790132
0.0787295
0.0784448
0.078159
0.0778722
0.0775844
0.0772957
0.0770059
0.0767151
0.0764234
0.0761308
0.0758372
0.0755426
0.0752472
0.0749509
0.0746536
0.0743555
0.0740565
0.0737567
0.073456
0.0731545
0.0728522
0.072549
0.0722451
0.0719403
0.0716348
0.0713286
0.0710216
0.0707138
0.0704053
0.0700962
0.0697863
0.0694757
0.0691644
0.0688525
0.06854
0.0682268
0.0679129
0.0675985
0.0672835
0.0669678
0.0666516
0.0663348
0.0660175
0.0656996
0.0653812
0.0650623
0.0647429
0.064423
0.0641027
0.0637818
0.0634605
0.0631388
0.0628167
0.0624941
0.0621711
0.0618478
0.0615241
0.0612
0.0608755
0.0605508
0.0602257
0.0599003
0.0595746
0.0592486
0.0589223
0.0585958
0.058269
0.057942
0.0576148
0.0572874
0.0569598
0.056632
0.056304
0.0559759
0.0556476
0.0553192
0.0549907
0.054662
0.0543333
0.0540045
0.0536757
0.0533468
0.0530178
0.0526889
0.0523599
0.0520309
0.0517019
0.051373
0.0510441
0.0507152
0.0503864
0.0500577
0.0497291
0.0494006
0.0490722
0.0487439
0.0484158
0.0480878
0.04776
0.0474324
0.047105
0.0467777
0.0464507
0.046124
0.0457974
0.0454712
0.0451452
0.0448195
0.0444941
0.044169
0.0438442
0.0435198
0.0431957
0.042872
0.0425486
0.0422257
0.0419031
0.0415809
0.0412592
0.0409379
0.0406171
0.0402967
0.0399768
0.0396574
0.0393385
0.0390201
0.0387022
0.0383849
0.0380681
0.0377519
0.0374363
0.0371213
0.0368068
0.036493
0.0361798
0.0358672
0.0355553
0.0352441
0.0349335
0.0346236
0.0343144
0.0340059
0.0336982
0.0333912
0.0330849
0.0327794
0.0324747
0.0321707
0.0318676
0.0315653
0.0312637
0.0309631
0.0306632
0.0303642
0.0300661
0.0297689
0.0294725
0.0291771
0.0288826
0.028589
0.0282963
0.0280046
0.0277139
0.0274241
0.0271353
0.0268475
0.0265607
0.026275
0.0259902
0.0257065
0.0254239
0.0251423
0.0248618
0.0245824
0.0243041
0.0240268
0.0237507
0.0234758
0.0232019
0.0229293
0.0226577
0.0223874
0.0221182
0.0218503
0.0215835
0.021318
0.0210536
0.0207906
0.0205287
0.0202681
0.0200088
0.0197508
0.019494
0.0192386
0.0189844
0.0187316
0.0184801
0.0182299
0.0179811
0.0177337
0.0174876
0.0172429
0.0169995
0.0167576
0.0165171
0.016278
0.0160403
0.015804
0.0155692
0.0153359
0.015104
0.0148735
0.0146446
0.0144171
0.0141912
0.0139667
0.0137438
0.0135224
0.0133025
0.0130842
0.0128674
0.0126521
0.0124385
0.0122264
0.0120159
0.011807
0.0115997
0.011394
0.0111899
0.0109875
0.0107866
0.0105875
0.0103899
0.0101941
0.00999985
0.00980731
0.00961645
0.00942729
0.00923981
0.00905404
0.00886998
0.00868763
0.00850701
0.00832812
0.00815097
0.00797556
0.00780191
0.00763002
0.00745989
0.00729153
0.00712495
0.00696016
0.00679716
0.00663596
0.00647657
0.00631898
0.00616322
0.00600927
0.00585716
0.00570689
0.00555845
0.00541186
0.00526713
0.00512425
0.00498324
0.0048441
0.00470684
0.00457146
0.00443796
0.00430636
0.00417665
0.00404885
0.00392295
0.00379896
0.00367689
0.00355675
0.00343853
0.00332224
0.00320789
0.00309548
0.00298501
0.00287649
0.00276993
0.00266532
0.00256267
0.002462
0.00236329
0.00226655
0.00217179
0.00207902
0.00198823
0.00189942
0.00181261
0.0017278
0.00164498
0.00156417
0.00148536
0.00140856
0.00133377
0.001261
0.00119024
0.0011215
0.00105479
0.000990098
0.000927437
0.000866807
0.00080821
0.000751647
0.000697122
0.000644637
0.000594193
0.000545793
0.000499439
0.000455131
0.000412873
0.000372666
0.000334511
0.00029841
0.000264364
0.000232375
0.000202444
0.000174572
0.00014876
0.000125009
0.00010332
8.36946e-05
6.61328e-05
5.06354e-05
3.72031e-05
2.58364e-05
1.65358e-05
9.30161e-06
4.13412e-06
1.03354e-06
0
1.03354e-06
4.13412e-06
9.30161e-06
1.65358e-05
2.58364e-05
3.72031e-05
5.06354e-05
6.61328e-05
8.36946e-05
0.00010332
0.000125009
0.00014876
0.000174572
0.000202444
0.000232375
0.000264364
0.00029841
0.000334511
0.000372666
0.000412873
0.000455131
0.000499439
0.000545793
0.000594193
0.000644637
0.000697122
0.000751647
0.00080821
0.000866807
0.000927437
0.000990098
0.00105479
0.0011215
0.00119024
0.001261
0.00133377
0.00140856
0.00148536
0.00156417
0.00164498
0.0017278
0.00181261
0.00189942
0.00198823
0.00207902
0.00217179
0.00226655
0.00236329
0.002462
0.00256267
0.00266532
0.00276993
0.00287649
0.00298501
0.00309548
0.00320789
0.00332224
0.00343853
0.00355675
0.00367689
0.00379896
0.00392295
0.00404885
0.00417665
0.00430636
0.00443796
0.00457146
0.00470684
0.0048441
0.00498324
0.00512425
0.00526713
0.00541186
0.00555845
0.00570689
0.00585716
0.00600927
0.00616322
0.00631898
0.00647657
0.00663596
0.00679716
0.00696016
0.00712495
0.00729153
0.00745989
0.00763002
0.00780191
0.00797556
0.00815097
0.00832812
0.00850701
0.00868763
0.00886998
0.00905404
0.00923981
0.00942729
0.00961645
0.00980731
0.00999985
0.0101941
0.0103899
0.0105875
0.0107866
0.0109875
0.0111899
0.011394
0.0115997
0.011807
0.0120159
0.0122264
0.0124385
0.0126521
0.0128674
0.0130842
0.0133025
0.0135224
0.0137438
0.0139667
0.0141912
0.0144171
0.0146446
0.0148735
0.015104
0.0153359
0.0155692
0.015804
0.0160403
0.016278
0.0165171
0.0167576
0.0169995
0.0172429
0.0174876
0.0177337
0.0179811
0.0182299
0.0184801
0.0187316
0.0189844
0.0192386
0.019494
0.0197508
0.0200088
0.0202681
0.0205287
0.0207906
0.0210536
0.021318
0.0215835
0.0218503
0.0221182
0.0223874
0.0226577
0.0229293
0.0232019
0.0234758
0.0237507
0.0240268
0.0243041
0.0245824
0.0248618
0.0251423
0.0254239
0.0257065
0.0259902
0.026275
0.0265607
0.0268475
0.0271353
0.0274241
0.0277139
0.0280046
0.0282963
0.028589
0.0288826
0.0291771
0.0294725
0.0297689
0.0300661
0.0303642
0.0306632
0.0309631
0.0312637
0.0315653
0.0318676
0.0321707
0.0324747
0.0327794
0.0330849
0.0333912
0.0336982
0.0340059
0.0343144
0.0346236
0.0349335
0.0352441
0.0355553
0.0358672
0.0361798
0.036493
0.0368068
0.0371213
0.0374363
0.0377519
0.0380681
0.0383849
0.0387022
0.0390201
0.0393385
0.0396574
0.0399768
0.0402967
0.0406171
0.0409379
0.0412592
0.0415809
0.0419031
0.0422257
0.0425486
0.042872
0.0431957
0.0435198
0.0438442
0.044169
0.0444941
0.0448195
0.0451452
0.0454712
0.0457974
0.046124
0.0464507
0.0467777
0.047105
0.0474324
0.04776
0.0480878
0.0484158
0.0487439
0.0490722
0.0494006
0.0497291
0.0500577
0.0503864
0.0507152
0.0510441
0.051373
0.0517019
0.0520309
0.0523599
0.0526889
0.0530178
0.0533468
0.0536757
0.0540045
0.0543333
0.054662
0.0549907
0.0553192
0.0556476
0.0559759
0.056304
0.056632
0.0569598
0.0572874
0.0576148
0.057942
0.058269
0.0585958
0.0589223
0.0592486
0.0595746
0.0599003
0.0602257
0.0605508
0.0608755
0.0612
0.0615241
0.0618478
0.0621711
0.0624941
0.0628167
0.0631388
0.0634605
0.0637818
0.0641027
0.064423
0.0647429
0.0650623
0.0653812
0.0656996
0.0660175
0.0663348
0.0666516
0.0669678
0.0672835
0.0675985
0.0679129
0.0682268
0.06854
0.0688525
0.0691644
0.0694757
0.0697863
0.0700962
0.0704053
0.0707138
0.0710216
0.0713286
0.0716348
0.0719403
0.0722451
0.072549
0.0728522
0.0731545
0.073456
0.0737567
0.0740565
0.0743555
0.0746536
0.0749509
0.0752472
0.0755426
0.0758372
0.0761308
0.0764234
0.0767151
0.0770059
0.0772957
0.0775844
0.0778722
0.078159
0.0784448
0.0787295
0.0790132
0.0792959
0.0795774
0.079858
0.0801374
0.0804157
0.0806929
0.080969
0.081244
0.0815178
0.0817905
0.082062
0.0823324
0.0826015
0.0828695
0.0831362
0.0834018
0.0836661
0.0839292
0.084191
0.0844516
0.0847109
0.084969
0.0852257
0.0854812
0.0857353
0.0859881
0.0862396
0.0864898
0.0867386
0.0869861
0.0872322
0.0874769
0.0877202
0.0879622
0.0882027
0.0884418
0.0886795
0.0889157
0.0891505
0.0893839
0.0896158
0.0898462
0.0900752
0.0903026
0.0905286
0.090753
0.090976
0.0911974
0.0914173
0.0916356
0.0918524
0.0920676
0.0922813
0.0924934
0.0927039
0.0929128
0.0931201
0.0933258
0.0935298
0.0937323
0.0939331
0.0941323
0.0943298
0.0945257
0.0947199
0.0949124
0.0951033
0.0952925
0.0954799
0.0956657
0.0958498
0.0960321
0.0962127
0.0963916
0.0965688
0.0967442
0.0969178
0.0970897
0.0972599
0.0974282
0.0975948
0.0977596
0.0979226
0.0980838
0.0982432
0.0984008
0.0985565
0.0987105
0.0988626
0.0990129
0.0991613
0.0993079
0.0994526
0.0995955
0.0997365
0.0998757
0.100013
0.100148
0.100282
0.100413
0.100543
0.100671
0.100797
0.100921
0.101043
0.101163
0.101281
0.101398
0.101512
0.101624
0.101735
0.101843
0.10195
0.102054
0.102157
0.102258
0.102356
0.102453
0.102548
0.102641
0.102732
0.10282
0.102907
0.102992
0.103075
0.103156
0.103234
0.103311
0.103386
0.103459
0.10353
0.103598
0.103665
0.10373
0.103792
0.103853
0.103912
0.103968
0.104023
0.104075
0.104126
0.104174
0.10422
0.104265
0.104307
0.104347
0.104385
0.104421
0.104455
0.104487
0.104517
0.104545
0.104571
0.104595
0.104616
0.104636
0.104654
0.104669
0.104683
0.104694
0.104703
0.10471
0.104716
0.104719
0.10472
0.104719
0.104716
0.10471
0.104703
0.104694
0.104683
0.104669
0.104654
0.104636
0.104616
0.104595
0.104571
0.104545
0.104517
0.104487
0.104455
0.104421
0.104385
0.104347
0.104307
0.104265
0.10422
0.104174
0.104126
0.104075
0.104023
0.103968
0.103912
0.103853
0.103792
0.10373
0.103665
0.103598
0.10353
0.103459
0.103386
0.103311
0.103234
0.103156
0.103075
0.102992
0.102907
0.10282
0.102732
0.102641
0.102548
0.102453
0.102356
0.102258
0.102157
0.102054
0.10195
0.101843
0.101735
0.101624
0.101512
0.101398
0.101281
0.101163
0.101043
0.100921
0.100797
0.100671
0.100543
0.100413
0.100282
0.100148
0.100013
0.0998757
0.0997365
0.0995955
0.0994526
0.0993079
0.0991613
0.0990129
0.0988626
0.0987105
0.0985565
0.0984008
0.0982432
0.0980838
0.0979226
0.0977596
0.0975948
0.0974282
0.0972599
0.0970897
0.0969178
0.0967442
0.0965688
0.0963916
0.0962127
0.0960321
0.0958498
0.0956657
0.0954799
0.0952925
0.0951033
0.0949124
0.0947199
0.0945257
0.0943298
0.0941323
0.0939331
0.0937323
0.0935298
0.0933258
0.0931201
0.0929128
0.0927039
0.0924934
0.0922813
0.0920676
0.0918524
0.0916356
0.0914173
0.0911974
0.090976
0.090753
0.0905286
0.0903026
0.0900752
0.0898462
0.0896158
0.0893839
0.0891505
0.0889157
0.0886795
0.0884418
0.0882027
0.0879622
0.0877202
0.0874769
0.0872322
0.0869861
0.0867386
0.0864898
0.0862396
0.0859881
0.0857353
0.0854812
0.0852257
0.084969
0.0847109
0.0844516
0.084191
0.0839292
0.0836661
0.0834018
0.0831362
0.0828695
0.0826015
0.0823324
0.082062
0.0817905
0.0815178
0.081244
0.080969
0.0806929
0.0804157
0.0801374
0.079858
0.0795774
0.0792959
0.0790132
0.0787295
0.0784448
0.078159
0.0778722
0.0775844
0.0772957
0.0770059
0.0767151
0.0764234
0.0761308
0.0758372
0.0755426
0.0752472
0.0749509
0.0746536
0.0743555
0.0740565
0.0737567
0.073456
0.0731545
0.0728522
0.072549
0.0722451
0.0719403
0.0716348
0.0713286
0.0710216
0.0707138
0.0704053
0.0700962
0.0697863
0.0694757
0.0691644
0.0688525
0.06854
0.0682268
0.0679129
0.0675985
0.0672835
0.0669678
0.0666516
0.0663348
0.0660175
0.0656996
0.0653812
0.0650623
0.0647429
0.064423
0.0641027
0.0637818
0.0634605
0.0631388
0.0628167
0.0624941
0.0621711
0.0618478
0.0615241
0.0612
0.0608755
0.0605508
0.0602257
0.0599003
0.0595746
0.0592486
0.0589223
0.0585958
0.058269
0.057942
0.0576148
0.0572874
0.0569598
0.056632
0.056304
0.0559759
0.0556476
0.0553192
0.0549907
0.054662
0.0543333
0.0540045
0.0536757
0.0533468
0.0530178
0.0526889
0.0523599
0.0520309
0.0517019
0.051373
0.0510441
0.0507152
0.0503864
0.0500577
0.0497291
0.0494006
0.0490722
0.0487439
0.0484158
0.0480878
0.04776
0.0474324
0.047105
0.0467777
0.0464507
0.046124
0.0457974
0.0454712
0.0451452
0.0448195
0.0444941
0.044169
0.0438442
0.0435198
0.0431957
0.042872
0.0425486
0.0422257
0.0419031
0.0415809
0.0412592
0.0409379
0.0406171
0.0402967
0.0399768
0.0396574
0.0393385
0.0390201
0.0387022
0.0383849
0.0380681
0.0377519
0.0374363
0.0371213
0.0368068
0.036493
0.0361798
0.0358672
0.0355553
0.0352441
0.0349335
0.0346236
0.0343144
0.0340059
0.0336982
0.0333912
0.0330849
0.0327794
0.0324747
0.0321707
0.0318676
0.0315653
0.0312637
0.0309631
0.0306632
0.0303642
0.0300661
0.0297689
0.0294725
0.0291771
0.0288826
0.028589
0.0282963
0.0280046
0.0277139
0.0274241
0.0271353
0.0268475
0.0265607
0.026275
0.0259902
0.0257065
0.0254239
0.0251423
0.0248618
0.0245824
0.0243041
0.0240268
0.0237507
0.0234758
0.0232019
0.0229293
0.0226577
0.0223874
0.0221182
0.0218503
0.0215835
0.021318
0.0210536
0.0207906
0.0205287
0.0202681
0.0200088
0.0197508
0.019494
0.0192386
0.0189844
0.0187316
0.0184801
0.0182299
0.0179811
0.0177337
0.0174876
0.0172429
0.0169995
0.0167576
0.0165171
0.016278
0.0160403
0.015804
0.0155692
0.0153359
0.015104
0.0148735
0.0146446
0.0144171
0.0141912
0.0139667
0.0137438
0.0135224
0.0133025
0.0130842
0.0128674
0.0126521
0.0124385
0.0122264
0.0120159
0.011807
0.0115997
0.011394
0.0111899
0.0109875
0.0107866
0.0105875
0.0103899
0.0101941
0.00999985
0.00980731
0.00961645
0.00942729
0.00923981
0.00905404
0.00886998
0.00868763
0.00850701
0.00832812
0.00815097
0.00797556
0.00780191
0.00763002
0.00745989
0.00729153
0.00712495
0.00696016
0.00679716
0.00663596
0.00647657
0.00631898
0.00616322
0.00600927
0.00585716
0.00570689
0.00555845
0.00541186
0.00526713
0.00512425
0.00498324
0.0048441
0.00470684
0.00457146
0.00443796
0.00430636
0.00417665
0.00404885
0.00392295
0.00379896
0.00367689
0.00355675
0.00343853
0.00332224
0.00320789
0.00309548
0.00298501
0.00287649
0.00276993
0.00266532
0.00256267
0.002462
0.00236329
0.00226655
0.00217179
0.00207902
0.00198823
0.00189942
0.00181261
0.0017278
0.00164498
0.00156417
0.00148536
0.00140856
0.00133377
0.001261
0.00119024
0.0011215
0.00105479
0.000990098
0.000927437
0.000866807
0.00080821
0.000751647
0.000697122
0.000644637
0.000594193
0.000545793
0.000499439
0.000455131
0.000412873
0.000372666
0.000334511
0.00029841
0.000264364
0.000232375
0.000202444
0.000174572
0.00014876
0.000125009
0.00010332
8.36946e-05
6.61328e-05
5.06354e-05
3.72031e-05
2.58364e-05
1.65358e-05
9.30161e-06
4.13412e-06
1.03354e-06
0
1.03354e-06
4.13412e-06
9.30161e-06
1.65358e-05
2.58364e-05
3.72031e-05
5.06354e-05
6.61328e-05
8.36946e-05
0.00010332
0.000125009
0.00014876
0.000174572
0.000202444
0.000232375
0.000264364
0.00029841
0.000334511
0.000372666
0.000412873
0.000455131
0.000499439
0.000545793
0.000594193
0.000644637
0.000697122
0.000751647
0.00080821
0.000866807
0.000927437
0.000990098
0.00105479
0.0011215
0.00119024
0.001261
0.00133377
0.00140856
0.00148536
0.00156417
0.00164498
0.0017278
0.00181261
0.00189942
0.00198823
0.00207902
0.00217179
0.00226655
0.00236329
0.002462
0.00256267
0.00266532
0.00276993
0.00287649
0.00298501
0.00309548
0.00320789
0.00332224
0.00343853
0.00355675
0.00367689
0.00379896
0.00392295
0.00404885
0.00417665
0.00430636
0.00443796
0.00457146
0.00470684
0.0048441
0.00498324
0.00512425
0.00526713
0.00541186
0.00555845
0.00570689
0.00585716
0.00600927
0.00616322
0.00631898
0.00647657
0.00663596
0.00679716
0.00696016
0.00712495
0.00729153
0.00745989
0.00763002
0.00780191
0.00797556
0.00815097
0.00832812
0.00850701
0.00868763
0.00886998
0.00905404
0.00923981
0.00942729
0.00961645
0.00980731
0.00999985
0.0101941
0.0103899
0.0105875
0.0107866
0.0109875
0.0111899
0.011394
0.0115997
0.011807
0.0120159
0.0122264
0.0124385
0.0126521
0.0128674
0.0130842
0.0133025
0.0135224
0.0137438
0.0139667
0.0141912
0.0144171
0.0146446
0.0148735
0.015104
0.0153359
0.0155692
0.015804
0.0160403
0.016278
0.0165171
0.0167576
0.0169995
0.0172429
0.0174876
0.0177337
0.0179811
0.0182299
0.0184801
0.0187316
0.0189844
0.0192386
0.019494
0.0197508
0.0200088
0.0202681
0.0205287
0.0207906
0.0210536
0.021318
0.0215835
0.0218503
0.0221182
0.0223874
0.0226577
0.0229293
0.0232019
0.0234758
0.0237507
0.0240268
0.0243041
0.0245824
0.0248618
0.0251423
0.0254239
0.0257065
0.0259902
0.026275
0.0265607
0.0268475
0.0271353
0.0274241
0.0277139
0.0280046
0.0282963
0.028589
0.0288826
0.0291771
0.0294725
0.0297689
0.0300661
0.0303642
0.0306632
0.0309631
0.0312637
0.0315653
0.0318676
0.0321707
0.0324747
0.0327794
0.0330849
0.0333912
0.0336982
0.0340059
0.0343144
0.0346236
0.0349335
0.0352441
0.0355553
0.0358672
0.0361798
0.036493
0.0368068
0.0371213
0.0374363
0.0377519
0.0380681
0.0383849
0.0387022
0.0390201
0.0393385
0.0396574
0.0399768
0.0402967
0.0406171
0.0409379
0.0412592
0.0415809
0.0419031
0.0422257
0.0425486
0.042872
0.0431957
0.0435198
0.0438442
0.044169
0.0444941
0.0448195
0.0451452
0.0454712
0.0457974
0.046124
0.0464507
0.0467777
0.047105
0.0474324
0.04776
0.0480878
0.0484158
0.0487439
0.0490722
0.0494006
0.0497291
0.0500577
0.0503864
0.0507152
0.0510441
0.051373
0.0517019
0.0520309
0.0523599
0.0526889
0.0530178
0.0533468
0.0536757
0.0540045
0.0543333
0.054662
0.0549907
0.0553192
0.0556476
0.0559759
0.056304
0.056632
0.0569598
0.0572874
0.0576148
0.057942
0.058269
0.0585958
0.0589223
0.0592486
0.0595746
0.0599003
0.0602257
0.0605508
0.0608755
0.0612
0.0615241
0.0618478
0.0621711
0.0624941
0.0628167
0.0631388
0.0634605
0.0637818
0.0641027
0.064423
0.0647429
0.0650623
0.0653812
0.0656996
0.0660175
0.0663348
0.0666516
0.0669678
0.0672835
0.0675985
0.0679129
0.0682268
0.06854
0.0688525
0.0691644
0.0694757
0.0697863
0.0700962
0.0704053
0.0707138
0.0710216
0.0713286
0.0716348
0.0719403
0.0722451
0.072549
0.0728522
0.0731545
0.073456
0.0737567
0.0740565
0.0743555
0.0746536
0.0749509
0.0752472
0.0755426
0.0758372
0.0761308
0.0764234
0.0767151
0.0770059
0.0772957
0.0775844
0.0778722
0.078159
0.0784448
0.0787295
0.0790132
0.0792959
0.0795774
0.079858
0.0801374
0.0804157
0.0806929
0.080969
0.081244
0.0815178
0.0817905
0.082062
0.0823324
0.0826015
0.0828695
0.0831362
0.0834018
0.0836661
0.0839292
0.084191
0.0844516
0.0847109
0.084969
0.0852257
0.0854812
0.0857353
0.0859881
0.0862396
0.0864898
0.0867386
0.0869861
0.0872322
0.0874769
0.0877202
0.0879622
0.0882027
0.0884418
0.0886795
0.0889157
0.0891505
0.0893839
0.0896158
0.0898462
0.0900752
0.0903026
0.0905286
0.090753
0.090976
0.0911974
0.0914173
0.0916356
0.0918524
0.0920676
0.0922813
0.0924934
0.0927039
0.0929128
0.0931201
0.0933258
0.0935298
0.0937323
0.0939331
0.0941323
0.0943298
0.0945257
0.0947199
0.0949124
0.0951033
0.0952925
0.0954799
0.0956657
0.0958498
0.0960321
0.0962127
0.0963916
0.0965688
0.0967442
0.0969178
0.0970897
0.0972599
0.0974282
0.0975948
0.0977596
0.0979226
0.0980838
0.0982432
0.0984008
0.0985565
0.0987105
0.0988626
0.0990129
0.0991613
0.0993079
0.0994526
0.0995955
0.0997365
0.0998757
0.100013
0.100148
0.100282
0.100413
0.100543
0.100671
0.100797
0.100921
0.101043
0.101163
0.101281
0.101398
0.101512
0.101624
0.101735
0.101843
0.10195
0.102054
0.102157
0.102258
0.102356
0.102453
0.102548
0.102641
0.102732
0.10282
0.102907
0.102992
0.103075
0.103156
0.103234
0.103311
0.103386
0.103459
0.10353
0.103598
0.103665
0.10373
0.103792
0.103853
0.103912
0.103968
0.104023
0.104075
0.104126
0.104174
0.10422
0.104265
0.104307
0.104347
0.104385
0.104421
0.104455
0.104487
0.104517
0.104545
0.104571
0.104595
0.104616
0.104636
0.104654
0.104669
0.104683
0.104694
0.104703
0.10471
0.104716
0.104719
0.10472
0.104719
0.104716
0.10471
0.104703
0.104694
0.104683
0.104669
0.104654
0.104636
0.104616
0.104595
0.104571
0.104545
0.104517
0.104487
0.104455
0.104421
0.104385
0.104347
0.104307
0.104265
0.10422
0.104174
0.104126
0.104075
0.104023
0.103968
0.103912
0.103853
0.103792
0.10373
0.103665
0.103598
0.10353
0.103459
0.103386
0.103311
0.103234
0.103156
0.103075
0.102992
0.102907
0.10282
0.102732
0.102641
0.102548
0.102453
0.102356
0.102258
0.102157
0.102054
0.10195
0.101843
0.101735
0.101624
0.101512
0.101398
0.101281
0.101163
0.101043
0.100921
0.100797
0.100671
0.100543
0.100413
0.100282
0.100148
0.100013
0.0998757
0.0997365
0.0995955
0.0994526
0.0993079
0.0991613
0.0990129
0.0988626
0.0987105
0.0985565
0.0984008
0.0982432
0.0980838
0.0979226
0.0977596
0.0975948
0.0974282
0.0972599
0.0970897
0.0969178
0.0967442
0.0965688
0.0963916
0.0962127
0.0960321
0.0958498
0.0956657
0.0954799
0.0952925
0.0951033
0.0949124
0.0947199
0.0945257
0.0943298
0.0941323
0.0939331
0.0937323
0.0935298
0.0933258
0.0931201
0.0929128
0.0927039
0.0924934
0.0922813
0.0920676
0.0918524
0.0916356
0.0914173
0.0911974
0.090976
0.090753
0.0905286
0.0903026
0.0900752
0.0898462
0.0896158
0.0893839
0.0891505
0.0889157
0.0886795
0.0884418
0.0882027
0.0879622
0.0877202
0.0874769
0.0872322
0.0869861
0.0867386
0.0864898
0.0862396
0.0859881
0.0857353
0.0854812
0.0852257
0.084969
0.0847109
0.0844516
0.084191
0.0839292
0.0836661
0.0834018
0.0831362
0.0828695
0.0826015
0.0823324
0.082062
0.0817905
0.0815178
0.081244
0.080969
0.0806929
0.0804157
0.0801374
0.079858
0.0795774
0.0792959
0.0790132
0.0787295
0.0784448
0.078159
0.0778722
0.0775844
0.0772957
0.0770059
0.0767151
0.0764234
0.0761308
0.0758372
0.0755426
0.0752472
0.0749509
0.0746536
0.0743555
0.0740565
0.0737567
0.073456
0.0731545
0.0728522
0.072549
0.0722451
0.0719403
0.0716348
0.0713286
0.0710216
0.0707138
0.0704053
0.0700962
0.0697863
0.0694757
0.0691644
0.0688525
0.06854
0.0682268
0.0679129
0.0675985
0.0672835
0.0669678
0.0666516
0.0663348
0.0660175
0.0656996
0.0653812
0.0650623
0.0647429
0.064423
0.0641027
0.0637818
0.0634605
0.0631388
0.0628167
0.0624941
0.0621711
0.0618478
0.0615241
0.0612
0.0608755
0.0605508
0.0602257
0.0599003
0.0595746
0.0592486
0.0589223
0.0585958
0.058269
0.057942
0.0576148
0.0572874
0.0569598
0.056632
0.056304
0.0559759
0.0556476
0.0553192
0.0549907
0.054662
0.0543333
0.0540045
0.0536757
0.0533468
0.0530178
0.0526889
0.0523599
0.0520309
0.0517019
0.051373
0.0510441
0.0507152
0.0503864
0.0500577
0.0497291
0.0494006
0.0490722
0.0487439
0.0484158
0.0480878
0.04776
0.0474324
0.047105
0.0467777
0.0464507
0.046124
0.0457974
0.0454712
0.0451452
0.0448195
0.0444941
0.044169
0.0438442
0.0435198
0.0431957
0.042872
0.0425486
0.0422257
0.0419031
0.0415809
0.0412592
0.0409379
0.0406171
0.0402967
0.0399768
0.0396574
0.0393385
0.0390201
0.0387022
0.0383849
0.0380681
0.0377519
0.0374363
0.0371213
0.0368068
0.036493
0.0361798
0.0358672
0.0355553
0.0352441
0.0349335
0.0346236
0.0343144
0.0340059
0.0336982
0.0333912
0.0330849
0.0327794
0.0324747
0.0321707
0.0318676
0.0315653
0.0312637
0.0309631
0.0306632
0.0303642
0.0300661
0.0297689
0.0294725
0.0291771
0.0288826
0.028589
0.0282963
0.0280046
0.0277139
0.0274241
0.0271353
0.0268475
0.0265607
0.026275
0.0259902
0.0257065
0.0254239
0.0251423
0.0248618
0.0245824
0.0243041
0.0240268
0.0237507
0.0234758
0.0232019
0.0229293
0.0226577
0.0223874
0.0221182
0.0218503
0.0215835
0.021318
0.0210536
0.0207906
0.0205287
0.0202681
0.0200088
0.0197508
0.019494
0.0192386
0.0189844
0.0187316
0.0184801
0.0182299
0.0179811
0.0177337
0.0174876
0.0172429
0.0169995
0.0167576
0.0165171
0.016278
0.0160403
0.015804
0.0155692
0.0153359
0.015104
0.0148735
0.0146446
0.0144171
0.0141912
0.0139667
0.0137438
0.0135224
0.0133025
0.0130842
0.0128674
0.0126521
0.0124385
0.0122264
0.0120159
0.011807
0.0115997
0.011394
0.0111899
0.0109875
0.0107866
0.0105875
0.0103899
0.0101941
0.00999985
0.00980731
0.00961645
0.00942729
0.00923981
0.00905404
0.00886998
0.00868763
0.00850701
0.00832812
0.00815097
0.00797556
0.00780191
0.00763002
0.00745989
0.00729153
0.00712495
0.00696016
0.00679716
0.00663596
0.00647657
0.00631898
0.00616322
0.00600927
0.00585716
0.00570689
0.00555845
0.00541186
0.00526713
0.00512425
0.00498324
0.0048441
0.00470684
0.00457146
0.00443796
0.00430636
0.00417665
0.00404885
0.00392295
0.00379896
0.00367689
0.00355675
0.00343853
0.00332224
0.00320789
0.00309548
0.00298501
0.00287649
0.00276993
0.00266532
0.00256267
0.002462
0.00236329
0.00226655
0.00217179
0.00207902
0.00198823
0.00189942
0.00181261
0.0017278
0.00164498
0.00156417
0.00148536
0.00140856
0.00133377
0.001261
0.00119024
0.0011215
0.00105479
0.000990098
0.000927437
0.000866807
0.00080821
0.000751647
0.000697122
0.000644637
0.000594193
0.000545793
0.000499439
0.000455131
0.000412873
0.000372666
0.000334511
0.00029841
0.000264364
0.000232375
0.000202444
0.000174572
0.00014876
0.000125009
0.00010332
8.36946e-05
6.61328e-05
5.06354e-05
3.72031e-05
2.58364e-05
1.65358e-05
9.30161e-06
4.13412e-06
1.03354e-06
0
1.03354e-06
4.13412e-06
9.30161e-06
1.65358e-05
2.58364e-05
3.72031e-05
5.06354e-05
6.61328e-05
8.36946e-05
0.00010332
0.000125009
0.00014876
0.000174572
0.000202444
0.000232375
0.000264364
0.00029841
0.000334511
0.000372666
0.000412873
0.000455131
0.000499439
0.000545793
0.000594193
0.000644637
0.000697122
0.000751647
0.00080821
0.000866807
0.000927437
0.000990098
0.00105479
0.0011215
0.00119024
0.001261
0.00133377
0.00140856
0.00148536
0.00156417
0.00164498
0.0017278
0.00181261
0.00189942
0.00198823
0.00207902
0.00217179
0.00226655
0.00236329
0.002462
0.00256267
0.00266532
0.00276993
0.00287649
0.00298501
0.00309548
0.00320789
0.00332224
0.00343853
0.00355675
0.00367689
0.00379896
0.00392295
0.00404885
0.00417665
0.00430636
0.00443796
0.00457146
0.00470684
0.0048441
0.00498324
0.00512425
0.00526713
0.00541186
0.00555845
0.00570689
0.00585716
0.00600927
0.00616322
0.00631898
0.00647657
0.00663596
0.00679716
0.00696016
0.00712495
0.00729153
0.00745989
0.00763002
0.00780191
0.00797556
0.00815097
0.00832812
0.00850701
0.00868763
0.00886998
0.00905404
0.00923981
0.00942729
0.00961645
0.00980731
0.00999985
0.0101941
0.0103899
0.0105875
0.0107866
0.0109875
0.0111899
0.011394
0.0115997
0.011807
0.0120159
0.0122264
0.0124385
0.0126521
0.0128674
0.0130842
0.0133025
0.0135224
0.0137438
0.0139667
0.0141912
0.0144171
0.0146446
0.0148735
0.015104
0.0153359
0.0155692
0.015804
0.0160403
0.016278
0.0165171
0.0167576
0.0169995
0.0172429
0.0174876
0.0177337
0.0179811
0.0182299
0.0184801
0.0187316
0.0189844
0.0192386
0.019494
0.0197508
0.0200088
0.0202681
0.0205287
0.0207906
0.0210536
0.021318
0.0215835
0.0218503
0.0221182
0.0223874
0.0226577
0.0229293
0.0232019
0.0234758
0.0237507
0.0240268
0.0243041
0.0245824
0.0248618
0.0251423
0.0254239
0.0257065
0.0259902
0.026275
0.0265607
0.0268475
0.0271353
0.0274241
0.0277139
0.0280046
0.0282963
0.028589
0.0288826
0.0291771
0.0294725
0.0297689
0.0300661
0.0303642
0.0306632
0.0309631
0.0312637
0.0315653
0.0318676
0.0321707
0.0324747
0.0327794
0.0330849
0.0333912
0.0336982
0.0340059
0.0343144
0.0346236
0.0349335
0.0352441
0.0355553
0.0358672
0.0361798
0.036493
0.0368068
0.0371213
0.0374363
0.0377519
0.0380681
0.0383849
0.0387022
0.0390201
0.0393385
0.0396574
0.0399768
0.0402967
0.0406171
0.0409379
0.0412592
0.0415809
0.0419031
0.0422257
0.0425486
0.042872
0.0431957
0.0435198
0.0438442
0.044169
0.0444941
0.0448195
0.0451452
0.0454712
0.0457974
0.046124
0.0464507
0.0467777
0.047105
0.0474324
0.04776
0.0480878
0.0484158
0.0487439
0.0490722
0.0494006
0.0497291
0.0500577
0.0503864
0.0507152
0.0510441
0.051373
0.0517019
0.0520309
0.0523599
0.0526889
0.0530178
0.0533468
0.0536757
0.0540045
0.0543333
0.054662
0.0549907
0.0553192
0.0556476
0.0559759
0.056304
0.056632
0.0569598
0.0572874
0.0576148
0.057942
0.058269
0.0585958
0.0589223
0.0592486
0.0595746
0.0599003
0.0602257
0.0605508
0.0608755
0.0612
0.0615241
0.0618478
0.0621711
0.0624941
0.0628167
0.0631388
0.0634605
0.0637818
0.0641027
0.064423
0.0647429
0.0650623
0.0653812
0.0656996
0.0660175
0.0663348
0.0666516
0.0669678
0.0672835
0.0675985
0.0679129
0.0682268
0.06854
0.0688525
0.0691644
0.0694757
0.0697863
0.0700962
0.0704053
0.0707138
0.0710216
0.0713286
0.0716348
0.0719403
0.0722451
0.072549
0.0728522
0.0731545
0.073456
0.0737567
0.0740565
0.0743555
0.0746536
0.0749509
0.0752472
0.0755426
0.0758372
0.0761308
0.0764234
0.0767151
0.0770059
0.0772957
0.0775844
0.0778722
0.078159
0.0784448
0.0787295
0.0790132
0.0792959
0.0795774
0.079858
0.0801374
0.0804157
0.0806929
0.080969
0.081244
0.0815178
0.0817905
0.082062
0.0823324
0.0826015
0.0828695
0.0831362
0.0834018
0.0836661
0.0839292
0.084191
0.0844516
0.0847109
0.084969
0.0852257
0.0854812
0.0857353
0.0859881
0.0862396
0.0864898
0.0867386
0.0869861
0.0872322
0.0874769
0.0877202
0.0879622
0.0882027
0.0884418
0.0886795
0.0889157
0.0891505
0.0893839
0.0896158
0.0898462
0.0900752
0.0903026
0.0905286
0.090753
0.090976
0.0911974
0.0914173
0.0916356
0.0918524
0.0920676
0.0922813
0.0924934
0.0927039
0.0929128
0.0931201
0.0933258
0.0935298
0.0937323
0.0939331
0.0941323
0.0943298
0.0945257
0.0947199
0.0949124
0.0951033
0.0952925
0.0954799
0.0956657
0.0958498
0.0960321
0.0962127
0.0963916
0.0965688
0.0967442
0.0969178
0.0970897
0.0972599
0.0974282
0.0975948
0.0977596
0.0979226
0.0980838
0.0982432
0.0984008
0.0985565
0.0987105
0.0988626
0.0990129
0.0991613
0.0993079
0.0994526
0.0995955
0.0997365
0.0998757
0.100013
0.100148
0.100282
0.100413
0.100543
0.100671
0.100797
0.100921
0.101043
0.101163
0.101281
0.101398
0.101512
0.101624
0.101735
0.101843
0.10195
0.102054
0.102157
0.102258
0.102356
0.102453
0.102548
0.102641
0.102732
0.10282
0.102907
0.102992
0.103075
0.103156
0.103234
0.103311
0.103386
0.103459
0.10353
0.103598
0.103665
0.10373
0.103792
0.103853
0.103912
0.103968
0.104023
0.104075
0.104126
0.104174
0.10422
0.104265
0.104307
0.104347
0.104385
0.104421
0.104455
0.104487
0.104517
0.104545
0.104571
0.104595
0.104616
0.104636
0.104654
0.104669
0.104683
0.104694
0.104703
0.10471
0.104716
0.104719
0.10472
0.104719
0.104716
0.10471
0.104703
0.104694
0.104683
0.104669
0.104654
0.104636
0.104616
0.104595
0.104571
0.104545
0.104517
0.104487
0.104455
0.104421
0.104385
0.104347
0.104307
0.104265
0.10422
0.104174
0.104126
0.104075
0.104023
0.103968
0.103912
0.103853
0.103792
0.10373
0.103665
0.103598
0.10353
0.103459
0.103386
0.103311
0.103234
0.103156
0.103075
0.102992
0.102907
0.10282
0.102732
0.102641
0.102548
0.102453
0.102356
0.102258
0.102157
0.102054
0.10195
0.101843
0.101735
0.101624
0.101512
0.101398
0.101281
0.101163
0.101043
0.100921
0.100797
0.100671
0.100543
0.100413
0.100282
0.100148
0.100013
0.0998757
0.0997365
0.0995955
0.0994526
0.0993079
0.0991613
0.0990129
0.0988626
0.0987105
0.0985565
0.0984008
0.0982432
0.0980838
0.0979226
0.0977596
0.0975948
0.0974282
0.0972599
0.0970897
0.0969178
0.0967442
0.0965688
0.0963916
0.0962127
0.0960321
0.0958498
0.0956657
0.0954799
0.0952925
0.0951033
0.0949124
0.0947199
0.0945257
0.0943298
0.0941323
0.0939331
0.0937323
0.0935298
0.0933258
0.0931201
0.0929128
0.0927039
0.0924934
0.0922813
0.0920676
0.0918524
0.0916356
0.0914173
0.0911974
0.090976
0.090753
0.0905286
0.0903026
0.0900752
0.0898462
0.0896158
0.0893839
0.0891505
0.0889157
0.0886795
0.0884418
0.0882027
0.0879622
0.0877202
0.0874769
0.0872322
0.0869861
0.0867386
0.0864898
0.0862396
0.0859881
0.0857353
0.0854812
0.0852257
0.084969
0.0847109
0.0844516
0.084191
0.0839292
0.0836661
0.0834018
0.0831362
0.0828695
0.0826015
0.0823324
0.082062
0.0817905
0.0815178
0.081244
0.080969
0.0806929
0.0804157
0.0801374
0.079858
0.0795774
0.0792959
0.0790132
0.0787295
0.0784448
0.078159
0.0778722
0.0775844
0.0772957
0.0770059
0.0767151
0.0764234
0.0761308
0.0758372
0.0755426
0.0752472
0.0749509
0.0746536
0.0743555
0.0740565
0.0737567
0.073456
0.0731545
0.0728522
0.072549
0.0722451
0.0719403
0.0716348
0.0713286
0.0710216
0.0707138
0.0704053
0.0700962
0.0697863
0.0694757
0.0691644
0.0688525
0.06854
0.0682268
0.0679129
0.0675985
0.0672835
0.0669678
0.0666516
0.0663348
0.0660175
0.0656996
0.0653812
0.0650623
0.0647429
0.064423
0.0641027
0.0637818
0.0634605
0.0631388
0.0628167
0.0624941
0.0621711
0.0618478
0.0615241
0.0612
0.0608755
0.0605508
0.0602257
0.0599003
0.0595746
0.0592486
0.0589223
0.0585958
0.058269
0.057942
0.0576148
0.0572874
0.0569598
0.056632
0.056304
0.0559759
0.0556476
0.0553192
0.0549907
0.054662
0.0543333
0.0540045
0.0536757
0.0533468
0.0530178
0.0526889
0.0523599
0.0520309
0.0517019
0.051373
0.0510441
0.0507152
0.0503864
0.0500577
0.0497291
0.0494006
0.0490722
0.0487439
0.0484158
0.0480878
0.04776
0.0474324
0.047105
0.0467777
0.0464507
0.046124
0.0457974
0.0454712
0.0451452
0.0448195
0.0444941
0.044169
0.0438442
0.0435198
0.0431957
0.042872
0.0425486
0.0422257
0.0419031
0.0415809
0.0412592
0.0409379
0.0406171
0.0402967
0.0399768
0.0396574
0.0393385
0.0390201
0.0387022
0.0383849
0.0380681
0.0377519
0.0374363
0.0371213
0.0368068
0.036493
0.0361798
0.0358672
0.0355553
0.0352441
0.0349335
0.0346236
0.0343144
0.0340059
0.0336982
0.0333912
0.0330849
0.0327794
0.0324747
0.0321707
0.0318676
0.0315653
0.0312637
0.0309631
0.0306632
0.0303642
0.0300661
0.0297689
0.0294725
0.0291771
0.0288826
0.028589
0.0282963
0.0280046
0.0277139
0.0274241
0.0271353
0.0268475
0.0265607
0.026275
0.0259902
0.0257065
0.0254239
0.0251423
0.0248618
0.0245824
0.0243041
0.0240268
0.0237507
0.0234758
0.0232019
0.0229293
0.0226577
0.0223874
0.0221182
0.0218503
0.0215835
0.021318
0.0210536
0.0207906
0.0205287
0.0202681
0.0200088
0.0197508
0.019494
0.0192386
0.0189844
0.0187316
0.0184801
0.0182299
0.0179811
0.0177337
0.0174876
0.0172429
0.0169995
0.0167576
0.0165171
0.016278
0.0160403
0.015804
0.0155692
0.0153359
0.015104
0.0148735
0.0146446
0.0144171
0.0141912
0.0139667
0.0137438
0.0135224
0.0133025
0.0130842
0.0128674
0.0126521
0.0124385
0.0122264
0.0120159
0.011807
0.0115997
0.011394
0.0111899
0.0109875
0.0107866
0.0105875
0.0103899
0.0101941
0.00999985
0.00980731
0.00961645
0.00942729
0.00923981
0.00905404
0.00886998
0.00868763
0.00850701
0.00832812
0.00815097
0.00797556
0.00780191
0.00763002
0.00745989
0.00729153
0.00712495
0.00696016
0.00679716
0.00663596
0.00647657
0.00631898
0.00616322
0.00600927
0.00585716
0.00570689
0.00555845
0.00541186
0.00526713
0.00512425
0.00498324
0.0048441
0.00470684
0.00457146
0.00443796
0.00430636
0.00417665
0.00404885
0.00392295
0.00379896
0.00367689
0.00355675
0.00343853
0.00332224
0.00320789
0.00309548
0.00298501
0.00287649
0.00276993
0.00266532
0.00256267
0.002462
0.00236329
0.00226655
0.00217179
0.00207902
0.00198823
0.00189942
0.00181261
0.0017278
0.00164498
0.00156417
0.00148536
0.00140856
0.00133377
0.001261
0.00119024
0.0011215
0.00105479
0.000990098
0.000927437
0.000866807
0.00080821
0.000751647
0.000697122
0.000644637
0.000594193
0.000545793
0.000499439
0.000455131
0.000412873
0.000372666
0.000334511
0.00029841
0.000264364
0.000232375
0.000202444
0.000174572
0.00014876
0.000125009
0.00010332
8.36946e-05
6.61328e-05
5.06354e-05
3.72031e-05
2.58364e-05
1.65358e-05
9.30161e-06
4.13412e-06
1.03354e-06
0
1.03354e-06
4.13412e-06
9.30161e-06
1.65358e-05
2.58364e-05
3.72031e-05
5.06354e-05
6.61328e-05
8.36946e-05
0.00010332
0.000125009
0.00014876
0.000174572
0.000202444
0.000232375
0.000264364
0.00029841
0.000334511
0.000372666
0.000412873
0.000455131
0.000499439
0.000545793
0.000594193
0.000644637
0.000697122
0.000751647
0.00080821
0.000866807
0.000927437
0.000990098
0.00105479
0.0011215
0.00119024
0.001261
0.00133377
0.00140856
0.00148536
0.00156417
0.00164498
0.0017278
0.00181261
0.00189942
0.00198823
0.00207902
0.00217179
0.00226655
0.00236329
0.002462
0.00256267
0.00266532
0.00276993
0.00287649
0.00298501
0.00309548
0.00320789
0.00332224
0.00343853
0.00355675
0.00367689
0.00379896
0.00392295
0.00404885
0.00417665
0.00430636
0.00443796
0.00457146
0.00470684
0.0048441
0.00498324
0.00512425
0.00526713
0.00541186
0.00555845
0.00570689
0.00585716
0.00600927
0.00616322
0.00631898
0.00647657
0.00663596
0.00679716
0.00696016
0.00712495
0.00729153
0.00745989
0.00763002
0.00780191
0.00797556
0.00815097
0.00832812
0.00850701
0.00868763
0.00886998
0.00905404
0.00923981
0.00942729
0.00961645
0.00980731
0.00999985
0.0101941
0.0103899
0.0105875
0.0107866
0.0109875
0.0111899
0.011394
0.0115997
0.011807
0.0120159
0.0122264
0.0124385
0.0126521
0.0128674
0.0130842
0.0133025
0.0135224
0.0137438
0.0139667
0.0141912
0.0144171
0.0146446
0.0148735
0.015104
0.0153359
0.0155692
0.015804
0.0160403
0.016278
0.0165171
0.0167576
0.0169995
0.0172429
0.0174876
0.0177337
0.0179811
0.0182299
0.0184801
0.0187316
0.0189844
0.0192386
0.019494
0.0197508
0.0200088
0.0202681
0.0205287
0.0207906
0.0210536
0.021318
0.0215835
0.0218503
0.0221182
0.0223874
0.0226577
0.0229293
0.0232019
0.0234758
0.0237507
0.0240268
0.0243041
0.0245824
0.0248618
0.0251423
0.0254239
0.0257065
0.0259902
0.026275
0.0265607
0.0268475
0.0271353
0.0274241
0.0277139
0.0280046
0.0282963
0.028589
0.0288826
0.0291771
0.0294725
0.0297689
0.0300661
0.0303642
0.0306632
0.0309631
0.0312637
0.0315653
0.0318676
0.0321707
0.0324747
0.0327794
0.0330849
0.0333912
0.0336982
0.0340059
0.0343144
0.0346236
0.0349335
0.0352441
0.0355553
0.0358672
0.0361798
0.036493
0.0368068
0.0371213
0.0374363
0.0377519
0.0380681
0.0383849
0.0387022
0.0390201
0.0393385
0.0396574
0.0399768
0.0402967
0.0406171
0.0409379
0.0412592
0.0415809
0.0419031
0.0422257
0.0425486
0.042872
0.0431957
0.0435198
0.0438442
0.044169
0.0444941
0.0448195
0.0451452
0.0454712
0.0457974
0.046124
0.0464507
0.0467777
0.047105
0.0474324
0.04776
0.0480878
0.0484158
0.0487439
0.0490722
0.0494006
0.0497291
0.0500577
0.0503864
0.0507152
0.0510441
0.051373
0.0517019
0.0520309
0.0523599
0.0526889
0.0530178
0.0533468
0.0536757
0.0540045
0.0543333
0.054662
0.0549907
0.0553192
0.0556476
0.0559759
0.056304
0.056632
0.0569598
0.0572874
0.0576148
0.057942
0.058269
0.0585958
0.0589223
0.0592486
0.0595746
0.0599003
0.0602257
0.0605508
0.0608755
0.0612
0.0615241
0.0618478
0.0621711
0.0624941
0.0628167
0.0631388
0.0634605
0.0637818
0.0641027
0.064423
0.0647429
0.0650623
0.0653812
0.0656996
0.0660175
0.0663348
0.0666516
0.0669678
0.0672835
0.0675985
0.0679129
0.0682268
0.06854
0.0688525
0.0691644
0.0694757
0.0697863
0.0700962
0.0704053
0.0707138
0.0710216
0.0713286
0.0716348
0.0719403
0.0722451
0.072549
0.0728522
0.0731545
0.073456
0.0737567
0.0740565
0.0743555
0.0746536
0.0749509
0.0752472
0.0755426
0.0758372
0.0761308
0.0764234
0.0767151
0.0770059
0.0772957
0.0775844
0.0778722
0.078159
0.0784448
0.0787295
0.0790132
0.0792959
0.0795774
0.079858
0.0801374
0.0804157
0.0806929
0.080969
0.081244
0.0815178
0.0817905
0.082062
0.0823324
0.0826015
0.0828695
0.0831362
0.0834018
0.0836661
0.0839292
0.084191
0.0844516
0.0847109
0.084969
0.0852257
0.0854812
0.0857353
0.0859881
0.0862396
0.0864898
0.0867386
0.0869861
0.0872322
0.0874769
0.0877202
0.0879622
0.0882027
0.0884418
0.0886795
0.0889157
0.0891505
0.0893839
0.0896158
0.0898462
0.0900752
0.0903026
0.0905286
0.090753
0.090976
0.0911974
0.0914173
0.0916356
0.0918524
0.0920676
0.0922813
0.0924934
0.0927039
0.0929128
0.0931201
0.0933258
0.0935298
0.0937323
0.0939331
0.0941323
0.0943298
0.0945257
0.0947199
0.0949124
0.0951033
0.0952925
0.0954799
0.0956657
0.0958498
0.0960321
0.0962127
0.0963916
0.0965688
0.0967442
0.0969178
0.0970897
0.0972599
0.0974282
0.0975948
0.0977596
0.0979226
0.0980838
0.0982432
0.0984008
0.0985565
0.0987105
0.0988626
0.0990129
0.0991613
0.0993079
0.0994526
0.0995955
0.0997365
0.0998757
0.100013
0.100148
0.100282
0.100413
0.100543
0.100671
0.100797
0.100921
0.101043
0.101163
0.101281
0.101398
0.101512
0.101624
0.101735
0.101843
0.10195
0.102054
0.102157
0.102258
0.102356
0.102453
0.102548
0.102641
0.102732
0.10282
0.102907
0.102992
0.103075
0.103156
0.103234
0.103311
0.103386
0.103459
0.10353
0.103598
0.103665
0.10373
0.103792
0.103853
0.103912
0.103968
0.104023
0.104075
0.104126
0.104174
0.10422
0.104265
0.104307
0.104347
0.104385
0.104421
0.104455
0.104487
0.104517
0.104545
0.104571
0.104595
0.104616
0.104636
0.104654
0.104669
0.104683
0.104694
0.104703
0.10471
0.104716
0.104719
0.10472
0.104719
0.104716
0.10471
0.104703
0.104694
0.104683
0.104669
0.104654
0.104636
0.104616
0.104595
0.104571
0.104545
0.104517
0.104487
0.104455
0.104421
0.104385
0.104347
0.104307
0.104265
0.10422
0.104174
0.104126
0.104075
0.104023
0.103968
0.103912
0.103853
0.103792
0.10373
0.103665
0.103598
0.10353
0.103459
0.103386
0.103311
0.103234
0.103156
0.103075
0.102992
0.102907
0.10282
0.102732
0.102641
0.102548
0.102453
0.102356
0.102258
0.102157
0.102054
0.10195
0.101843
0.101735
0.101624
0.101512
0.101398
0.101281
0.101163
0.101043
0.100921
0.100797
0.100671
0.100543
0.100413
0.100282
0.100148
0.100013
0.0998757
0.0997365
0.0995955
0.0994526
0.0993079
0.0991613
0.0990129
0.0988626
0.0987105
0.0985565
0.0984008
0.0982432
0.0980838
0.0979226
0.0977596
0.0975948
0.0974282
0.0972599
0.0970897
0.0969178
0.0967442
0.0965688
0.0963916
0.0962127
0.0960321
0.0958498
0.0956657
0.0954799
0.0952925
0.0951033
0.0949124
0.0947199
0.0945257
0.0943298
0.0941323
0.0939331
0.0937323
0.0935298
0.0933258
0.0931201
0.0929128
0.0927039
0.0924934
0.0922813
0.0920676
0.0918524
0.0916356
0.0914173
0.0911974
0.090976
0.090753
0.0905286
0.0903026
0.0900752
0.0898462
0.0896158
0.0893839
0.0891505
0.0889157
0.0886795
0.0884418
0.0882027
0.0879622
0.0877202
0.0874769
0.0872322
0.0869861
0.0867386
0.0864898
0.0862396
0.0859881
0.0857353
0.0854812
0.0852257
0.084969
0.0847109
0.0844516
0.084191
0.0839292
0.0836661
0.0834018
0.0831362
0.0828695
0.0826015
0.0823324
0.082062
0.0817905
0.0815178
0.081244
0.080969
0.0806929
0.0804157
0.0801374
0.079858
0.0795774
0.0792959
0.0790132
0.0787295
0.0784448
0.078159
0.0778722
0.0775844
0.0772957
0.0770059
0.0767151
0.0764234
0.0761308
0.0758372
0.0755426
0.0752472
0.0749509
0.0746536
0.0743555
0.0740565
0.0737567
0.073456
0.0731545
0.0728522
0.072549
0.0722451
0.0719403
0.0716348
0.0713286
0.0710216
0.0707138
0.0704053
0.0700962
0.0697863
0.0694757
0.0691644
0.0688525
0.06854
0.0682268
0.0679129
0.0675985
0.0672835
0.0669678
0.0666516
0.0663348
0.0660175
0.0656996
0.0653812
0.0650623
0.0647429
0.064423
0.0641027
0.0637818
0.0634605
0.0631388
0.0628167
0.0624941
0.0621711
0.0618478
0.0615241
0.0612
0.0608755
0.0605508
0.0602257
0.0599003
0.0595746
0.0592486
0.0589223
0.0585958
0.058269
0.057942
0.0576148
0.0572874
0.0569598
0.056632
0.056304
0.0559759
0.0556476
0.0553192
0.0549907
0.054662
0.0543333
0.0540045
0.0536757
0.0533468
0.0530178
0.0526889
0.0523599
0.0520309
0.0517019
0.051373
0.0510441
0.0507152
0.0503864
0.0500577
0.0497291
0.0494006
0.0490722
0.0487439
0.0484158
0.0480878
0.04776
0.0474324
0.047105
0.0467777
0.0464507
0.046124
0.0457974
0.0454712
0.0451452
0.0448195
0.0444941
0.044169
0.0438442
0.0435198
0.0431957
0.042872
0.0425486
0.0422257
0.0419031
0.0415809
0.0412592
0.0409379
0.0406171
0.0402967
0.0399768
0.0396574
0.0393385
0.0390201
0.0387022
0.0383849
0.0380681
0.0377519
0.0374363
0.0371213
0.0368068
0.036493
0.0361798
0.0358672
0.0355553
0.0352441
0.0349335
0.0346236
0.0343144
0.0340059
0.0336982
0.0333912
0.0330849
0.0327794
0.0324747
0.0321707
0.0318676
0.0315653
0.0312637
0.0309631
0.0306632
0.0303642
0.0300661
0.0297689
0.0294725
0.0291771
0.0288826
0.028589
0.0282963
0.0280046
0.0277139
0.0274241
0.0271353
0.0268475
0.0265607
0.026275
0.0259902
0.0257065
0.0254239
0.0251423
0.0248618
0.0245824
0.0243041
0.0240268
0.0237507
0.0234758
0.0232019
0.0229293
0.0226577
0.0223874
0.0221182
0.0218503
0.0215835
0.021318
0.0210536
0.0207906
0.0205287
0.0202681
0.0200088
0.0197508
0.019494
0.0192386
0.0189844
0.0187316
0.0184801
0.0182299
0.0179811
0.0177337
0.0174876
0.0172429
0.0169995
0.0167576
0.0165171
0.016278
0.0160403
0.015804
0.0155692
0.0153359
0.015104
0.0148735
0.0146446
0.0144171
0.0141912
0.0139667
0.0137438
0.0135224
0.0133025
0.0130842
0.0128674
0.0126521
0.0124385
0.0122264
0.0120159
0.011807
0.0115997
0.011394
0.0111899
0.0109875
0.0107866
0.0105875
0.0103899
0.0101941
0.00999985
0.00980731
0.00961645
0.00942729
0.00923981
0.00905404
0.00886998
0.00868763
0.00850701
0.00832812
0.00815097
0.00797556
0.00780191
0.00763002
0.00745989
0.00729153
0.00712495
0.00696016
0.00679716
0.00663596
0.00647657
0.00631898
0.00616322
0.00600927
0.00585716
0.00570689
0.00555845
0.00541186
0.00526713
0.00512425
0.00498324
0.0048441
0.00470684
0.00457146
0.00443796
0.00430636
0.00417665
0.00404885
0.00392295
0.00379896
0.00367689
0.00355675
0.00343853
0.00332224
0.00320789
0.00309548
0.00298501
0.00287649
0.00276993
0.00266532
0.00256267
0.002462
0.00236329
0.00226655
0.00217179
0.00207902
0.00198823
0.00189942
0.00181261
0.0017278
0.00164498
0.00156417
0.00148536
0.00140856
0.00133377
0.001261
0.00119024
0.0011215
0.00105479
0.000990098
0.000927437
0.000866807
0.00080821
0.000751647
0.000697122
0.000644637
0.000594193
0.000545793
0.000499439
0.000455131
0.000412873
0.000372666
0.000334511
0.00029841
0.000264364
0.000232375
0.000202444
0.000174572
0.00014876
0.000125009
0.00010332
8.36946e-05
6.61328e-05
5.06354e-05
3.72031e-05
2.58364e-05
1.65358e-05
9.30161e-06
4.13412e-06
1.03354e-06
0
1.03354e-06
4.13412e-06
9.30161e-06
1.65358e-05
2.58364e-05
3.72031e-05
5.06354e-05
6.61328e-05
8.36946e-05
0.00010332
0.000125009
0.00014876
0.000174572
0.000202444
0.000232375
0.000264364
0.00029841
0.000334511
0.000372666
0.000412873
0.000455131
0.000499439
0.000545793
0.000594193
0.000644637
0.000697122
0.000751647
0.00080821
0.000866807
0.000927437
0.000990098
0.00105479
0.0011215
0.00119024
0.001261
0.00133377
0.00140856
0.00148536
0.00156417
0.00164498
0.0017278
0.00181261
0.00189942
0.00198823
0.00207902
0.00217179
0.00226655
0.00236329
0.002462
0.00256267
0.00266532
0.00276993
0.00287649
0.00298501
0.00309548
0.00320789
0.00332224
0.00343853
0.00355675
0.00367689
0.00379896
0.00392295
0.00404885
0.00417665
0.00430636
0.00443796
0.00457146
0.00470684
0.0048441
0.00498324
0.00512425
0.00526713
0.00541186
0.00555845
0.00570689
0.00585716
0.00600927
0.00616322
0.00631898
0.00647657
0.00663596
0.00679716
0.00696016
0.00712495
0.00729153
0.00745989
0.00763002
0.00780191
0.00797556
0.00815097
0.00832812
0.00850701
0.00868763
0.00886998
0.00905404
0.00923981
0.00942729
0.00961645
0.00980731
0.00999985
0.0101941
0.0103899
0.0105875
0.0107866
0.0109875
0.0111899
0.011394
0.0115997
0.011807
0.0120159
0.0122264
0.0124385
0.0126521
0.0128674
0.0130842
0.0133025
0.0135224
0.0137438
0.0139667
0.0141912
0.0144171
0.0146446
0.0148735
0.015104
0.0153359
0.0155692
0.015804
0.0160403
0.016278
0.0165171
0.0167576
0.0169995
0.0172429
0.0174876
0.0177337
0.0179811
0.0182299
0.0184801
0.0187316
0.0189844
0.0192386
0.019494
0.0197508
0.0200088
0.0202681
0.0205287
0.0207906
0.0210536
0.021318
0.0215835
0.0218503
0.0221182
0.0223874
0.0226577
0.0229293
0.0232019
0.0234758
0.0237507
0.0240268
0.0243041
0.0245824
0.0248618
0.0251423
0.0254239
0.0257065
0.0259902
0.026275
0.0265607
0.0268475
0.0271353
0.0274241
0.0277139
0.0280046
0.0282963
0.028589
0.0288826
0.0291771
0.0294725
0.0297689
0.0300661
0.0303642
0.0306632
0.0309631
0.0312637
0.0315653
0.0318676
0.0321707
0.0324747
0.0327794
0.0330849
0.0333912
0.0336982
0.0340059
0.0343144
0.0346236
0.0349335
0.0352441
0.0355553
0.0358672
0.0361798
0.036493
0.0368068
0.0371213
0.0374363
0.0377519
0.0380681
0.0383849
0.0387022
0.0390201
0.0393385
0.0396574
0.0399768
0.0402967
0.0406171
0.0409379
0.0412592
0.0415809
0.0419031
0.0422257
0.0425486
0.042872
0.0431957
0.0435198
0.0438442
0.044169
0.0444941
0.0448195
0.0451452
0.0454712
0.0457974
0.046124
0.0464507
0.0467777
0.047105
0.0474324
0.04776
0.0480878
0.0484158
0.0487439
0.0490722
0.0494006
0.0497291
0.0500577
0.0503864
0.0507152
0.0510441
0.051373
0.0517019
0.0520309
0.0523599
0.0526889
0.0530178
0.0533468
0.0536757
0.0540045
0.0543333
0.054662
0.0549907
0.0553192
0.0556476
0.0559759
0.056304
0.056632
0.0569598
0.0572874
0.0576148
0.057942
0.058269
0.0585958
0.0589223
0.0592486
0.0595746
0.0599003
0.0602257
0.0605508
0.0608755
0.0612
0.0615241
0.0618478
0.0621711
0.0624941
0.0628167
0.0631388
0.0634605
0.0637818
0.0641027
0.064423
0.0647429
0.0650623
0.0653812
0.0656996
0.0660175
0.0663348
0.0666516
0.0669678
0.0672835
0.0675985
0.0679129
0.0682268
0.06854
0.0688525
0.0691644
0.0694757
0.0697863
0.0700962
0.0704053
0.0707138
0.0710216
0.0713286
0.0716348
0.0719403
0.0722451
0.072549
0.0728522
0.0731545
0.073456
0.0737567
0.0740565
0.0743555
0.0746536
0.0749509
0.0752472
0.0755426
0.0758372
0.0761308
0.0764234
0.0767151
0.0770059
0.0772957
0.0775844
0.0778722
0.078159
0.0784448
0.0787295
0.0790132
0.0792959
0.0795774
0.079858
0.0801374
0.0804157
0.0806929
0.080969
0.081244
0.0815178
0.0817905
0.082062
0.0823324
0.0826015
0.0828695
0.0831362
0.0834018
0.0836661
0.0839292
0.084191
0.0844516
0.0847109
0.084969
0.0852257
0.0854812
0.0857353
0.0859881
0.0862396
0.0864898
0.0867386
0.0869861
0.0872322
0.0874769
0.0877202
0.0879622
0.0882027
0.0884418
0.0886795
0.0889157
0.0891505
0.0893839
0.0896158
0.0898462
0.0900752
0.0903026
0.0905286
0.090753
0.090976
0.0911974
0.0914173
0.0916356
0.0918524
0.0920676
0.0922813
0.0924934
0.0927039
0.0929128
0.0931201
0.0933258
0.0935298
0.0937323
0.0939331
0.0941323
0.0943298
0.0945257
0.0947199
0.0949124
0.0951033
0.0952925
0.0954799
0.0956657
0.0958498
0.0960321
0.0962127
0.0963916
0.0965688
0.0967442
0.0969178
0.0970897
0.0972599
0.0974282
0.0975948
0.0977596
0.0979226
0.0980838
0.0982432
0.0984008
0.0985565
0.0987105
0.0988626
0.0990129
0.0991613
0.0993079
0.0994526
0.0995955
0.0997365
0.0998757
0.100013
0.100148
0.100282
0.100413
0.100543
0.100671
0.100797
0.100921
0.101043
0.101163
0.101281
0.101398
0.101512
0.101624
0.101735
0.101843
0.10195
0.102054
0.102157
0.102258
0.102356
0.102453
0.102548
0.102641
0.102732
0.10282
0.102907
0.102992
0.103075
0.103156
0.103234
0.103311
0.103386
0.103459
0.10353
0.103598
0.103665
0.10373
0.103792
0.103853
0.103912
0.103968
0.104023
0.104075
0.104126
0.104174
0.10422
0.104265
0.104307
0.104347
0.104385
0.104421
0.104455
0.104487
0.104517
0.104545
0.104571
0.104595
0.104616
0.104636
0.104654
0.104669
0.104683
0.104694
0.104703
0.10471
0.104716
0.104719
0.10472
0.104719
0.104716
0.10471
0.104703
0.104694
0.104683
0.104669
0.104654
0.104636
0.104616
0.104595
0.104571
0.104545
0.104517
0.104487
0.104455
0.104421
0.104385
0.104347
0.104307
0.104265
0.10422
0.104174
0.104126
0.104075
0.104023
0.103968
0.103912
0.103853
0.103792
0.10373
0.103665
0.103598
0.10353
0.103459
0.103386
0.103311
0.103234
0.103156
0.103075
0.102992
0.102907
0.10282
0.102732
0.102641
0.102548
0.102453
0.102356
0.102258
0.102157
0.102054
0.10195
0.101843
0.101735
0.101624
0.101512
0.101398
0.101281
0.101163
0.101043
0.100921
0.100797
0.100671
0.100543
0.100413
0.100282
0.100148
0.100013
0.0998757
0.0997365
0.0995955
0.0994526
0.0993079
0.0991613
0.0990129
0.0988626
0.0987105
0.0985565
0.0984008
0.0982432
0.0980838
0.0979226
0.0977596
0.0975948
0.0974282
0.0972599
0.0970897
0.0969178
0.0967442
0.0965688
0.0963916
0.0962127
0.0960321
0.0958498
0.0956657
0.0954799
0.0952925
0.0951033
0.0949124
0.0947199
0.0945257
0.0943298
0.0941323
0.0939331
0.0937323
0.0935298
0.0933258
0.0931201
0.0929128
0.0927039
0.0924934
0.0922813
0.0920676
0.0918524
0.0916356
0.0914173
0.0911974
0.090976
0.090753
0.0905286
0.0903026
0.0900752
0.0898462
0.0896158
0.0893839
0.0891505
0.0889157
0.0886795
0.0884418
0.0882027
0.0879622
0.0877202
0.0874769
0.0872322
0.0869861
0.0867386
0.0864898
0.0862396
0.0859881
0.0857353
0.0854812
0.0852257
0.084969
0.0847109
0.0844516
0.084191
0.0839292
0.0836661
0.0834018
0.0831362
0.0828695
0.0826015
0.0823324
0.082062
0.0817905
0.0815178
0.081244
0.080969
0.0806929
0.0804157
0.0801374
0.079858
0.0795774
0.0792959
0.0790132
0.0787295
0.0784448
0.078159
0.0778722
0.0775844
0.0772957
0.0770059
0.0767151
0.0764234
0.0761308
0.0758372
0.0755426
0.0752472
0.0749509
0.0746536
0.0743555
0.0740565
0.0737567
0.073456
0.0731545
0.0728522
0.072549
0.0722451
0.0719403
0.0716348
0.0713286
0.0710216
0.0707138
0.0704053
0.0700962
0.0697863
0.0694757
0.0691644
0.0688525
0.06854
0.0682268
0.0679129
0.0675985
0.0672835
0.0669678
0.0666516
0.0663348
0.0660175
0.0656996
0.0653812
0.0650623
0.0647429
0.064423
0.0641027
0.0637818
0.0634605
0.0631388
0.0628167
0.0624941
0.0621711
0.0618478
0.0615241
0.0612
0.0608755
0.0605508
0.0602257
0.0599003
0.0595746
0.0592486
0.0589223
0.0585958
0.058269
0.057942
0.0576148
0.0572874
0.0569598
0.056632
0.056304
0.0559759
0.0556476
0.0553192
0.0549907
0.054662
0.0543333
0.0540045
0.0536757
0.0533468
0.0530178
0.0526889
0.0523599
0.0520309
0.0517019
0.051373
0.0510441
0.0507152
0.0503864
0.0500577
0.0497291
0.0494006
0.0490722
0.0487439
0.0484158
0.0480878
0.04776
0.0474324
0.047105
0.0467777
0.0464507
0.046124
0.0457974
0.0454712
0.0451452
0.0448195
0.0444941
0.044169
0.0438442
0.0435198
0.0431957
0.042872
0.0425486
0.0422257
0.0419031
0.0415809
0.0412592
0.0409379
0.0406171
0.0402967
0.0399768
0.0396574
0.0393385
0.0390201
0.0387022
0.0383849
0.0380681
0.0377519
0.0374363
0.0371213
0.0368068
0.036493
0.0361798
0.0358672
0.0355553
0.0352441
0.0349335
0.0346236
0.0343144
0.0340059
0.0336982
0.0333912
0.0330849
0.0327794
0.0324747
0.0321707
0.0318676
0.0315653
0.0312637
0.0309631
0.0306632
0.0303642
0.0300661
0.0297689
0.0294725
0.0291771
0.0288826
0.028589
0.0282963
0.0280046
0.0277139
0.0274241
0.0271353
0.0268475
0.0265607
0.026275
0.0259902
0.0257065
0.0254239
0.0251423
0.0248618
0.0245824
0.0243041
0.0240268
0.0237507
0.0234758
0.0232019
0.0229293
0.0226577
0.0223874
0.0221182
0.0218503
0.0215835
0.021318
0.0210536
0.0207906
0.0205287
0.0202681
0.0200088
0.0197508
0.019494
0.0192386
0.0189844
0.0187316
0.0184801
0.0182299
0.0179811
0.0177337
0.0174876
0.0172429
0.0169995
0.0167576
0.0165171
0.016278
0.0160403
0.015804
0.0155692
0.0153359
0.015104
0.0148735
0.0146446
0.0144171
0.0141912
0.0139667
0.0137438
0.0135224
0.0133025
0.0130842
0.0128674
0.0126521
0.0124385
0.0122264
0.0120159
0.011807
0.0115997
0.011394
0.0111899
0.0109875
0.0107866
0.0105875
0.0103899
0.0101941
0.00999985
0.00980731
0.00961645
0.00942729
0.00923981
0.00905404
0.00886998
0.00868763
0.00850701
0.00832812
0.00815097
0.00797556
0.00780191
0.00763002
0.00745989
0.00729153
0.00712495
0.00696016
0.00679716
0.00663596
0.00647657
0.00631898
0.00616322
0.00600927
0.00585716
0.00570689
0.00555845
0.00541186
0.00526713
0.00512425
0.00498324
0.0048441
0.00470684
0.00457146
0.00443796
0.00430636
0.00417665
0.00404885
0.00392295
0.00379896
0.00367689
0.00355675
0.00343853
0.00332224
0.00320789
0.00309548
0.00298501
0.00287649
0.00276993
0.00266532
0.00256267
0.002462
0.00236329
0.00226655
0.00217179
0.00207902
0.00198823
0.00189942
0.00181261
0.0017278
0.00164498
0.00156417
0.00148536
0.00140856
0.00133377
0.001261
0.00119024
0.0011215
0.00105479
0.000990098
0.000927437
0.000866807
0.00080821
0.000751647
0.000697122
0.000644637
0.000594193
0.000545793
0.000499439
0.000455131
0.000412873
0.000372666
0.000334511
0.00029841
0.000264364
0.000232375
0.000202444
0.000174572
0.00014876
0.000125009
0.00010332
8.36946e-05
6.61328e-05
5.06354e-05
3.72031e-05
2.58364e-05
1.65358e-05
9.30161e-06
4.13412e-06
1.03354e-06
0
1.03354e-06
4.13412e-06
9.30161e-06
1.65358e-05
2.58364e-05
3.72031e-05
5.06354e-05
6.61328e-05
8.36946e-05
0.00010332
0.000125009
0.00014876
0.000174572
0.000202444
0.000232375
0.000264364
0.00029841
0.000334511
0.000372666
0.000412873
0.000455131
0.000499439
0.000545793
0.000594193
0.000644637
0.000697122
0.000751647
0.00080821
0.000866807
0.000927437
0.000990098
0.00105479
0.0011215
0.00119024
0.001261
0.00133377
0.00140856
0.00148536
0.00156417
0.00164498
0.0017278
0.00181261
0.00189942
0.00198823
0.00207902
0.00217179
0.00226655
0.00236329
0.002462
0.00256267
0.00266532
0.00276993
0.00287649
0.00298501
0.00309548
0.00320789
0.00332224
0.00343853
0.00355675
0.00367689
0.00379896
0.00392295
0.00404885
0.00417665
0.00430636
0.00443796
0.00457146
0.00470684
0.0048441
0.00498324
0.00512425
0.00526713
0.00541186
0.00555845
0.00570689
0.00585716
0.00600927
0.00616322
0.00631898
0.00647657
0.00663596
0.00679716
0.00696016
0.00712495
0.00729153
0.00745989
0.00763002
0.00780191
0.00797556
0.00815097
0.00832812
0.00850701
0.00868763
0.00886998
0.00905404
0.00923981
0.00942729
0.00961645
0.00980731
0.00999985
0.0101941
0.0103899
0.0105875
0.0107866
0.0109875
0.0111899
0.011394
0.0115997
0.011807
0.0120159
0.0122264
0.0124385
0.0126521
0.0128674
0.0130842
0.0133025
0.0135224
0.0137438
0.0139667
0.0141912
0.0144171
0.0146446
0.0148735
0.015104
0.0153359
0.0155692
0.015804
0.0160403
0.016278
0.0165171
0.0167576
0.0169995
0.0172429
0.0174876
0.0177337
0.0179811
0.0182299
0.0184801
0.0187316
0.0189844
0.0192386
0.019494
0.0197508
0.0200088
0.0202681
0.0205287
0.0207906
0.0210536
0.021318
0.0215835
0.0218503
0.0221182
0.0223874
0.0226577
0.0229293
0.0232019
0.0234758
0.0237507
0.0240268
0.0243041
0.0245824
0.0248618
0.0251423
0.0254239
0.0257065
0.0259902
0.026275
0.0265607
0.0268475
0.0271353
0.0274241
0.0277139
0.0280046
0.0282963
0.028589
0.0288826
0.0291771
0.0294725
0.0297689
0.0300661
0.0303642
0.0306632
0.0309631
0.0312637
0.0315653
0.0318676
0.0321707
0.0324747
0.0327794
0.0330849
0.0333912
0.0336982
0.0340059
0.0343144
0.0346236
0.0349335
0.0352441
0.0355553
0.0358672
0.0361798
0.036493
0.0368068
0.0371213
0.0374363
0.0377519
0.0380681
0.0383849
0.0387022
0.0390201
0.0393385
0.0396574
0.0399768
0.0402967
0.0406171
0.0409379
0.0412592
0.0415809
0.0419031
0.0422257
0.0425486
0.042872
0.0431957
0.0435198
0.0438442
0.044169
0.0444941
0.0448195
0.0451452
0.0454712
0.0457974
0.046124
0.0464507
0.0467777
0.047105
0.0474324
0.04776
0.0480878
0.0484158
0.0487439
0.0490722
0.0494006
0.0497291
0.0500577
0.0503864
0.0507152
0.0510441
0.051373
0.0517019
0.0520309
0.0523599
0.0526889
0.0530178
0.0533468
0.0536757
0.0540045
0.0543333
0.054662
0.0549907
0.0553192
0.0556476
0.0559759
0.056304
0.056632
0.0569598
0.0572874
0.0576148
0.057942
0.058269
0.0585958
0.0589223
0.0592486
0.0595746
0.0599003
0.0602257
0.0605508
0.0608755
0.0612
0.0615241
0.0618478
0.0621711
0.0624941
0.0628167
0.0631388
0.0634605
0.0637818
0.0641027
0.064423
0.0647429
0.0650623
0.0653812
0.0656996
0.0660175
0.0663348
0.0666516
0.0669678
0.0672835
0.0675985
0.0679129
0.0682268
0.06854
0.0688525
0.0691644
0.0694757
0.0697863
0.0700962
0.0704053
0.0707138
0.0710216
0.0713286
0.0716348
0.0719403
0.0722451
0.072549
0.0728522
0.0731545
0.073456
0.0737567
0.0740565
0.0743555
0.0746536
0.0749509
0.0752472
0.0755426
0.0758372
0.0761308
0.0764234
0.0767151
0.0770059
0.0772957
0.0775844
0.0778722
0.078159
0.0784448
0.0787295
0.0790132
0.0792959
0.0795774
0.079858
0.0801374
0.0804157
0.0806929
0.080969
0.081244
0.0815178
0.0817905
0.082062
0.0823324
0.0826015
0.0828695
0.0831362
0.0834018
0.0836661
0.0839292
0.084191
0.0844516
0.0847109
0.084969
0.0852257
0.0854812
0.0857353
0.0859881
0.0862396
0.0864898
0.0867386
0.0869861
0.0872322
0.0874769
0.0877202
0.0879622
0.0882027
0.0884418
0.0886795
0.0889157
0.0891505
0.0893839
0.0896158
0.0898462
0.0900752
0.0903026
0.0905286
0.090753
0.090976
0.0911974
0.0914173
0.0916356
0.0918524
0.0920676
0.0922813
0.0924934
0.0927039
0.0929128
0.0931201
0.0933258
0.0935298
0.0937323
0.0939331
0.0941323
0.0943298
0.0945257
0.0947199
0.0949124
0.0951033
0.0952925
0.0954799
0.0956657
0.0958498
0.0960321
0.0962127
0.0963916
0.0965688
0.0967442
0.0969178
0.0970897
0.0972599
0.0974282
0.0975948
0.0977596
0.0979226
0.0980838
0.0982432
0.0984008
0.0985565
0.0987105
0.0988626
0.0990129
0.0991613
0.0993079
0.0994526
0.0995955
0.0997365
0.0998757
0.100013
0.100148
0.100282
0.100413
0.100543
0.100671
0.100797
0.100921
0.101043
0.101163
0.101281
0.101398
0.101512
0.101624
0.101735
0.101843
0.10195
0.102054
0.102157
0.102258
0.102356
0.102453
0.102548
0.102641
0.102732
0.10282
0.102907
0.102992
0.103075
0.103156
0.103234
0.103311
0.103386
0.103459
0.10353
0.103598
0.103665
0.10373
0.103792
0.103853
0.103912
0.103968
0.104023
0.104075
0.104126
0.104174
0.10422
0.104265
0.104307
0.104347
0.104385
0.104421
0.104455
0.104487
0.104517
0.104545
0.104571
0.104595
0.104616
0.104636
0.104654
0.104669
0.104683
0.104694
0.104703
0.10471
0.104716
0.104719
0.10472
0.104719
0.104716
0.10471
0.104703
0.104694
0.104683
0.104669
0.104654
0.104636
0.104616
0.104595
0.104571
0.104545
0.104517
0.104487
0.104455
0.104421
0.104385
0.104347
0.104307
0.104265
0.10422
0.104174
0.104126
0.104075
0.104023
0.103968
0.103912
0.103853
0.103792
0.10373
0.103665
0.103598
0.10353
0.103459
0.103386
0.103311
0.103234
0.103156
0.103075
0.102992
0.102907
0.10282
0.102732
0.102641
0.102548
0.102453
0.102356
0.102258
0.102157
0.102054
0.10195
0.101843
0.101735
0.101624
0.101512
0.101398
0.101281
0.101163
0.101043
0.100921
0.100797
0.100671
0.100543
0.100413
0.100282
0.100148
0.100013
0.0998757
0.0997365
0.0995955
0.0994526
0.0993079
0.0991613
0.0990129
0.0988626
0.0987105
0.0985565
0.0984008
0.0982432
0.0980838
0.0979226
0.0977596
0.0975948
0.0974282
0.0972599
0.0970897
0.0969178
0.0967442
0.0965688
0.0963916
0.0962127
0.0960321
0.0958498
0.0956657
0.0954799
0.0952925
0.0951033
0.0949124
0.0947199
0.0945257
0.0943298
0.0941323
0.0939331
0.0937323
0.0935298
0.0933258
0.0931201
0.0929128
0.0927039
0.0924934
0.0922813
0.0920676
0.0918524
0.0916356
0.0914173
0.0911974
0.090976
0.090753
0.0905286
0.0903026
0.0900752
0.0898462
0.0896158
0.0893839
0.0891505
0.0889157
0.0886795
0.0884418
0.0882027
0.0879622
0.0877202
0.0874769
0.0872322
0.0869861
0.0867386
0.0864898
0.0862396
0.0859881
0.0857353
0.0854812
0.0852257
0.084969
0.0847109
0.0844516
0.084191
0.0839292
0.0836661
0.0834018
0.0831362
0.0828695
0.0826015
0.0823324
0.082062
0.0817905
0.0815178
0.081244
0.080969
0.0806929
0.0804157
0.0801374
0.079858
0.0795774
0.0792959
0.0790132
0.0787295
0.0784448
0.078159
0.0778722
0.0775844
0.0772957
0.0770059
0.0767151
0.0764234
0.0761308
0.0758372
0.0755426
0.0752472
0.0749509
0.0746536
0.0743555
0.0740565
0.0737567
0.073456
0.0731545
0.0728522
0.072549
0.0722451
0.0719403
0.0716348
0.0713286
0.0710216
0.0707138
0.0704053
0.0700962
0.0697863
0.0694757
0.0691644
0.0688525
0.06854
0.0682268
0.0679129
0.0675985
0.0672835
0.0669678
0.0666516
0.0663348
0.0660175
0.0656996
0.0653812
0.0650623
0.0647429
0.064423
0.0641027
0.0637818
0.0634605
0.0631388
0.0628167
0.0624941
0.0621711
0.0618478
0.0615241
0.0612
0.0608755
0.0605508
0.0602257
0.0599003
0.0595746
0.0592486
0.0589223
0.0585958
0.058269
0.057942
0.0576148
0.0572874
0.0569598
0.056632
0.056304
0.0559759
0.0556476
0.0553192
0.0549907
0.054662
0.0543333
0.0540045
0.0536757
0.0533468
0.0530178
0.0526889
0.0523599
0.0520309
0.0517019
0.051373
0.0510441
0.0507152
0.0503864
0.0500577
0.0497291
0.0494006
0.0490722
0.0487439
0.0484158
0.0480878
0.04776
0.0474324
0.047105
0.0467777
0.0464507
0.046124
0.0457974
0.0454712
0.0451452
0.0448195
0.0444941
0.044169
0.0438442
0.0435198
0.0431957
0.042872
0.0425486
0.0422257
0.0419031
0.0415809
0.0412592
0.0409379
0.0406171
0.0402967
0.0399768
0.0396574
0.0393385
0.0390201
0.0387022
0.0383849
0.0380681
0.0377519
0.0374363
0.0371213
0.0368068
0.036493
0.0361798
0.0358672
0.0355553
0.0352441
0.0349335
0.0346236
0.0343144
0.0340059
0.0336982
0.0333912
0.0330849
0.0327794
0.0324747
0.0321707
0.0318676
0.0315653
0.0312637
0.0309631
0.0306632
0.0303642
0.0300661
0.0297689
0.0294725
0.0291771
0.0288826
0.028589
0.0282963
0.0280046
0.0277139
0.0274241
0.0271353
0.0268475
0.0265607
0.026275
0.0259902
0.0257065
0.0254239
0.0251423
0.0248618
0.0245824
0.0243041
0.0240268
0.0237507
0.0234758
0.0232019
0.0229293
0.0226577
0.0223874
0.0221182
0.0218503
0.0215835
0.021318
0.0210536
0.0207906
0.0205287
0.0202681
0.0200088
0.0197508
0.019494
0.0192386
0.0189844
0.0187316
0.0184801
0.0182299
0.0179811
0.0177337
0.0174876
0.0172429
0.0169995
0.0167576
0.0165171
0.016278
0.0160403
0.015804
0.0155692
0.0153359
0.015104
0.0148735
0.0146446
0.0144171
0.0141912
0.0139667
0.0137438
0.0135224
0.0133025
0.0130842
0.0128674
0.0126521
0.0124385
0.0122264
0.0120159
0.011807
0.0115997
0.011394
0.0111899
0.0109875
0.0107866
0.0105875
0.0103899
0.0101941
0.00999985
0.00980731
0.00961645
0.00942729
0.00923981
0.00905404
0.00886998
0.00868763
0.00850701
0.00832812
0.00815097
0.00797556
0.00780191
0.00763002
0.00745989
0.00729153
0.00712495
0.00696016
0.00679716
0.00663596
0.00647657
0.00631898
0.00616322
0.00600927
0.00585716
0.00570689
0.00555845
0.00541186
0.00526713
0.00512425
0.00498324
0.0048441
0.00470684
0.00457146
0.00443796
0.00430636
0.00417665
0.00404885
0.00392295
0.00379896
0.00367689
0.00355675
0.00343853
0.00332224
0.00320789
0.00309548
0.00298501
0.00287649
0.00276993
0.00266532
0.00256267
0.002462
0.00236329
0.00226655
0.00217179
0.00207902
0.00198823
0.00189942
0.00181261
0.0017278
0.00164498
0.00156417
0.00148536
0.00140856
0.00133377
0.001261
0.00119024
0.0011215
0.00105479
0.000990098
0.000927437
0.000866807
0.00080821
0.000751647
0.000697122
0.000644637
0.000594193
0.000545793
0.000499439
0.000455131
0.000412873
0.000372666
0.000334511
0.00029841
0.000264364
0.000232375
0.000202444
0.000174572
0.00014876
0.000125009
0.00010332
8.36946e-05
6.61328e-05
5.06354e-05
3.72031e-05
2.58364e-05
1.65358e-05
9.30161e-06
4.13412e-06
1.03354e-06
0
0
0
0
0
0
0
0
0
0
0
0
0
0
0
0
0
0
0
0
0
0
0
0
0
0
0
0
0
0
0
0
0
0
0
0
0
0
0
0
0
0
0
0
0
0
0
0
0
0
0
0
0
0
0
0
0
0
0
0
0
0
0
0
0
0
0
0
0
0
0
0
0
0
0
0
0
0
0
0
0
0
0
0
0
0
0
0
0
0
0
0
0
0
0
0
0
0
0
0
0
0
0
0
0
0
0
0
0
0
0
0
0
0
0
0
0
0
0
0
0
0
0
0
0
0
0
0
0
0
0
0
0
0
0
0
0
0
0
0
0
0
0
0
0
0
0
0
0
0
0
0
0
0
0
0
0
0
0
0
0
0
0
0
0
0
0
0
0
0
0
0
0
0
0
0
0
0
0
0
0
0
0
0
0
0
0
0
0
0
0
0
0
0
0
0
0
0
0
0
0
0
0
0
0
0
0
0
0
0
0
0
0
0
0
0
0
0
0
0
0
0
0
0
0
0
0
0
0
0
0
0
0
0
0
0
0
0
0
0
0
0
0
0
0
0
0
0
0
0
0
0
0
0
0
0
0
0
0
0
0
0
0
0
0
0
0
0
0
0
0
0
0
0
0
0
0
0
0
0
0
0
0
0
0
0
0
0
0
0
0
0
0
0
0
0
0
0
0
0
0
0
0
0
0
0
0
0
0
0
0
0
0
0
0
0
0
0
0
0
0
0
0
0
0
0
0
0
0
0
0
0
0
0
0
0
0
0
0
0
0
0
0
0
0
0
0
0
0
0
0
0
0
0
0
0
0
0
0
0
0
0
0
0
0
0
0
0
0
0
0
0
0
0
0
0
0
0
0
0
0
0
0
0
0
0
0
0
0
0
0
0
0
0
0
0
0
0
0
0
0
0
0
0
0
0
0
0
0
0
0
0
0
0
0
0
0
0
0
0
0
0
0
0
0
0
0
0
0
0
0
0
0
0
0
0
0
0
0
0
0
0
0
0
0
0
0
0
0
0
0
0
0
0
0
0
0
0
0
0
0
0
0
0
0
0
0
0
0
0
0
0
0
0
0
0
0
0
0
0
0
0
0
0
0
0
0
0
0
0
0
0
0
0
0
0
0
0
0
0
0
0
0
0
0
0
0
0
0
0
0
0
0
0
0
0
0
0
0
0
0
0
0
0
0
0
0
0
0
0
0
0
0
0
0
0
0
0
0
0
0
0
0
0
0
0
0
0
0
0
0
0
0
0
0
0
0
0
0
0
0
0
0
0
0
0
0
0
0
0
0
0
0
0
0
0
0
0
0
0
0
0
0
0
0
0
0
0
0
0
0
0
0
0
0
0
0
0
0
0
0
0
0
0
0
0
0
0
0
0
0
0
0
0
0
0
0
0
0
0
0
0
0
0
0
0
0
0
0
0
0
0
0
0
0
0
0
0
0
0
0
0
0
0
0
0
0
0
0
0
0
0
0
0
0
0
0
0
0
0
0
0
0
0
0
0
0
0
0
0
0
0
0
0
0
0
0
0
0
0
0
0
0
0
0
0
0
0
0
0
0
0
0
0
0
0
0
0
0
0
0
0
0
0
0
0
0
0
0
0
0
0
0
0
0
0
0
0
0
0
0
0
0
0
0
0
0
0
0
0
0
0
0
0
0
0
0
0
0
0
0
0
0
0
0
0
0
0
0
0
0
0
0
0
0
0
0
0
0
0
0
0
0
0
0
0
0
0
0
0
0
0
0
0
0
0
0
0
0
0
0
0
0
0
0
0
0
0
0
0
0
0
0
0
0
0
0
0
0
0
0
0
0
0
0
0
0
0
0
0
0
0
0
0
0
0
0
0
0
0
0
0
0
0
0
0
0
0
0
0
0
0
0
0
0
0
0
0
0
0
0
0
0
0
0
0
0
0
0
0
0
0
0
0
0
0
0
0
0
0
0
0
0
0
0
0
0
0
0
0
0
0
0
0
0
0
0
0
0
0
0
0
0
0
0
0
0
0
0
0
0
0
0
0
0
0
0
0
0
0
0
0
0
0
0
0
0
0
0
0
0
0
0
0
0
0
0
0
0
0
0
0
0
0
0
0
0
0
0
0
0
0
0
0
0
0
0
0
0
0
0
0
0
0
0
0
0
0
0
0
0
0
0
0
0
0
0
0
0
0
0
0
0
0
0
0
0
0
0
0
0
0
0
0
0
0
0
0
0
0
0
0
0
0
0
0
0
0
0
0
0
0
0
0
0
0
0
0
0
0
0
0
0
0
0
0
0
0
0
0
0
0
0
0
0
0
0
0
0
0
0
0
0
0
0
0
0
0
0
0
0
0
0
0
0
0
0
0
0
0
0
0
0
0
0
0
0
0
0
0
0
0
0
0
0
0
0
0
0
0
0
0
0
0
0
0
0
0
0
0
0
0
0
0
0
0
0
0
0
0
0
0
0
0
0
0
0
0
0
0
0
0
0
0
0
0
0
0
0
0
0
0
0
0
0
0
0
0
0
0
0
0
0
0
0
0
0
0
0
0
0
0
0
0
0
0
0
0
0
0
0
0
0
0
0
0
0
0
0
0
0
0
0
0
0
0
0
0
0
0
0
0
0
0
0
0
0
0
0
0
0
0
0
0
0
0
0
0
0
0
0
0
0
0
0
0
0
0
0
0
0
0
0
0
0
0
0
0
0
0
0
0
0
0
0
0
0
0
0
0
0
0
0
0
0
0
0
0
0
0
0
0
0
0
0
0
0
0
0
0
0
0
0
0
0
0
0
0
0
0
0
0
0
0
0
0
0
0
0
0
0
0
0
0
0
0
0
0
0
0
0
0
0
0
0
0
0
0
0
0
0
0
0
0
0
0
0
0
0
0
0
0
0
0
0
0
0
0
0
0
0
0
0
0
0
0
0
0
0
0
0
0
0
0
0
0
0
0
0
0
0
0
0
0
0
0
0
0
0
0
0
0
0
0
0
0
0
0
0
0
0
0
0
0
0
0
0
0
0
0
0
0
0
0
0
0
0
0
0
0
0
0
0
0
0
0
0
0
0
0
0
0
0
0
0
0
0
0
0
0
0
0
0
0
0
0
0
0
0
0
0
0
0
0
0
0
0
0
0
0
0
0
0
0
0
0
0
0
0
0
0
0
0
0
0
0
0
0
0
0
0
0
0
0
0
0
0
0
0
0
0
0
0
0
0
0
0
0
0
0
0
0
0
0
0
0
0
0
0
0
0
0
0
0
0
0
0
0
0
0
0
0
0
0
0
0
0
0
0
0
0
0
0
0
0
0
0
0
0
0
0
0
0
0
0
0
0
0
0
0
0
0
0
0
0
0
0
0
0
0
0
0
0
0
0
0
0
0
0
0
0
0
0
0
0
0
0
0
0
0
0
0
0
0
0
0
0
0
0
0
0
0
0
0
0
0
0
0
0
0
0
0
0
0
0
0
0
0
0
0
0
0
0
0
0
0
0
0
0
0
0
0
0
0
0
0
0
0
0
0
0
0
0
0
0
0
0
0
0
0
0
0
0
0
0
0
0
0
0
0
0
0
0
0
0
0
0
0
0
0
0
0
0
0
0
0
0
0
0
0
0
0
0
0
0
0
0
0
0
0
0
0
0
0
0
0
0
0
0
0
0
0
0
0
0
0
0
0
0
0
0
0
0
0
0
0
0
0
0
0
0
0
0
0
0
0
0
0
0
0
0
0
0
0
0
0
0
0
0
0
0
0
0
0
0
0
0
0
0
0
0
0
0
0
0
0
0
0
0
0
0
0
0
0
0
0
0
0
0
0
0
0
0
0
0
0
0
0
0
0
0
0
0
0
0
0
0
0
0
0
0
0
0
0
0
0
0
0
0
0
0
0
0
0
0
0
0
0
0
0
0
0
0
0
0
0
0
0
0
0
0
0
0
0
0
0
0
0
0
0
0
0
0
0
0
0
0
0
0
0
0
0
0
0
0
0
0
0
0
0
0
0
0
0
0
0
0
0
0
0
0
0
0
0
0
0
0
0
0
0
0
0
0
0
0
0
0
0
0
0
0
0
0
0
0
0
0
0
0
0
0
0
0
0
0
0
0
0
0
0
0
0
0
0
0
0
0
0
0
0
0
0
0
0
0
0
0
0
0
0
0
0
0
0
0
0
0
0
0
0
0
0
0
0
0
0
0
0
0
0
0
0
0
0
0
0
0
0
0
0
0
0
0
0
0
0
0
0
0
0
0
0
0
0
0
0
0
0
0
0
0
0
0
0
0
0
0
0
0
0
0
0
0
0
0
0
0
0
0
0
0
0
0
0
0
0
0
0
0
0
0
0
0
0
0
0
0
0
0
0
0
0
0
0
0
0
0
0
0
0
0
0
0
0
0
0
0
0
0
0
0
0
0
0
0
0
0
0
0
0
0
0
0
0
0
0
0
0
0
0
0
0
0
0
0
0
0
0
0
0
0
0
0
0
0
0
0
0
0
0
0
0
0
0
0
0
0
0
0
0
0
0
0
0
0
0
0
0
0
0
0
