0
4.98314e-07
1.99325e-06
4.48476e-06
7.97281e-06
1.24573e-05
1.79382e-05
2.44152e-05
3.18884e-05
4.03575e-05
4.98223e-05
6.02826e-05
7.17383e-05
8.41889e-05
9.76344e-05
0.000112074
0.000127508
0.000143936
0.000161357
0.000179772
0.000199179
0.000219578
0.000240969
0.000263351
0.000286724
0.000311087
0.00033644
0.000362782
0.000390113
0.000418431
0.000447737
0.00047803
0.000509309
0.000541572
0.000574821
0.000609054
0.000644269
0.000680467
0.000717646
0.000755806
0.000794946
0.000835065
0.000876162
0.000918236
0.000961287
0.00100531
0.00105031
0.00109629
0.00114323
0.00119115
0.00124004
0.00128989
0.00134072
0.00139251
0.00144526
0.00149898
0.00155367
0.00160932
0.00166592
0.00172349
0.00178202
0.0018415
0.00190194
0.00196333
0.00202567
0.00208897
0.00215322
0.00221842
0.00228456
0.00235165
0.00241968
0.00248866
0.00255858
0.00262944
0.00270123
0.00277397
0.00284763
0.00292224
0.00299777
0.00307423
0.00315162
0.00322994
0.00330919
0.00338935
0.00347044
0.00355245
0.00363537
0.00371921
0.00380397
0.00388963
0.00397621
0.0040637
0.00415209
0.00424139
0.00433158
0.00442268
0.00451468
0.00460758
0.00470136
0.00479604
0.00489162
0.00498807
0.00508542
0.00518365
0.00528276
0.00538275
0.00548361
0.00558535
0.00568797
0.00579145
0.0058958
0.00600102
0.0061071
0.00621404
0.00632185
0.0064305
0.00654001
0.00665038
0.00676159
0.00687364
0.00698655
0.00710029
0.00721487
0.00733029
0.00744654
0.00756363
0.00768154
0.00780028
0.00791984
0.00804022
0.00816142
0.00828344
0.00840627
0.0085299
0.00865435
0.0087796
0.00890565
0.0090325
0.00916015
0.00928859
0.00941782
0.00954784
0.00967864
0.00981023
0.00994259
0.0100757
0.0102096
0.0103443
0.0104798
0.010616
0.010753
0.0108907
0.0110292
0.0111684
0.0113084
0.0114491
0.0115906
0.0117328
0.0118758
0.0120194
0.0121639
0.012309
0.0124549
0.0126014
0.0127487
0.0128968
0.0130455
0.0131949
0.013345
0.0134959
0.0136474
0.0137996
0.0139525
0.0141061
0.0142604
0.0144154
0.014571
0.0147273
0.0148843
0.015042
0.0152003
0.0153593
0.0155189
0.0156792
0.0158401
0.0160017
0.0161639
0.0163267
0.0164902
0.0166543
0.0168191
0.0169844
0.0171504
0.017317
0.0174842
0.0176521
0.0178205
0.0179895
0.0181591
0.0183293
0.0185002
0.0186715
0.0188435
0.0190161
0.0191892
0.0193629
0.0195372
0.019712
0.0198874
0.0200633
0.0202398
0.0204168
0.0205944
0.0207726
0.0209512
0.0211304
0.0213101
0.0214904
0.0216711
0.0218524
0.0220342
0.0222165
0.0223993
0.0225826
0.0227663
0.0229506
0.0231354
0.0233206
0.0235064
0.0236926
0.0238793
0.0240664
0.024254
0.0244421
0.0246306
0.0248195
0.025009
0.0251988
0.0253891
0.0255798
0.025771
0.0259625
0.0261545
0.0263469
0.0265398
0.026733
0.0269266
0.0271207
0.0273151
0.0275099
0.0277051
0.0279007
0.0280966
0.028293
0.0284897
0.0286867
0.0288842
0.0290819
0.0292801
0.0294786
0.0296774
0.0298765
0.030076
0.0302758
0.030476
0.0306764
0.0308772
0.0310783
0.0312797
0.0314814
0.0316834
0.0318857
0.0320883
0.0322911
0.0324943
0.0326977
0.0329014
0.0331053
0.0333095
0.033514
0.0337187
0.0339237
0.0341289
0.0343344
0.03454
0.034746
0.0349521
0.0351585
0.035365
0.0355718
0.0357788
0.035986
0.0361934
0.036401
0.0366088
0.0368167
0.0370249
0.0372332
0.0374417
0.0376503
0.0378591
0.0380681
0.0382772
0.0384865
0.0386959
0.0389054
0.0391151
0.0393249
0.0395348
0.0397449
0.039955
0.0401653
0.0403757
0.0405861
0.0407967
0.0410074
0.0412181
0.0414289
0.0416398
0.0418508
0.0420619
0.042273
0.0424841
0.0426953
0.0429066
0.0431179
0.0433293
0.0435406
0.0437521
0.0439635
0.044175
0.0443864
0.0445979
0.0448094
0.0450209
0.0452324
0.0454439
0.0456553
0.0458668
0.0460782
0.0462896
0.046501
0.0467123
0.0469236
0.0471349
0.0473461
0.0475572
0.0477683
0.0479793
0.0481903
0.0484011
0.0486119
0.0488226
0.0490333
0.0492438
0.0494543
0.0496646
0.0498748
0.0500849
0.050295
0.0505048
0.0507146
0.0509242
0.0511337
0.0513431
0.0515523
0.0517614
0.0519703
0.052179
0.0523876
0.0525961
0.0528043
0.0530124
0.0532203
0.053428
0.0536355
0.0538429
0.05405
0.0542569
0.0544636
0.0546701
0.0548764
0.0550825
0.0552883
0.0554939
0.0556993
0.0559045
0.0561093
0.056314
0.0565184
0.0567225
0.0569264
0.0571299
0.0573333
0.0575363
0.0577391
0.0579416
0.0581438
0.0583457
0.0585473
0.0587485
0.0589495
0.0591502
0.0593506
0.0595506
0.0597503
0.0599497
0.0601487
0.0603474
0.0605458
0.0607438
0.0609415
0.0611388
0.0613357
0.0615323
0.0617285
0.0619243
0.0621198
0.0623149
0.0625096
0.0627039
0.0628977
0.0630912
0.0632843
0.063477
0.0636693
0.0638612
0.0640526
0.0642436
0.0644342
0.0646243
0.064814
0.0650033
0.0651921
0.0653805
0.0655684
0.0657558
0.0659428
0.0661293
0.0663154
0.0665009
0.066686
0.0668706
0.0670548
0.0672384
0.0674215
0.0676041
0.0677863
0.0679679
0.068149
0.0683296
0.0685096
0.0686892
0.0688682
0.0690467
0.0692246
0.069402
0.0695789
0.0697552
0.0699309
0.0701061
0.0702808
0.0704549
0.0706284
0.0708013
0.0709737
0.0711454
0.0713166
0.0714872
0.0716573
0.0718267
0.0719955
0.0721637
0.0723314
0.0724984
0.0726648
0.0728305
0.0729957
0.0731602
0.0733241
0.0734874
0.0736501
0.0738121
0.0739734
0.0741341
0.0742942
0.0744536
0.0746123
0.0747704
0.0749279
0.0750846
0.0752407
0.0753961
0.0755509
0.0757049
0.0758583
0.076011
0.076163
0.0763143
0.0764649
0.0766148
0.076764
0.0769125
0.0770602
0.0772073
0.0773536
0.0774993
0.0776441
0.0777883
0.0779318
0.0780745
0.0782164
0.0783577
0.0784981
0.0786379
0.0787769
0.0789151
0.0790526
0.0791893
0.0793253
0.0794604
0.0795949
0.0797285
0.0798614
0.0799935
0.0801248
0.0802554
0.0803851
0.0805141
0.0806423
0.0807697
0.0808962
0.081022
0.081147
0.0812712
0.0813946
0.0815171
0.0816389
0.0817598
0.0818799
0.0819992
0.0821176
0.0822353
0.0823521
0.0824681
0.0825832
0.0826975
0.082811
0.0829236
0.0830354
0.0831463
0.0832564
0.0833656
0.083474
0.0835815
0.0836881
0.0837939
0.0838989
0.0840029
0.0841061
0.0842084
0.0843099
0.0844105
0.0845102
0.084609
0.0847069
0.084804
0.0849001
0.0849954
0.0850898
0.0851833
0.0852759
0.0853676
0.0854584
0.0855483
0.0856373
0.0857254
0.0858125
0.0858988
0.0859842
0.0860686
0.0861522
0.0862348
0.0863165
0.0863973
0.0864771
0.0865561
0.0866341
0.0867111
0.0867873
0.0868625
0.0869368
0.0870102
0.0870826
0.0871541
0.0872246
0.0872942
0.0873629
0.0874306
0.0874974
0.0875632
0.0876281
0.087692
0.087755
0.087817
0.0878781
0.0879382
0.0879974
0.0880556
0.0881128
0.0881691
0.0882245
0.0882788
0.0883322
0.0883847
0.0884361
0.0884866
0.0885362
0.0885847
0.0886323
0.0886789
0.0887246
0.0887693
0.088813
0.0888557
0.0888974
0.0889382
0.088978
0.0890168
0.0890546
0.0890915
0.0891274
0.0891623
0.0891962
0.0892291
0.089261
0.089292
0.0893219
0.0893509
0.0893789
0.0894059
0.0894319
0.0894569
0.089481
0.089504
0.0895261
0.0895471
0.0895672
0.0895863
0.0896044
0.0896214
0.0896375
0.0896526
0.0896667
0.0896799
0.089692
0.0897031
0.0897132
0.0897224
0.0897305
0.0897376
0.0897438
0.0897489
0.0897531
0.0897562
0.0897584
0.0897596
0.0897597
0.0897589
0.0897571
0.0897543
0.0897504
0.0897456
0.0897398
0.089733
0.0897252
0.0897164
0.0897066
0.0896958
0.089684
0.0896712
0.0896575
0.0896427
0.0896269
0.0896102
0.0895924
0.0895737
0.0895539
0.0895332
0.0895115
0.0894888
0.0894651
0.0894404
0.0894147
0.089388
0.0893603
0.0893317
0.0893021
0.0892714
0.0892398
0.0892072
0.0891737
0.0891391
0.0891036
0.089067
0.0890295
0.088991
0.0889516
0.0889111
0.0888697
0.0888273
0.0887839
0.0887396
0.0886943
0.088648
0.0886007
0.0885525
0.0885032
0.0884531
0.0884019
0.0883498
0.0882967
0.0882427
0.0881877
0.0881317
0.0880748
0.0880169
0.0879581
0.0878983
0.0878375
0.0877758
0.0877131
0.0876495
0.0875849
0.0875194
0.087453
0.0873856
0.0873172
0.0872479
0.0871777
0.0871065
0.0870344
0.0869614
0.0868874
0.0868125
0.0867366
0.0866599
0.0865822
0.0865035
0.086424
0.0863435
0.0862621
0.0861798
0.0860966
0.0860124
0.0859274
0.0858414
0.0857545
0.0856667
0.085578
0.0854884
0.0853979
0.0853065
0.0852142
0.0851211
0.085027
0.084932
0.0848361
0.0847394
0.0846417
0.0845432
0.0844438
0.0843435
0.0842424
0.0841403
0.0840374
0.0839337
0.083829
0.0837235
0.0836171
0.0835099
0.0834018
0.0832929
0.0831831
0.0830724
0.0829609
0.0828486
0.0827354
0.0826214
0.0825065
0.0823908
0.0822743
0.082157
0.0820388
0.0819198
0.0817999
0.0816793
0.0815578
0.0814355
0.0813124
0.0811885
0.0810638
0.0809383
0.0808119
0.0806848
0.0805569
0.0804282
0.0802987
0.0801684
0.0800374
0.0799055
0.0797729
0.0796395
0.0795053
0.0793704
0.0792347
0.0790982
0.078961
0.078823
0.0786843
0.0785448
0.0784046
0.0782636
0.0781219
0.0779794
0.0778362
0.0776923
0.0775476
0.0774023
0.0772561
0.0771093
0.0769618
0.0768135
0.0766646
0.0765149
0.0763646
0.0762135
0.0760617
0.0759093
0.0757561
0.0756023
0.0754478
0.0752926
0.0751367
0.0749802
0.074823
0.0746651
0.0745066
0.0743474
0.0741876
0.0740271
0.0738659
0.0737041
0.0735417
0.0733786
0.0732149
0.0730506
0.0728857
0.0727201
0.0725539
0.0723871
0.0722197
0.0720517
0.071883
0.0717138
0.071544
0.0713736
0.0712026
0.071031
0.0708588
0.0706861
0.0705128
0.0703389
0.0701644
0.0699894
0.0698138
0.0696377
0.069461
0.0692838
0.069106
0.0689277
0.0687489
0.0685695
0.0683897
0.0682092
0.0680283
0.0678469
0.0676649
0.0674825
0.0672995
0.067116
0.0669321
0.0667476
0.0665627
0.0663773
0.0661914
0.066005
0.0658182
0.0656309
0.0654432
0.0652549
0.0650663
0.0648772
0.0646876
0.0644976
0.0643072
0.0641163
0.063925
0.0637333
0.0635412
0.0633486
0.0631557
0.0629623
0.0627685
0.0625744
0.0623798
0.0621849
0.0619895
0.0617938
0.0615977
0.0614013
0.0612045
0.0610073
0.0608097
0.0606118
0.0604136
0.060215
0.0600161
0.0598168
0.0596172
0.0594173
0.059217
0.0590165
0.0588156
0.0586144
0.0584129
0.0582111
0.058009
0.0578066
0.0576039
0.057401
0.0571978
0.0569942
0.0567905
0.0565864
0.0563821
0.0561776
0.0559728
0.0557677
0.0555624
0.0553569
0.0551511
0.0549451
0.0547389
0.0545325
0.0543258
0.054119
0.0539119
0.0537047
0.0534972
0.0532895
0.0530817
0.0528737
0.0526655
0.0524571
0.0522486
0.0520399
0.051831
0.051622
0.0514128
0.0512035
0.0509941
0.0507845
0.0505748
0.0503649
0.050155
0.0499449
0.0497347
0.0495244
0.049314
0.0491035
0.0488929
0.0486822
0.0484714
0.0482606
0.0480496
0.0478386
0.0476276
0.0474164
0.0472053
0.046994
0.0467827
0.0465714
0.0463601
0.0461487
0.0459373
0.0457258
0.0455143
0.0453029
0.0450914
0.0448799
0.0446684
0.0444569
0.0442454
0.044034
0.0438225
0.0436111
0.0433997
0.0431884
0.042977
0.0427658
0.0425545
0.0423433
0.0421322
0.0419212
0.0417102
0.0414992
0.0412884
0.0410776
0.0408669
0.0406563
0.0404458
0.0402354
0.0400251
0.0398149
0.0396048
0.0393949
0.039185
0.0389753
0.0387657
0.0385563
0.038347
0.0381378
0.0379288
0.0377199
0.0375112
0.0373027
0.0370943
0.0368861
0.0366781
0.0364702
0.0362626
0.0360551
0.0358479
0.0356408
0.0354339
0.0352273
0.0350209
0.0348146
0.0346087
0.0344029
0.0341974
0.0339921
0.033787
0.0335822
0.0333777
0.0331734
0.0329693
0.0327655
0.032562
0.0323588
0.0321558
0.0319532
0.0317508
0.0315487
0.0313469
0.0311454
0.0309442
0.0307433
0.0305428
0.0303425
0.0301426
0.029943
0.0297437
0.0295448
0.0293462
0.029148
0.0289501
0.0287525
0.0285553
0.0283585
0.028162
0.027966
0.0277703
0.0275749
0.02738
0.0271854
0.0269913
0.0267975
0.0266041
0.0264112
0.0262186
0.0260265
0.0258348
0.0256435
0.0254526
0.0252622
0.0250722
0.0248826
0.0246935
0.0245048
0.0243166
0.0241289
0.0239416
0.0237548
0.0235684
0.0233825
0.0231971
0.0230122
0.0228277
0.0226438
0.0224603
0.0222773
0.0220949
0.0219129
0.0217315
0.0215505
0.0213701
0.0211902
0.0210109
0.020832
0.0206537
0.020476
0.0202988
0.0201221
0.019946
0.0197704
0.0195954
0.0194209
0.019247
0.0190737
0.018901
0.0187288
0.0185572
0.0183862
0.0182158
0.018046
0.0178768
0.0177081
0.0175401
0.0173727
0.0172059
0.0170397
0.0168741
0.0167092
0.0165448
0.0163812
0.0162181
0.0160557
0.0158939
0.0157327
0.0155722
0.0154124
0.0152532
0.0150947
0.0149368
0.0147796
0.0146231
0.0144672
0.014312
0.0141575
0.0140037
0.0138505
0.0136981
0.0135463
0.0133952
0.0132449
0.0130952
0.0129462
0.012798
0.0126505
0.0125036
0.0123575
0.0122122
0.0120675
0.0119236
0.0117804
0.0116379
0.0114962
0.0113552
0.011215
0.0110755
0.0109368
0.0107988
0.0106616
0.0105251
0.0103894
0.0102544
0.0101203
0.00998688
0.00985426
0.00972242
0.00959135
0.00946107
0.00933158
0.00920288
0.00907496
0.00894785
0.00882153
0.00869601
0.0085713
0.00844739
0.00832429
0.008202
0.00808053
0.00795987
0.00784004
0.00772103
0.00760284
0.00748548
0.00736895
0.00725325
0.00713839
0.00702437
0.00691118
0.00679885
0.00668735
0.00657671
0.00646691
0.00635797
0.00624988
0.00614265
0.00603629
0.00593078
0.00582614
0.00572237
0.00561946
0.00551743
0.00541627
0.00531599
0.00521659
0.00511806
0.00502042
0.00492367
0.0048278
0.00473283
0.00463874
0.00454555
0.00445325
0.00436185
0.00427135
0.00418175
0.00409306
0.00400527
0.00391839
0.00383242
0.00374736
0.00366322
0.00357999
0.00349767
0.00341628
0.0033358
0.00325625
0.00317763
0.00309993
0.00302315
0.00294731
0.0028724
0.00279842
0.00272537
0.00265326
0.00258209
0.00251186
0.00244257
0.00237422
0.00230682
0.00224036
0.00217485
0.00211028
0.00204667
0.001984
0.00192229
0.00186154
0.00180174
0.00174289
0.00168501
0.00162808
0.00157211
0.00151711
0.00146306
0.00140998
0.00135787
0.00130673
0.00125655
0.00120734
0.0011591
0.00111183
0.00106553
0.0010202
0.000975854
0.000932478
0.000890078
0.000848656
0.000808211
0.000768744
0.000730257
0.000692751
0.000656226
0.000620683
0.000586123
0.000552546
0.000519954
0.000488347
0.000457725
0.00042809
0.000399442
0.000371782
0.000345111
0.000319428
0.000294735
0.000271032
0.000248319
0.000226598
0.000205868
0.00018613
0.000167385
0.000149633
0.000132874
0.000117108
0.000102337
8.85602e-05
7.57779e-05
6.39906e-05
5.31985e-05
4.34018e-05
3.46008e-05
2.67956e-05
1.99865e-05
1.41736e-05
9.35693e-06
5.53672e-06
2.71302e-06
8.85891e-07
5.53683e-08
2.21473e-07
1.3842e-06
3.54353e-06
6.6994e-06
1.08518e-05
1.60005e-05
2.21455e-05
2.92867e-05
3.74238e-05
4.65567e-05
5.66853e-05
6.78091e-05
7.99282e-05
9.3042e-05
0.00010715
0.000122253
0.00013835
0.00015544
0.000173523
0.000192599
0.000212668
0.000233728
0.00025578
0.000278823
0.000302856
0.000327879
0.000353891
0.000380893
0.000408882
0.000437859
0.000467823
0.000498773
0.000530708
0.000563629
0.000597533
0.000632421
0.000668292
0.000705144
0.000742977
0.000781791
0.000821584
0.000862355
0.000904103
0.000946828
0.000990529
0.0010352
0.00108085
0.00112747
0.00117507
0.00122363
0.00127316
0.00132367
0.00137514
0.00142757
0.00148097
0.00153533
0.00159066
0.00164695
0.00170419
0.0017624
0.00182156
0.00188168
0.00194276
0.00200479
0.00206777
0.0021317
0.00219658
0.00226241
0.00232918
0.0023969
0.00246556
0.00253517
0.00260571
0.0026772
0.00274962
0.00282297
0.00289727
0.00297249
0.00304864
0.00312572
0.00320373
0.00328267
0.00336253
0.00344331
0.00352501
0.00360763
0.00369116
0.00377561
0.00386098
0.00394725
0.00403443
0.00412252
0.00421152
0.00430142
0.00439222
0.00448392
0.00457651
0.00467
0.00476439
0.00485966
0.00495582
0.00505287
0.00515081
0.00524962
0.00534932
0.00544989
0.00555134
0.00565367
0.00575686
0.00586092
0.00596585
0.00607165
0.0061783
0.00628582
0.00639419
0.00650342
0.00661349
0.00672442
0.0068362
0.00694882
0.00706228
0.00717658
0.00729172
0.0074077
0.00752451
0.00764214
0.00776061
0.00787989
0.008
0.00812093
0.00824268
0.00836523
0.0084886
0.00861278
0.00873776
0.00886355
0.00899013
0.00911751
0.00924569
0.00937466
0.00950441
0.00963495
0.00976628
0.00989838
0.0100313
0.0101649
0.0102993
0.0104345
0.0105705
0.0107072
0.0108447
0.0109829
0.0111219
0.0112617
0.0114021
0.0115434
0.0116853
0.011828
0.0119715
0.0121156
0.0122605
0.0124062
0.0125525
0.0126996
0.0128473
0.0129958
0.013145
0.0132949
0.0134455
0.0135968
0.0137488
0.0139015
0.0140549
0.0142089
0.0143637
0.0145191
0.0146752
0.0148319
0.0149894
0.0151474
0.0153062
0.0154656
0.0156257
0.0157864
0.0159477
0.0161097
0.0162724
0.0164356
0.0165996
0.0167641
0.0169292
0.017095
0.0172614
0.0174284
0.017596
0.0177643
0.0179331
0.0181025
0.0182725
0.0184432
0.0186144
0.0187861
0.0189585
0.0191314
0.0193049
0.019479
0.0196537
0.0198289
0.0200046
0.0201809
0.0203578
0.0205352
0.0207131
0.0208916
0.0210706
0.0212501
0.0214302
0.0216108
0.0217919
0.0219735
0.0221556
0.0223383
0.0225214
0.022705
0.0228891
0.0230738
0.0232588
0.0234444
0.0236305
0.023817
0.024004
0.0241914
0.0243793
0.0245677
0.0247565
0.0249458
0.0251355
0.0253256
0.0255162
0.0257072
0.0258986
0.0260905
0.0262828
0.0264754
0.0266685
0.026862
0.0270559
0.0272502
0.0274449
0.02764
0.0278354
0.0280313
0.0282275
0.0284241
0.028621
0.0288183
0.029016
0.029214
0.0294124
0.0296111
0.0298101
0.0300095
0.0302092
0.0304092
0.0306096
0.0308103
0.0310112
0.0312125
0.0314141
0.031616
0.0318182
0.0320207
0.0322235
0.0324265
0.0326298
0.0328334
0.0330373
0.0332414
0.0334458
0.0336505
0.0338553
0.0340605
0.0342658
0.0344715
0.0346773
0.0348834
0.0350896
0.0352962
0.0355029
0.0357098
0.0359169
0.0361243
0.0363318
0.0365395
0.0367474
0.0369555
0.0371637
0.0373722
0.0375808
0.0377895
0.0379984
0.0382075
0.0384167
0.0386261
0.0388356
0.0390452
0.039255
0.0394648
0.0396748
0.039885
0.0400952
0.0403055
0.040516
0.0407265
0.0409371
0.0411479
0.0413587
0.0415695
0.0417805
0.0419915
0.0422026
0.0424137
0.0426249
0.0428362
0.0430475
0.0432588
0.0434702
0.0436816
0.043893
0.0441045
0.0443159
0.0445274
0.0447389
0.0449504
0.0451619
0.0453734
0.0455848
0.0457963
0.0460077
0.0462191
0.0464305
0.0466419
0.0468532
0.0470644
0.0472757
0.0474868
0.0476979
0.047909
0.0481199
0.0483308
0.0485417
0.0487524
0.0489631
0.0491736
0.0493841
0.0495945
0.0498048
0.0500149
0.050225
0.0504349
0.0506447
0.0508544
0.0510639
0.0512733
0.0514826
0.0516917
0.0519007
0.0521095
0.0523181
0.0525266
0.0527349
0.0529431
0.053151
0.0533588
0.0535664
0.0537738
0.053981
0.054188
0.0543948
0.0546013
0.0548077
0.0550138
0.0552197
0.0554254
0.0556309
0.0558361
0.0560411
0.0562458
0.0564503
0.0566545
0.0568584
0.0570621
0.0572655
0.0574687
0.0576715
0.0578741
0.0580764
0.0582784
0.0584801
0.0586815
0.0588826
0.0590833
0.0592838
0.059484
0.0596838
0.0598833
0.0600824
0.0602812
0.0604797
0.0606778
0.0608756
0.061073
0.0612701
0.0614668
0.0616631
0.0618591
0.0620547
0.0622499
0.0624447
0.0626391
0.0628332
0.0630268
0.06322
0.0634128
0.0636053
0.0637973
0.0639888
0.06418
0.0643707
0.064561
0.0647508
0.0649402
0.0651292
0.0653177
0.0655058
0.0656934
0.0658805
0.0660672
0.0662534
0.0664391
0.0666244
0.0668092
0.0669934
0.0671772
0.0673605
0.0675433
0.0677256
0.0679074
0.0680887
0.0682694
0.0684497
0.0686294
0.0688086
0.0689872
0.0691654
0.0693429
0.06952
0.0696965
0.0698724
0.0700478
0.0702226
0.0703969
0.0705706
0.0707437
0.0709163
0.0710882
0.0712596
0.0714304
0.0716007
0.0717703
0.0719393
0.0721077
0.0722756
0.0724428
0.0726094
0.0727754
0.0729407
0.0731055
0.0732696
0.0734331
0.0735959
0.0737581
0.0739197
0.0740806
0.0742409
0.0744005
0.0745595
0.0747178
0.0748755
0.0750324
0.0751888
0.0753444
0.0754994
0.0756536
0.0758073
0.0759602
0.0761124
0.0762639
0.0764148
0.0765649
0.0767143
0.076863
0.077011
0.0771583
0.0773049
0.0774508
0.0775959
0.0777403
0.077884
0.078027
0.0781692
0.0783107
0.0784514
0.0785914
0.0787306
0.0788691
0.0790068
0.0791438
0.07928
0.0794155
0.0795502
0.0796841
0.0798172
0.0799496
0.0800811
0.080212
0.080342
0.0804712
0.0805996
0.0807273
0.0808541
0.0809802
0.0811054
0.0812299
0.0813535
0.0814764
0.0815984
0.0817196
0.08184
0.0819595
0.0820783
0.0821962
0.0823132
0.0824295
0.0825449
0.0826595
0.0827732
0.0828861
0.0829982
0.0831094
0.0832198
0.0833293
0.0834379
0.0835457
0.0836527
0.0837588
0.083864
0.0839683
0.0840718
0.0841744
0.0842762
0.084377
0.084477
0.0845761
0.0846744
0.0847717
0.0848682
0.0849637
0.0850584
0.0851522
0.0852451
0.0853371
0.0854282
0.0855184
0.0856077
0.0856961
0.0857836
0.0858702
0.0859558
0.0860406
0.0861244
0.0862073
0.0862894
0.0863704
0.0864506
0.0865298
0.0866082
0.0866856
0.086762
0.0868376
0.0869122
0.0869858
0.0870586
0.0871304
0.0872012
0.0872711
0.0873401
0.0874081
0.0874752
0.0875414
0.0876066
0.0876708
0.0877341
0.0877965
0.0878579
0.0879183
0.0879778
0.0880363
0.0880939
0.0881505
0.0882061
0.0882608
0.0883145
0.0883673
0.0884191
0.0884699
0.0885198
0.0885686
0.0886166
0.0886635
0.0887095
0.0887545
0.0887985
0.0888416
0.0888836
0.0889247
0.0889648
0.089004
0.0890421
0.0890793
0.0891155
0.0891507
0.089185
0.0892182
0.0892505
0.0892818
0.0893121
0.0893414
0.0893697
0.089397
0.0894234
0.0894487
0.0894731
0.0894964
0.0895188
0.0895402
0.0895606
0.08958
0.0895984
0.0896159
0.0896323
0.0896477
0.0896622
0.0896756
0.0896881
0.0896995
0.08971
0.0897194
0.0897279
0.0897354
0.0897419
0.0897473
0.0897518
0.0897553
0.0897578
0.0897593
0.0897598
0.0897593
0.0897578
0.0897553
0.0897518
0.0897473
0.0897419
0.0897354
0.0897279
0.0897194
0.08971
0.0896995
0.0896881
0.0896756
0.0896622
0.0896477
0.0896323
0.0896159
0.0895984
0.08958
0.0895606
0.0895402
0.0895188
0.0894964
0.0894731
0.0894487
0.0894234
0.089397
0.0893697
0.0893414
0.0893121
0.0892818
0.0892505
0.0892182
0.089185
0.0891507
0.0891155
0.0890793
0.0890421
0.089004
0.0889648
0.0889247
0.0888836
0.0888416
0.0887985
0.0887545
0.0887095
0.0886635
0.0886166
0.0885686
0.0885198
0.0884699
0.0884191
0.0883673
0.0883145
0.0882608
0.0882061
0.0881505
0.0880939
0.0880363
0.0879778
0.0879183
0.0878579
0.0877965
0.0877341
0.0876708
0.0876066
0.0875414
0.0874752
0.0874081
0.0873401
0.0872711
0.0872012
0.0871304
0.0870586
0.0869858
0.0869122
0.0868376
0.086762
0.0866856
0.0866082
0.0865298
0.0864506
0.0863704
0.0862894
0.0862073
0.0861244
0.0860406
0.0859558
0.0858702
0.0857836
0.0856961
0.0856077
0.0855184
0.0854282
0.0853371
0.0852451
0.0851522
0.0850584
0.0849637
0.0848682
0.0847717
0.0846744
0.0845761
0.084477
0.084377
0.0842762
0.0841744
0.0840718
0.0839683
0.083864
0.0837588
0.0836527
0.0835457
0.0834379
0.0833293
0.0832198
0.0831094
0.0829982
0.0828861
0.0827732
0.0826595
0.0825449
0.0824295
0.0823132
0.0821962
0.0820783
0.0819595
0.08184
0.0817196
0.0815984
0.0814764
0.0813535
0.0812299
0.0811054
0.0809802
0.0808541
0.0807273
0.0805996
0.0804712
0.080342
0.080212
0.0800811
0.0799496
0.0798172
0.0796841
0.0795502
0.0794155
0.07928
0.0791438
0.0790068
0.0788691
0.0787306
0.0785914
0.0784514
0.0783107
0.0781692
0.078027
0.077884
0.0777403
0.0775959
0.0774508
0.0773049
0.0771583
0.077011
0.076863
0.0767143
0.0765649
0.0764148
0.0762639
0.0761124
0.0759602
0.0758073
0.0756536
0.0754994
0.0753444
0.0751888
0.0750324
0.0748755
0.0747178
0.0745595
0.0744005
0.0742409
0.0740806
0.0739197
0.0737581
0.0735959
0.0734331
0.0732696
0.0731055
0.0729407
0.0727754
0.0726094
0.0724428
0.0722756
0.0721077
0.0719393
0.0717703
0.0716007
0.0714304
0.0712596
0.0710882
0.0709163
0.0707437
0.0705706
0.0703969
0.0702226
0.0700478
0.0698724
0.0696965
0.06952
0.0693429
0.0691654
0.0689872
0.0688086
0.0686294
0.0684497
0.0682694
0.0680887
0.0679074
0.0677256
0.0675433
0.0673605
0.0671772
0.0669934
0.0668092
0.0666244
0.0664391
0.0662534
0.0660672
0.0658805
0.0656934
0.0655058
0.0653177
0.0651292
0.0649402
0.0647508
0.064561
0.0643707
0.06418
0.0639888
0.0637973
0.0636053
0.0634128
0.06322
0.0630268
0.0628332
0.0626391
0.0624447
0.0622499
0.0620547
0.0618591
0.0616631
0.0614668
0.0612701
0.061073
0.0608756
0.0606778
0.0604797
0.0602812
0.0600824
0.0598833
0.0596838
0.059484
0.0592838
0.0590833
0.0588826
0.0586815
0.0584801
0.0582784
0.0580764
0.0578741
0.0576715
0.0574687
0.0572655
0.0570621
0.0568584
0.0566545
0.0564503
0.0562458
0.0560411
0.0558361
0.0556309
0.0554254
0.0552197
0.0550138
0.0548077
0.0546013
0.0543948
0.054188
0.053981
0.0537738
0.0535664
0.0533588
0.053151
0.0529431
0.0527349
0.0525266
0.0523181
0.0521095
0.0519007
0.0516917
0.0514826
0.0512733
0.0510639
0.0508544
0.0506447
0.0504349
0.050225
0.0500149
0.0498048
0.0495945
0.0493841
0.0491736
0.0489631
0.0487524
0.0485417
0.0483308
0.0481199
0.047909
0.0476979
0.0474868
0.0472757
0.0470644
0.0468532
0.0466419
0.0464305
0.0462191
0.0460077
0.0457963
0.0455848
0.0453734
0.0451619
0.0449504
0.0447389
0.0445274
0.0443159
0.0441045
0.043893
0.0436816
0.0434702
0.0432588
0.0430475
0.0428362
0.0426249
0.0424137
0.0422026
0.0419915
0.0417805
0.0415695
0.0413587
0.0411479
0.0409371
0.0407265
0.040516
0.0403055
0.0400952
0.039885
0.0396748
0.0394648
0.039255
0.0390452
0.0388356
0.0386261
0.0384167
0.0382075
0.0379984
0.0377895
0.0375808
0.0373722
0.0371637
0.0369555
0.0367474
0.0365395
0.0363318
0.0361243
0.0359169
0.0357098
0.0355029
0.0352962
0.0350896
0.0348834
0.0346773
0.0344715
0.0342658
0.0340605
0.0338553
0.0336505
0.0334458
0.0332414
0.0330373
0.0328334
0.0326298
0.0324265
0.0322235
0.0320207
0.0318182
0.031616
0.0314141
0.0312125
0.0310112
0.0308103
0.0306096
0.0304092
0.0302092
0.0300095
0.0298101
0.0296111
0.0294124
0.029214
0.029016
0.0288183
0.028621
0.0284241
0.0282275
0.0280313
0.0278354
0.02764
0.0274449
0.0272502
0.0270559
0.026862
0.0266685
0.0264754
0.0262828
0.0260905
0.0258986
0.0257072
0.0255162
0.0253256
0.0251355
0.0249458
0.0247565
0.0245677
0.0243793
0.0241914
0.024004
0.023817
0.0236305
0.0234444
0.0232588
0.0230738
0.0228891
0.022705
0.0225214
0.0223383
0.0221556
0.0219735
0.0217919
0.0216108
0.0214302
0.0212501
0.0210706
0.0208916
0.0207131
0.0205352
0.0203578
0.0201809
0.0200046
0.0198289
0.0196537
0.019479
0.0193049
0.0191314
0.0189585
0.0187861
0.0186144
0.0184432
0.0182725
0.0181025
0.0179331
0.0177643
0.017596
0.0174284
0.0172614
0.017095
0.0169292
0.0167641
0.0165996
0.0164356
0.0162724
0.0161097
0.0159477
0.0157864
0.0156257
0.0154656
0.0153062
0.0151474
0.0149894
0.0148319
0.0146752
0.0145191
0.0143637
0.0142089
0.0140549
0.0139015
0.0137488
0.0135968
0.0134455
0.0132949
0.013145
0.0129958
0.0128473
0.0126996
0.0125525
0.0124062
0.0122605
0.0121156
0.0119715
0.011828
0.0116853
0.0115434
0.0114021
0.0112617
0.0111219
0.0109829
0.0108447
0.0107072
0.0105705
0.0104345
0.0102993
0.0101649
0.0100313
0.00989838
0.00976628
0.00963495
0.00950441
0.00937466
0.00924569
0.00911751
0.00899013
0.00886355
0.00873776
0.00861278
0.0084886
0.00836523
0.00824268
0.00812093
0.008
0.00787989
0.00776061
0.00764214
0.00752451
0.0074077
0.00729172
0.00717658
0.00706228
0.00694882
0.0068362
0.00672442
0.00661349
0.00650342
0.00639419
0.00628582
0.0061783
0.00607165
0.00596585
0.00586092
0.00575686
0.00565367
0.00555134
0.00544989
0.00534932
0.00524962
0.00515081
0.00505287
0.00495582
0.00485966
0.00476439
0.00467
0.00457651
0.00448392
0.00439222
0.00430142
0.00421152
0.00412252
0.00403443
0.00394725
0.00386098
0.00377561
0.00369116
0.00360763
0.00352501
0.00344331
0.00336253
0.00328267
0.00320373
0.00312572
0.00304864
0.00297249
0.00289727
0.00282297
0.00274962
0.0026772
0.00260571
0.00253517
0.00246556
0.0023969
0.00232918
0.00226241
0.00219658
0.0021317
0.00206777
0.00200479
0.00194276
0.00188168
0.00182156
0.0017624
0.00170419
0.00164695
0.00159066
0.00153533
0.00148097
0.00142757
0.00137514
0.00132367
0.00127316
0.00122363
0.00117507
0.00112747
0.00108085
0.0010352
0.000990529
0.000946828
0.000904103
0.000862355
0.000821584
0.000781791
0.000742977
0.000705144
0.000668292
0.000632421
0.000597533
0.000563629
0.000530708
0.000498773
0.000467823
0.000437859
0.000408882
0.000380893
0.000353891
0.000327879
0.000302856
0.000278823
0.00025578
0.000233728
0.000212668
0.000192599
0.000173523
0.00015544
0.00013835
0.000122253
0.00010715
9.3042e-05
7.99282e-05
6.78091e-05
5.66853e-05
4.65567e-05
3.74238e-05
2.92867e-05
2.21455e-05
1.60005e-05
1.08518e-05
6.6994e-06
3.54353e-06
1.3842e-06
2.21473e-07
5.53683e-08
8.85891e-07
2.71302e-06
5.53672e-06
9.35693e-06
1.41736e-05
1.99865e-05
2.67956e-05
3.46008e-05
4.34018e-05
5.31985e-05
6.39906e-05
7.57779e-05
8.85602e-05
0.000102337
0.000117108
0.000132874
0.000149633
0.000167385
0.00018613
0.000205868
0.000226598
0.000248319
0.000271032
0.000294735
0.000319428
0.000345111
0.000371782
0.000399442
0.00042809
0.000457725
0.000488347
0.000519954
0.000552546
0.000586123
0.000620683
0.000656226
0.000692751
0.000730257
0.000768744
0.000808211
0.000848656
0.000890078
0.000932478
0.000975854
0.0010202
0.00106553
0.00111183
0.0011591
0.00120734
0.00125655
0.00130673
0.00135787
0.00140998
0.00146306
0.00151711
0.00157211
0.00162808
0.00168501
0.00174289
0.00180174
0.00186154
0.00192229
0.001984
0.00204667
0.00211028
0.00217485
0.00224036
0.00230682
0.00237422
0.00244257
0.00251186
0.00258209
0.00265326
0.00272537
0.00279842
0.0028724
0.00294731
0.00302315
0.00309993
0.00317763
0.00325625
0.0033358
0.00341628
0.00349767
0.00357999
0.00366322
0.00374736
0.00383242
0.00391839
0.00400527
0.00409306
0.00418175
0.00427135
0.00436185
0.00445325
0.00454555
0.00463874
0.00473283
0.0048278
0.00492367
0.00502042
0.00511806
0.00521659
0.00531599
0.00541627
0.00551743
0.00561946
0.00572237
0.00582614
0.00593078
0.00603629
0.00614265
0.00624988
0.00635797
0.00646691
0.00657671
0.00668735
0.00679885
0.00691118
0.00702437
0.00713839
0.00725325
0.00736895
0.00748548
0.00760284
0.00772103
0.00784004
0.00795987
0.00808053
0.008202
0.00832429
0.00844739
0.0085713
0.00869601
0.00882153
0.00894785
0.00907496
0.00920288
0.00933158
0.00946107
0.00959135
0.00972242
0.00985426
0.00998688
0.0101203
0.0102544
0.0103894
0.0105251
0.0106616
0.0107988
0.0109368
0.0110755
0.011215
0.0113552
0.0114962
0.0116379
0.0117804
0.0119236
0.0120675
0.0122122
0.0123575
0.0125036
0.0126505
0.012798
0.0129462
0.0130952
0.0132449
0.0133952
0.0135463
0.0136981
0.0138505
0.0140037
0.0141575
0.014312
0.0144672
0.0146231
0.0147796
0.0149368
0.0150947
0.0152532
0.0154124
0.0155722
0.0157327
0.0158939
0.0160557
0.0162181
0.0163812
0.0165448
0.0167092
0.0168741
0.0170397
0.0172059
0.0173727
0.0175401
0.0177081
0.0178768
0.018046
0.0182158
0.0183862
0.0185572
0.0187288
0.018901
0.0190737
0.019247
0.0194209
0.0195954
0.0197704
0.019946
0.0201221
0.0202988
0.020476
0.0206537
0.020832
0.0210109
0.0211902
0.0213701
0.0215505
0.0217315
0.0219129
0.0220949
0.0222773
0.0224603
0.0226438
0.0228277
0.0230122
0.0231971
0.0233825
0.0235684
0.0237548
0.0239416
0.0241289
0.0243166
0.0245048
0.0246935
0.0248826
0.0250722
0.0252622
0.0254526
0.0256435
0.0258348
0.0260265
0.0262186
0.0264112
0.0266041
0.0267975
0.0269913
0.0271854
0.02738
0.0275749
0.0277703
0.027966
0.028162
0.0283585
0.0285553
0.0287525
0.0289501
0.029148
0.0293462
0.0295448
0.0297437
0.029943
0.0301426
0.0303425
0.0305428
0.0307433
0.0309442
0.0311454
0.0313469
0.0315487
0.0317508
0.0319532
0.0321558
0.0323588
0.032562
0.0327655
0.0329693
0.0331734
0.0333777
0.0335822
0.033787
0.0339921
0.0341974
0.0344029
0.0346087
0.0348146
0.0350209
0.0352273
0.0354339
0.0356408
0.0358479
0.0360551
0.0362626
0.0364702
0.0366781
0.0368861
0.0370943
0.0373027
0.0375112
0.0377199
0.0379288
0.0381378
0.038347
0.0385563
0.0387657
0.0389753
0.039185
0.0393949
0.0396048
0.0398149
0.0400251
0.0402354
0.0404458
0.0406563
0.0408669
0.0410776
0.0412884
0.0414992
0.0417102
0.0419212
0.0421322
0.0423433
0.0425545
0.0427658
0.042977
0.0431884
0.0433997
0.0436111
0.0438225
0.044034
0.0442454
0.0444569
0.0446684
0.0448799
0.0450914
0.0453029
0.0455143
0.0457258
0.0459373
0.0461487
0.0463601
0.0465714
0.0467827
0.046994
0.0472053
0.0474164
0.0476276
0.0478386
0.0480496
0.0482606
0.0484714
0.0486822
0.0488929
0.0491035
0.049314
0.0495244
0.0497347
0.0499449
0.050155
0.0503649
0.0505748
0.0507845
0.0509941
0.0512035
0.0514128
0.051622
0.051831
0.0520399
0.0522486
0.0524571
0.0526655
0.0528737
0.0530817
0.0532895
0.0534972
0.0537047
0.0539119
0.054119
0.0543258
0.0545325
0.0547389
0.0549451
0.0551511
0.0553569
0.0555624
0.0557677
0.0559728
0.0561776
0.0563821
0.0565864
0.0567905
0.0569942
0.0571978
0.057401
0.0576039
0.0578066
0.058009
0.0582111
0.0584129
0.0586144
0.0588156
0.0590165
0.059217
0.0594173
0.0596172
0.0598168
0.0600161
0.060215
0.0604136
0.0606118
0.0608097
0.0610073
0.0612045
0.0614013
0.0615977
0.0617938
0.0619895
0.0621849
0.0623798
0.0625744
0.0627685
0.0629623
0.0631557
0.0633486
0.0635412
0.0637333
0.063925
0.0641163
0.0643072
0.0644976
0.0646876
0.0648772
0.0650663
0.0652549
0.0654432
0.0656309
0.0658182
0.066005
0.0661914
0.0663773
0.0665627
0.0667476
0.0669321
0.067116
0.0672995
0.0674825
0.0676649
0.0678469
0.0680283
0.0682092
0.0683897
0.0685695
0.0687489
0.0689277
0.069106
0.0692838
0.069461
0.0696377
0.0698138
0.0699894
0.0701644
0.0703389
0.0705128
0.0706861
0.0708588
0.071031
0.0712026
0.0713736
0.071544
0.0717138
0.071883
0.0720517
0.0722197
0.0723871
0.0725539
0.0727201
0.0728857
0.0730506
0.0732149
0.0733786
0.0735417
0.0737041
0.0738659
0.0740271
0.0741876
0.0743474
0.0745066
0.0746651
0.074823
0.0749802
0.0751367
0.0752926
0.0754478
0.0756023
0.0757561
0.0759093
0.0760617
0.0762135
0.0763646
0.0765149
0.0766646
0.0768135
0.0769618
0.0771093
0.0772561
0.0774023
0.0775476
0.0776923
0.0778362
0.0779794
0.0781219
0.0782636
0.0784046
0.0785448
0.0786843
0.078823
0.078961
0.0790982
0.0792347
0.0793704
0.0795053
0.0796395
0.0797729
0.0799055
0.0800374
0.0801684
0.0802987
0.0804282
0.0805569
0.0806848
0.0808119
0.0809383
0.0810638
0.0811885
0.0813124
0.0814355
0.0815578
0.0816793
0.0817999
0.0819198
0.0820388
0.082157
0.0822743
0.0823908
0.0825065
0.0826214
0.0827354
0.0828486
0.0829609
0.0830724
0.0831831
0.0832929
0.0834018
0.0835099
0.0836171
0.0837235
0.083829
0.0839337
0.0840374
0.0841403
0.0842424
0.0843435
0.0844438
0.0845432
0.0846417
0.0847394
0.0848361
0.084932
0.085027
0.0851211
0.0852142
0.0853065
0.0853979
0.0854884
0.085578
0.0856667
0.0857545
0.0858414
0.0859274
0.0860124
0.0860966
0.0861798
0.0862621
0.0863435
0.086424
0.0865035
0.0865822
0.0866599
0.0867366
0.0868125
0.0868874
0.0869614
0.0870344
0.0871065
0.0871777
0.0872479
0.0873172
0.0873856
0.087453
0.0875194
0.0875849
0.0876495
0.0877131
0.0877758
0.0878375
0.0878983
0.0879581
0.0880169
0.0880748
0.0881317
0.0881877
0.0882427
0.0882967
0.0883498
0.0884019
0.0884531
0.0885032
0.0885525
0.0886007
0.088648
0.0886943
0.0887396
0.0887839
0.0888273
0.0888697
0.0889111
0.0889516
0.088991
0.0890295
0.089067
0.0891036
0.0891391
0.0891737
0.0892072
0.0892398
0.0892714
0.0893021
0.0893317
0.0893603
0.089388
0.0894147
0.0894404
0.0894651
0.0894888
0.0895115
0.0895332
0.0895539
0.0895737
0.0895924
0.0896102
0.0896269
0.0896427
0.0896575
0.0896712
0.089684
0.0896958
0.0897066
0.0897164
0.0897252
0.089733
0.0897398
0.0897456
0.0897504
0.0897543
0.0897571
0.0897589
0.0897597
0.0897596
0.0897584
0.0897562
0.0897531
0.0897489
0.0897438
0.0897376
0.0897305
0.0897224
0.0897132
0.0897031
0.089692
0.0896799
0.0896667
0.0896526
0.0896375
0.0896214
0.0896044
0.0895863
0.0895672
0.0895471
0.0895261
0.089504
0.089481
0.0894569
0.0894319
0.0894059
0.0893789
0.0893509
0.0893219
0.089292
0.089261
0.0892291
0.0891962
0.0891623
0.0891274
0.0890915
0.0890546
0.0890168
0.088978
0.0889382
0.0888974
0.0888557
0.088813
0.0887693
0.0887246
0.0886789
0.0886323
0.0885847
0.0885362
0.0884866
0.0884361
0.0883847
0.0883322
0.0882788
0.0882245
0.0881691
0.0881128
0.0880556
0.0879974
0.0879382
0.0878781
0.087817
0.087755
0.087692
0.0876281
0.0875632
0.0874974
0.0874306
0.0873629
0.0872942
0.0872246
0.0871541
0.0870826
0.0870102
0.0869368
0.0868625
0.0867873
0.0867111
0.0866341
0.0865561
0.0864771
0.0863973
0.0863165
0.0862348
0.0861522
0.0860686
0.0859842
0.0858988
0.0858125
0.0857254
0.0856373
0.0855483
0.0854584
0.0853676
0.0852759
0.0851833
0.0850898
0.0849954
0.0849001
0.084804
0.0847069
0.084609
0.0845102
0.0844105
0.0843099
0.0842084
0.0841061
0.0840029
0.0838989
0.0837939
0.0836881
0.0835815
0.083474
0.0833656
0.0832564
0.0831463
0.0830354
0.0829236
0.082811
0.0826975
0.0825832
0.0824681
0.0823521
0.0822353
0.0821176
0.0819992
0.0818799
0.0817598
0.0816389
0.0815171
0.0813946
0.0812712
0.081147
0.081022
0.0808962
0.0807697
0.0806423
0.0805141
0.0803851
0.0802554
0.0801248
0.0799935
0.0798614
0.0797285
0.0795949
0.0794604
0.0793253
0.0791893
0.0790526
0.0789151
0.0787769
0.0786379
0.0784981
0.0783577
0.0782164
0.0780745
0.0779318
0.0777883
0.0776441
0.0774993
0.0773536
0.0772073
0.0770602
0.0769125
0.076764
0.0766148
0.0764649
0.0763143
0.076163
0.076011
0.0758583
0.0757049
0.0755509
0.0753961
0.0752407
0.0750846
0.0749279
0.0747704
0.0746123
0.0744536
0.0742942
0.0741341
0.0739734
0.0738121
0.0736501
0.0734874
0.0733241
0.0731602
0.0729957
0.0728305
0.0726648
0.0724984
0.0723314
0.0721637
0.0719955
0.0718267
0.0716573
0.0714872
0.0713166
0.0711454
0.0709737
0.0708013
0.0706284
0.0704549
0.0702808
0.0701061
0.0699309
0.0697552
0.0695789
0.069402
0.0692246
0.0690467
0.0688682
0.0686892
0.0685096
0.0683296
0.068149
0.0679679
0.0677863
0.0676041
0.0674215
0.0672384
0.0670548
0.0668706
0.066686
0.0665009
0.0663154
0.0661293
0.0659428
0.0657558
0.0655684
0.0653805
0.0651921
0.0650033
0.064814
0.0646243
0.0644342
0.0642436
0.0640526
0.0638612
0.0636693
0.063477
0.0632843
0.0630912
0.0628977
0.0627039
0.0625096
0.0623149
0.0621198
0.0619243
0.0617285
0.0615323
0.0613357
0.0611388
0.0609415
0.0607438
0.0605458
0.0603474
0.0601487
0.0599497
0.0597503
0.0595506
0.0593506
0.0591502
0.0589495
0.0587485
0.0585473
0.0583457
0.0581438
0.0579416
0.0577391
0.0575363
0.0573333
0.0571299
0.0569264
0.0567225
0.0565184
0.056314
0.0561093
0.0559045
0.0556993
0.0554939
0.0552883
0.0550825
0.0548764
0.0546701
0.0544636
0.0542569
0.05405
0.0538429
0.0536355
0.053428
0.0532203
0.0530124
0.0528043
0.0525961
0.0523876
0.052179
0.0519703
0.0517614
0.0515523
0.0513431
0.0511337
0.0509242
0.0507146
0.0505048
0.050295
0.0500849
0.0498748
0.0496646
0.0494543
0.0492438
0.0490333
0.0488226
0.0486119
0.0484011
0.0481903
0.0479793
0.0477683
0.0475572
0.0473461
0.0471349
0.0469236
0.0467123
0.046501
0.0462896
0.0460782
0.0458668
0.0456553
0.0454439
0.0452324
0.0450209
0.0448094
0.0445979
0.0443864
0.044175
0.0439635
0.0437521
0.0435406
0.0433293
0.0431179
0.0429066
0.0426953
0.0424841
0.042273
0.0420619
0.0418508
0.0416398
0.0414289
0.0412181
0.0410074
0.0407967
0.0405861
0.0403757
0.0401653
0.039955
0.0397449
0.0395348
0.0393249
0.0391151
0.0389054
0.0386959
0.0384865
0.0382772
0.0380681
0.0378591
0.0376503
0.0374417
0.0372332
0.0370249
0.0368167
0.0366088
0.036401
0.0361934
0.035986
0.0357788
0.0355718
0.035365
0.0351585
0.0349521
0.034746
0.03454
0.0343344
0.0341289
0.0339237
0.0337187
0.033514
0.0333095
0.0331053
0.0329014
0.0326977
0.0324943
0.0322911
0.0320883
0.0318857
0.0316834
0.0314814
0.0312797
0.0310783
0.0308772
0.0306764
0.030476
0.0302758
0.030076
0.0298765
0.0296774
0.0294786
0.0292801
0.0290819
0.0288842
0.0286867
0.0284897
0.028293
0.0280966
0.0279007
0.0277051
0.0275099
0.0273151
0.0271207
0.0269266
0.026733
0.0265398
0.0263469
0.0261545
0.0259625
0.025771
0.0255798
0.0253891
0.0251988
0.025009
0.0248195
0.0246306
0.0244421
0.024254
0.0240664
0.0238793
0.0236926
0.0235064
0.0233206
0.0231354
0.0229506
0.0227663
0.0225826
0.0223993
0.0222165
0.0220342
0.0218524
0.0216711
0.0214904
0.0213101
0.0211304
0.0209512
0.0207726
0.0205944
0.0204168
0.0202398
0.0200633
0.0198874
0.019712
0.0195372
0.0193629
0.0191892
0.0190161
0.0188435
0.0186715
0.0185002
0.0183293
0.0181591
0.0179895
0.0178205
0.0176521
0.0174842
0.017317
0.0171504
0.0169844
0.0168191
0.0166543
0.0164902
0.0163267
0.0161639
0.0160017
0.0158401
0.0156792
0.0155189
0.0153593
0.0152003
0.015042
0.0148843
0.0147273
0.014571
0.0144154
0.0142604
0.0141061
0.0139525
0.0137996
0.0136474
0.0134959
0.013345
0.0131949
0.0130455
0.0128968
0.0127487
0.0126014
0.0124549
0.012309
0.0121639
0.0120194
0.0118758
0.0117328
0.0115906
0.0114491
0.0113084
0.0111684
0.0110292
0.0108907
0.010753
0.010616
0.0104798
0.0103443
0.0102096
0.0100757
0.00994259
0.00981023
0.00967864
0.00954784
0.00941782
0.00928859
0.00916015
0.0090325
0.00890565
0.0087796
0.00865435
0.0085299
0.00840627
0.00828344
0.00816142
0.00804022
0.00791984
0.00780028
0.00768154
0.00756363
0.00744654
0.00733029
0.00721487
0.00710029
0.00698655
0.00687364
0.00676159
0.00665038
0.00654001
0.0064305
0.00632185
0.00621404
0.0061071
0.00600102
0.0058958
0.00579145
0.00568797
0.00558535
0.00548361
0.00538275
0.00528276
0.00518365
0.00508542
0.00498807
0.00489162
0.00479604
0.00470136
0.00460758
0.00451468
0.00442268
0.00433158
0.00424139
0.00415209
0.0040637
0.00397621
0.00388963
0.00380397
0.00371921
0.00363537
0.00355245
0.00347044
0.00338935
0.00330919
0.00322994
0.00315162
0.00307423
0.00299777
0.00292224
0.00284763
0.00277397
0.00270123
0.00262944
0.00255858
0.00248866
0.00241968
0.00235165
0.00228456
0.00221842
0.00215322
0.00208897
0.00202567
0.00196333
0.00190194
0.0018415
0.00178202
0.00172349
0.00166592
0.00160932
0.00155367
0.00149898
0.00144526
0.00139251
0.00134072
0.00128989
0.00124004
0.00119115
0.00114323
0.00109629
0.00105031
0.00100531
0.000961287
0.000918236
0.000876162
0.000835065
0.000794946
0.000755806
0.000717646
0.000680467
0.000644269
0.000609054
0.000574821
0.000541572
0.000509309
0.00047803
0.000447737
0.000418431
0.000390113
0.000362782
0.00033644
0.000311087
0.000286724
0.000263351
0.000240969
0.000219578
0.000199179
0.000179772
0.000161357
0.000143936
0.000127508
0.000112074
9.76344e-05
8.41889e-05
7.17383e-05
6.02826e-05
4.98223e-05
4.03575e-05
3.18884e-05
2.44152e-05
1.79382e-05
1.24573e-05
7.97281e-06
4.48476e-06
1.99325e-06
4.98314e-07
0
4.98314e-07
1.99325e-06
4.48476e-06
7.97281e-06
1.24573e-05
1.79382e-05
2.44152e-05
3.18884e-05
4.03575e-05
4.98223e-05
6.02826e-05
7.17383e-05
8.41889e-05
9.76344e-05
0.000112074
0.000127508
0.000143936
0.000161357
0.000179772
0.000199179
0.000219578
0.000240969
0.000263351
0.000286724
0.000311087
0.00033644
0.000362782
0.000390113
0.000418431
0.000447737
0.00047803
0.000509309
0.000541572
0.000574821
0.000609054
0.000644269
0.000680467
0.000717646
0.000755806
0.000794946
0.000835065
0.000876162
0.000918236
0.000961287
0.00100531
0.00105031
0.00109629
0.00114323
0.00119115
0.00124004
0.00128989
0.00134072
0.00139251
0.00144526
0.00149898
0.00155367
0.00160932
0.00166592
0.00172349
0.00178202
0.0018415
0.00190194
0.00196333
0.00202567
0.00208897
0.00215322
0.00221842
0.00228456
0.00235165
0.00241968
0.00248866
0.00255858
0.00262944
0.00270123
0.00277397
0.00284763
0.00292224
0.00299777
0.00307423
0.00315162
0.00322994
0.00330919
0.00338935
0.00347044
0.00355245
0.00363537
0.00371921
0.00380397
0.00388963
0.00397621
0.0040637
0.00415209
0.00424139
0.00433158
0.00442268
0.00451468
0.00460758
0.00470136
0.00479604
0.00489162
0.00498807
0.00508542
0.00518365
0.00528276
0.00538275
0.00548361
0.00558535
0.00568797
0.00579145
0.0058958
0.00600102
0.0061071
0.00621404
0.00632185
0.0064305
0.00654001
0.00665038
0.00676159
0.00687364
0.00698655
0.00710029
0.00721487
0.00733029
0.00744654
0.00756363
0.00768154
0.00780028
0.00791984
0.00804022
0.00816142
0.00828344
0.00840627
0.0085299
0.00865435
0.0087796
0.00890565
0.0090325
0.00916015
0.00928859
0.00941782
0.00954784
0.00967864
0.00981023
0.00994259
0.0100757
0.0102096
0.0103443
0.0104798
0.010616
0.010753
0.0108907
0.0110292
0.0111684
0.0113084
0.0114491
0.0115906
0.0117328
0.0118758
0.0120194
0.0121639
0.012309
0.0124549
0.0126014
0.0127487
0.0128968
0.0130455
0.0131949
0.013345
0.0134959
0.0136474
0.0137996
0.0139525
0.0141061
0.0142604
0.0144154
0.014571
0.0147273
0.0148843
0.015042
0.0152003
0.0153593
0.0155189
0.0156792
0.0158401
0.0160017
0.0161639
0.0163267
0.0164902
0.0166543
0.0168191
0.0169844
0.0171504
0.017317
0.0174842
0.0176521
0.0178205
0.0179895
0.0181591
0.0183293
0.0185002
0.0186715
0.0188435
0.0190161
0.0191892
0.0193629
0.0195372
0.019712
0.0198874
0.0200633
0.0202398
0.0204168
0.0205944
0.0207726
0.0209512
0.0211304
0.0213101
0.0214904
0.0216711
0.0218524
0.0220342
0.0222165
0.0223993
0.0225826
0.0227663
0.0229506
0.0231354
0.0233206
0.0235064
0.0236926
0.0238793
0.0240664
0.024254
0.0244421
0.0246306
0.0248195
0.025009
0.0251988
0.0253891
0.0255798
0.025771
0.0259625
0.0261545
0.0263469
0.0265398
0.026733
0.0269266
0.0271207
0.0273151
0.0275099
0.0277051
0.0279007
0.0280966
0.028293
0.0284897
0.0286867
0.0288842
0.0290819
0.0292801
0.0294786
0.0296774
0.0298765
0.030076
0.0302758
0.030476
0.0306764
0.0308772
0.0310783
0.0312797
0.0314814
0.0316834
0.0318857
0.0320883
0.0322911
0.0324943
0.0326977
0.0329014
0.0331053
0.0333095
0.033514
0.0337187
0.0339237
0.0341289
0.0343344
0.03454
0.034746
0.0349521
0.0351585
0.035365
0.0355718
0.0357788
0.035986
0.0361934
0.036401
0.0366088
0.0368167
0.0370249
0.0372332
0.0374417
0.0376503
0.0378591
0.0380681
0.0382772
0.0384865
0.0386959
0.0389054
0.0391151
0.0393249
0.0395348
0.0397449
0.039955
0.0401653
0.0403757
0.0405861
0.0407967
0.0410074
0.0412181
0.0414289
0.0416398
0.0418508
0.0420619
0.042273
0.0424841
0.0426953
0.0429066
0.0431179
0.0433293
0.0435406
0.0437521
0.0439635
0.044175
0.0443864
0.0445979
0.0448094
0.0450209
0.0452324
0.0454439
0.0456553
0.0458668
0.0460782
0.0462896
0.046501
0.0467123
0.0469236
0.0471349
0.0473461
0.0475572
0.0477683
0.0479793
0.0481903
0.0484011
0.0486119
0.0488226
0.0490333
0.0492438
0.0494543
0.0496646
0.0498748
0.0500849
0.050295
0.0505048
0.0507146
0.0509242
0.0511337
0.0513431
0.0515523
0.0517614
0.0519703
0.052179
0.0523876
0.0525961
0.0528043
0.0530124
0.0532203
0.053428
0.0536355
0.0538429
0.05405
0.0542569
0.0544636
0.0546701
0.0548764
0.0550825
0.0552883
0.0554939
0.0556993
0.0559045
0.0561093
0.056314
0.0565184
0.0567225
0.0569264
0.0571299
0.0573333
0.0575363
0.0577391
0.0579416
0.0581438
0.0583457
0.0585473
0.0587485
0.0589495
0.0591502
0.0593506
0.0595506
0.0597503
0.0599497
0.0601487
0.0603474
0.0605458
0.0607438
0.0609415
0.0611388
0.0613357
0.0615323
0.0617285
0.0619243
0.0621198
0.0623149
0.0625096
0.0627039
0.0628977
0.0630912
0.0632843
0.063477
0.0636693
0.0638612
0.0640526
0.0642436
0.0644342
0.0646243
0.064814
0.0650033
0.0651921
0.0653805
0.0655684
0.0657558
0.0659428
0.0661293
0.0663154
0.0665009
0.066686
0.0668706
0.0670548
0.0672384
0.0674215
0.0676041
0.0677863
0.0679679
0.068149
0.0683296
0.0685096
0.0686892
0.0688682
0.0690467
0.0692246
0.069402
0.0695789
0.0697552
0.0699309
0.0701061
0.0702808
0.0704549
0.0706284
0.0708013
0.0709737
0.0711454
0.0713166
0.0714872
0.0716573
0.0718267
0.0719955
0.0721637
0.0723314
0.0724984
0.0726648
0.0728305
0.0729957
0.0731602
0.0733241
0.0734874
0.0736501
0.0738121
0.0739734
0.0741341
0.0742942
0.0744536
0.0746123
0.0747704
0.0749279
0.0750846
0.0752407
0.0753961
0.0755509
0.0757049
0.0758583
0.076011
0.076163
0.0763143
0.0764649
0.0766148
0.076764
0.0769125
0.0770602
0.0772073
0.0773536
0.0774993
0.0776441
0.0777883
0.0779318
0.0780745
0.0782164
0.0783577
0.0784981
0.0786379
0.0787769
0.0789151
0.0790526
0.0791893
0.0793253
0.0794604
0.0795949
0.0797285
0.0798614
0.0799935
0.0801248
0.0802554
0.0803851
0.0805141
0.0806423
0.0807697
0.0808962
0.081022
0.081147
0.0812712
0.0813946
0.0815171
0.0816389
0.0817598
0.0818799
0.0819992
0.0821176
0.0822353
0.0823521
0.0824681
0.0825832
0.0826975
0.082811
0.0829236
0.0830354
0.0831463
0.0832564
0.0833656
0.083474
0.0835815
0.0836881
0.0837939
0.0838989
0.0840029
0.0841061
0.0842084
0.0843099
0.0844105
0.0845102
0.084609
0.0847069
0.084804
0.0849001
0.0849954
0.0850898
0.0851833
0.0852759
0.0853676
0.0854584
0.0855483
0.0856373
0.0857254
0.0858125
0.0858988
0.0859842
0.0860686
0.0861522
0.0862348
0.0863165
0.0863973
0.0864771
0.0865561
0.0866341
0.0867111
0.0867873
0.0868625
0.0869368
0.0870102
0.0870826
0.0871541
0.0872246
0.0872942
0.0873629
0.0874306
0.0874974
0.0875632
0.0876281
0.087692
0.087755
0.087817
0.0878781
0.0879382
0.0879974
0.0880556
0.0881128
0.0881691
0.0882245
0.0882788
0.0883322
0.0883847
0.0884361
0.0884866
0.0885362
0.0885847
0.0886323
0.0886789
0.0887246
0.0887693
0.088813
0.0888557
0.0888974
0.0889382
0.088978
0.0890168
0.0890546
0.0890915
0.0891274
0.0891623
0.0891962
0.0892291
0.089261
0.089292
0.0893219
0.0893509
0.0893789
0.0894059
0.0894319
0.0894569
0.089481
0.089504
0.0895261
0.0895471
0.0895672
0.0895863
0.0896044
0.0896214
0.0896375
0.0896526
0.0896667
0.0896799
0.089692
0.0897031
0.0897132
0.0897224
0.0897305
0.0897376
0.0897438
0.0897489
0.0897531
0.0897562
0.0897584
0.0897596
0.0897597
0.0897589
0.0897571
0.0897543
0.0897504
0.0897456
0.0897398
0.089733
0.0897252
0.0897164
0.0897066
0.0896958
0.089684
0.0896712
0.0896575
0.0896427
0.0896269
0.0896102
0.0895924
0.0895737
0.0895539
0.0895332
0.0895115
0.0894888
0.0894651
0.0894404
0.0894147
0.089388
0.0893603
0.0893317
0.0893021
0.0892714
0.0892398
0.0892072
0.0891737
0.0891391
0.0891036
0.089067
0.0890295
0.088991
0.0889516
0.0889111
0.0888697
0.0888273
0.0887839
0.0887396
0.0886943
0.088648
0.0886007
0.0885525
0.0885032
0.0884531
0.0884019
0.0883498
0.0882967
0.0882427
0.0881877
0.0881317
0.0880748
0.0880169
0.0879581
0.0878983
0.0878375
0.0877758
0.0877131
0.0876495
0.0875849
0.0875194
0.087453
0.0873856
0.0873172
0.0872479
0.0871777
0.0871065
0.0870344
0.0869614
0.0868874
0.0868125
0.0867366
0.0866599
0.0865822
0.0865035
0.086424
0.0863435
0.0862621
0.0861798
0.0860966
0.0860124
0.0859274
0.0858414
0.0857545
0.0856667
0.085578
0.0854884
0.0853979
0.0853065
0.0852142
0.0851211
0.085027
0.084932
0.0848361
0.0847394
0.0846417
0.0845432
0.0844438
0.0843435
0.0842424
0.0841403
0.0840374
0.0839337
0.083829
0.0837235
0.0836171
0.0835099
0.0834018
0.0832929
0.0831831
0.0830724
0.0829609
0.0828486
0.0827354
0.0826214
0.0825065
0.0823908
0.0822743
0.082157
0.0820388
0.0819198
0.0817999
0.0816793
0.0815578
0.0814355
0.0813124
0.0811885
0.0810638
0.0809383
0.0808119
0.0806848
0.0805569
0.0804282
0.0802987
0.0801684
0.0800374
0.0799055
0.0797729
0.0796395
0.0795053
0.0793704
0.0792347
0.0790982
0.078961
0.078823
0.0786843
0.0785448
0.0784046
0.0782636
0.0781219
0.0779794
0.0778362
0.0776923
0.0775476
0.0774023
0.0772561
0.0771093
0.0769618
0.0768135
0.0766646
0.0765149
0.0763646
0.0762135
0.0760617
0.0759093
0.0757561
0.0756023
0.0754478
0.0752926
0.0751367
0.0749802
0.074823
0.0746651
0.0745066
0.0743474
0.0741876
0.0740271
0.0738659
0.0737041
0.0735417
0.0733786
0.0732149
0.0730506
0.0728857
0.0727201
0.0725539
0.0723871
0.0722197
0.0720517
0.071883
0.0717138
0.071544
0.0713736
0.0712026
0.071031
0.0708588
0.0706861
0.0705128
0.0703389
0.0701644
0.0699894
0.0698138
0.0696377
0.069461
0.0692838
0.069106
0.0689277
0.0687489
0.0685695
0.0683897
0.0682092
0.0680283
0.0678469
0.0676649
0.0674825
0.0672995
0.067116
0.0669321
0.0667476
0.0665627
0.0663773
0.0661914
0.066005
0.0658182
0.0656309
0.0654432
0.0652549
0.0650663
0.0648772
0.0646876
0.0644976
0.0643072
0.0641163
0.063925
0.0637333
0.0635412
0.0633486
0.0631557
0.0629623
0.0627685
0.0625744
0.0623798
0.0621849
0.0619895
0.0617938
0.0615977
0.0614013
0.0612045
0.0610073
0.0608097
0.0606118
0.0604136
0.060215
0.0600161
0.0598168
0.0596172
0.0594173
0.059217
0.0590165
0.0588156
0.0586144
0.0584129
0.0582111
0.058009
0.0578066
0.0576039
0.057401
0.0571978
0.0569942
0.0567905
0.0565864
0.0563821
0.0561776
0.0559728
0.0557677
0.0555624
0.0553569
0.0551511
0.0549451
0.0547389
0.0545325
0.0543258
0.054119
0.0539119
0.0537047
0.0534972
0.0532895
0.0530817
0.0528737
0.0526655
0.0524571
0.0522486
0.0520399
0.051831
0.051622
0.0514128
0.0512035
0.0509941
0.0507845
0.0505748
0.0503649
0.050155
0.0499449
0.0497347
0.0495244
0.049314
0.0491035
0.0488929
0.0486822
0.0484714
0.0482606
0.0480496
0.0478386
0.0476276
0.0474164
0.0472053
0.046994
0.0467827
0.0465714
0.0463601
0.0461487
0.0459373
0.0457258
0.0455143
0.0453029
0.0450914
0.0448799
0.0446684
0.0444569
0.0442454
0.044034
0.0438225
0.0436111
0.0433997
0.0431884
0.042977
0.0427658
0.0425545
0.0423433
0.0421322
0.0419212
0.0417102
0.0414992
0.0412884
0.0410776
0.0408669
0.0406563
0.0404458
0.0402354
0.0400251
0.0398149
0.0396048
0.0393949
0.039185
0.0389753
0.0387657
0.0385563
0.038347
0.0381378
0.0379288
0.0377199
0.0375112
0.0373027
0.0370943
0.0368861
0.0366781
0.0364702
0.0362626
0.0360551
0.0358479
0.0356408
0.0354339
0.0352273
0.0350209
0.0348146
0.0346087
0.0344029
0.0341974
0.0339921
0.033787
0.0335822
0.0333777
0.0331734
0.0329693
0.0327655
0.032562
0.0323588
0.0321558
0.0319532
0.0317508
0.0315487
0.0313469
0.0311454
0.0309442
0.0307433
0.0305428
0.0303425
0.0301426
0.029943
0.0297437
0.0295448
0.0293462
0.029148
0.0289501
0.0287525
0.0285553
0.0283585
0.028162
0.027966
0.0277703
0.0275749
0.02738
0.0271854
0.0269913
0.0267975
0.0266041
0.0264112
0.0262186
0.0260265
0.0258348
0.0256435
0.0254526
0.0252622
0.0250722
0.0248826
0.0246935
0.0245048
0.0243166
0.0241289
0.0239416
0.0237548
0.0235684
0.0233825
0.0231971
0.0230122
0.0228277
0.0226438
0.0224603
0.0222773
0.0220949
0.0219129
0.0217315
0.0215505
0.0213701
0.0211902
0.0210109
0.020832
0.0206537
0.020476
0.0202988
0.0201221
0.019946
0.0197704
0.0195954
0.0194209
0.019247
0.0190737
0.018901
0.0187288
0.0185572
0.0183862
0.0182158
0.018046
0.0178768
0.0177081
0.0175401
0.0173727
0.0172059
0.0170397
0.0168741
0.0167092
0.0165448
0.0163812
0.0162181
0.0160557
0.0158939
0.0157327
0.0155722
0.0154124
0.0152532
0.0150947
0.0149368
0.0147796
0.0146231
0.0144672
0.014312
0.0141575
0.0140037
0.0138505
0.0136981
0.0135463
0.0133952
0.0132449
0.0130952
0.0129462
0.012798
0.0126505
0.0125036
0.0123575
0.0122122
0.0120675
0.0119236
0.0117804
0.0116379
0.0114962
0.0113552
0.011215
0.0110755
0.0109368
0.0107988
0.0106616
0.0105251
0.0103894
0.0102544
0.0101203
0.00998688
0.00985426
0.00972242
0.00959135
0.00946107
0.00933158
0.00920288
0.00907496
0.00894785
0.00882153
0.00869601
0.0085713
0.00844739
0.00832429
0.008202
0.00808053
0.00795987
0.00784004
0.00772103
0.00760284
0.00748548
0.00736895
0.00725325
0.00713839
0.00702437
0.00691118
0.00679885
0.00668735
0.00657671
0.00646691
0.00635797
0.00624988
0.00614265
0.00603629
0.00593078
0.00582614
0.00572237
0.00561946
0.00551743
0.00541627
0.00531599
0.00521659
0.00511806
0.00502042
0.00492367
0.0048278
0.00473283
0.00463874
0.00454555
0.00445325
0.00436185
0.00427135
0.00418175
0.00409306
0.00400527
0.00391839
0.00383242
0.00374736
0.00366322
0.00357999
0.00349767
0.00341628
0.0033358
0.00325625
0.00317763
0.00309993
0.00302315
0.00294731
0.0028724
0.00279842
0.00272537
0.00265326
0.00258209
0.00251186
0.00244257
0.00237422
0.00230682
0.00224036
0.00217485
0.00211028
0.00204667
0.001984
0.00192229
0.00186154
0.00180174
0.00174289
0.00168501
0.00162808
0.00157211
0.00151711
0.00146306
0.00140998
0.00135787
0.00130673
0.00125655
0.00120734
0.0011591
0.00111183
0.00106553
0.0010202
0.000975854
0.000932478
0.000890078
0.000848656
0.000808211
0.000768744
0.000730257
0.000692751
0.000656226
0.000620683
0.000586123
0.000552546
0.000519954
0.000488347
0.000457725
0.00042809
0.000399442
0.000371782
0.000345111
0.000319428
0.000294735
0.000271032
0.000248319
0.000226598
0.000205868
0.00018613
0.000167385
0.000149633
0.000132874
0.000117108
0.000102337
8.85602e-05
7.57779e-05
6.39906e-05
5.31985e-05
4.34018e-05
3.46008e-05
2.67956e-05
1.99865e-05
1.41736e-05
9.35693e-06
5.53672e-06
2.71302e-06
8.85891e-07
5.53683e-08
2.21473e-07
1.3842e-06
3.54353e-06
6.6994e-06
1.08518e-05
1.60005e-05
2.21455e-05
2.92867e-05
3.74238e-05
4.65567e-05
5.66853e-05
6.78091e-05
7.99282e-05
9.3042e-05
0.00010715
0.000122253
0.00013835
0.00015544
0.000173523
0.000192599
0.000212668
0.000233728
0.00025578
0.000278823
0.000302856
0.000327879
0.000353891
0.000380893
0.000408882
0.000437859
0.000467823
0.000498773
0.000530708
0.000563629
0.000597533
0.000632421
0.000668292
0.000705144
0.000742977
0.000781791
0.000821584
0.000862355
0.000904103
0.000946828
0.000990529
0.0010352
0.00108085
0.00112747
0.00117507
0.00122363
0.00127316
0.00132367
0.00137514
0.00142757
0.00148097
0.00153533
0.00159066
0.00164695
0.00170419
0.0017624
0.00182156
0.00188168
0.00194276
0.00200479
0.00206777
0.0021317
0.00219658
0.00226241
0.00232918
0.0023969
0.00246556
0.00253517
0.00260571
0.0026772
0.00274962
0.00282297
0.00289727
0.00297249
0.00304864
0.00312572
0.00320373
0.00328267
0.00336253
0.00344331
0.00352501
0.00360763
0.00369116
0.00377561
0.00386098
0.00394725
0.00403443
0.00412252
0.00421152
0.00430142
0.00439222
0.00448392
0.00457651
0.00467
0.00476439
0.00485966
0.00495582
0.00505287
0.00515081
0.00524962
0.00534932
0.00544989
0.00555134
0.00565367
0.00575686
0.00586092
0.00596585
0.00607165
0.0061783
0.00628582
0.00639419
0.00650342
0.00661349
0.00672442
0.0068362
0.00694882
0.00706228
0.00717658
0.00729172
0.0074077
0.00752451
0.00764214
0.00776061
0.00787989
0.008
0.00812093
0.00824268
0.00836523
0.0084886
0.00861278
0.00873776
0.00886355
0.00899013
0.00911751
0.00924569
0.00937466
0.00950441
0.00963495
0.00976628
0.00989838
0.0100313
0.0101649
0.0102993
0.0104345
0.0105705
0.0107072
0.0108447
0.0109829
0.0111219
0.0112617
0.0114021
0.0115434
0.0116853
0.011828
0.0119715
0.0121156
0.0122605
0.0124062
0.0125525
0.0126996
0.0128473
0.0129958
0.013145
0.0132949
0.0134455
0.0135968
0.0137488
0.0139015
0.0140549
0.0142089
0.0143637
0.0145191
0.0146752
0.0148319
0.0149894
0.0151474
0.0153062
0.0154656
0.0156257
0.0157864
0.0159477
0.0161097
0.0162724
0.0164356
0.0165996
0.0167641
0.0169292
0.017095
0.0172614
0.0174284
0.017596
0.0177643
0.0179331
0.0181025
0.0182725
0.0184432
0.0186144
0.0187861
0.0189585
0.0191314
0.0193049
0.019479
0.0196537
0.0198289
0.0200046
0.0201809
0.0203578
0.0205352
0.0207131
0.0208916
0.0210706
0.0212501
0.0214302
0.0216108
0.0217919
0.0219735
0.0221556
0.0223383
0.0225214
0.022705
0.0228891
0.0230738
0.0232588
0.0234444
0.0236305
0.023817
0.024004
0.0241914
0.0243793
0.0245677
0.0247565
0.0249458
0.0251355
0.0253256
0.0255162
0.0257072
0.0258986
0.0260905
0.0262828
0.0264754
0.0266685
0.026862
0.0270559
0.0272502
0.0274449
0.02764
0.0278354
0.0280313
0.0282275
0.0284241
0.028621
0.0288183
0.029016
0.029214
0.0294124
0.0296111
0.0298101
0.0300095
0.0302092
0.0304092
0.0306096
0.0308103
0.0310112
0.0312125
0.0314141
0.031616
0.0318182
0.0320207
0.0322235
0.0324265
0.0326298
0.0328334
0.0330373
0.0332414
0.0334458
0.0336505
0.0338553
0.0340605
0.0342658
0.0344715
0.0346773
0.0348834
0.0350896
0.0352962
0.0355029
0.0357098
0.0359169
0.0361243
0.0363318
0.0365395
0.0367474
0.0369555
0.0371637
0.0373722
0.0375808
0.0377895
0.0379984
0.0382075
0.0384167
0.0386261
0.0388356
0.0390452
0.039255
0.0394648
0.0396748
0.039885
0.0400952
0.0403055
0.040516
0.0407265
0.0409371
0.0411479
0.0413587
0.0415695
0.0417805
0.0419915
0.0422026
0.0424137
0.0426249
0.0428362
0.0430475
0.0432588
0.0434702
0.0436816
0.043893
0.0441045
0.0443159
0.0445274
0.0447389
0.0449504
0.0451619
0.0453734
0.0455848
0.0457963
0.0460077
0.0462191
0.0464305
0.0466419
0.0468532
0.0470644
0.0472757
0.0474868
0.0476979
0.047909
0.0481199
0.0483308
0.0485417
0.0487524
0.0489631
0.0491736
0.0493841
0.0495945
0.0498048
0.0500149
0.050225
0.0504349
0.0506447
0.0508544
0.0510639
0.0512733
0.0514826
0.0516917
0.0519007
0.0521095
0.0523181
0.0525266
0.0527349
0.0529431
0.053151
0.0533588
0.0535664
0.0537738
0.053981
0.054188
0.0543948
0.0546013
0.0548077
0.0550138
0.0552197
0.0554254
0.0556309
0.0558361
0.0560411
0.0562458
0.0564503
0.0566545
0.0568584
0.0570621
0.0572655
0.0574687
0.0576715
0.0578741
0.0580764
0.0582784
0.0584801
0.0586815
0.0588826
0.0590833
0.0592838
0.059484
0.0596838
0.0598833
0.0600824
0.0602812
0.0604797
0.0606778
0.0608756
0.061073
0.0612701
0.0614668
0.0616631
0.0618591
0.0620547
0.0622499
0.0624447
0.0626391
0.0628332
0.0630268
0.06322
0.0634128
0.0636053
0.0637973
0.0639888
0.06418
0.0643707
0.064561
0.0647508
0.0649402
0.0651292
0.0653177
0.0655058
0.0656934
0.0658805
0.0660672
0.0662534
0.0664391
0.0666244
0.0668092
0.0669934
0.0671772
0.0673605
0.0675433
0.0677256
0.0679074
0.0680887
0.0682694
0.0684497
0.0686294
0.0688086
0.0689872
0.0691654
0.0693429
0.06952
0.0696965
0.0698724
0.0700478
0.0702226
0.0703969
0.0705706
0.0707437
0.0709163
0.0710882
0.0712596
0.0714304
0.0716007
0.0717703
0.0719393
0.0721077
0.0722756
0.0724428
0.0726094
0.0727754
0.0729407
0.0731055
0.0732696
0.0734331
0.0735959
0.0737581
0.0739197
0.0740806
0.0742409
0.0744005
0.0745595
0.0747178
0.0748755
0.0750324
0.0751888
0.0753444
0.0754994
0.0756536
0.0758073
0.0759602
0.0761124
0.0762639
0.0764148
0.0765649
0.0767143
0.076863
0.077011
0.0771583
0.0773049
0.0774508
0.0775959
0.0777403
0.077884
0.078027
0.0781692
0.0783107
0.0784514
0.0785914
0.0787306
0.0788691
0.0790068
0.0791438
0.07928
0.0794155
0.0795502
0.0796841
0.0798172
0.0799496
0.0800811
0.080212
0.080342
0.0804712
0.0805996
0.0807273
0.0808541
0.0809802
0.0811054
0.0812299
0.0813535
0.0814764
0.0815984
0.0817196
0.08184
0.0819595
0.0820783
0.0821962
0.0823132
0.0824295
0.0825449
0.0826595
0.0827732
0.0828861
0.0829982
0.0831094
0.0832198
0.0833293
0.0834379
0.0835457
0.0836527
0.0837588
0.083864
0.0839683
0.0840718
0.0841744
0.0842762
0.084377
0.084477
0.0845761
0.0846744
0.0847717
0.0848682
0.0849637
0.0850584
0.0851522
0.0852451
0.0853371
0.0854282
0.0855184
0.0856077
0.0856961
0.0857836
0.0858702
0.0859558
0.0860406
0.0861244
0.0862073
0.0862894
0.0863704
0.0864506
0.0865298
0.0866082
0.0866856
0.086762
0.0868376
0.0869122
0.0869858
0.0870586
0.0871304
0.0872012
0.0872711
0.0873401
0.0874081
0.0874752
0.0875414
0.0876066
0.0876708
0.0877341
0.0877965
0.0878579
0.0879183
0.0879778
0.0880363
0.0880939
0.0881505
0.0882061
0.0882608
0.0883145
0.0883673
0.0884191
0.0884699
0.0885198
0.0885686
0.0886166
0.0886635
0.0887095
0.0887545
0.0887985
0.0888416
0.0888836
0.0889247
0.0889648
0.089004
0.0890421
0.0890793
0.0891155
0.0891507
0.089185
0.0892182
0.0892505
0.0892818
0.0893121
0.0893414
0.0893697
0.089397
0.0894234
0.0894487
0.0894731
0.0894964
0.0895188
0.0895402
0.0895606
0.08958
0.0895984
0.0896159
0.0896323
0.0896477
0.0896622
0.0896756
0.0896881
0.0896995
0.08971
0.0897194
0.0897279
0.0897354
0.0897419
0.0897473
0.0897518
0.0897553
0.0897578
0.0897593
0.0897598
0.0897593
0.0897578
0.0897553
0.0897518
0.0897473
0.0897419
0.0897354
0.0897279
0.0897194
0.08971
0.0896995
0.0896881
0.0896756
0.0896622
0.0896477
0.0896323
0.0896159
0.0895984
0.08958
0.0895606
0.0895402
0.0895188
0.0894964
0.0894731
0.0894487
0.0894234
0.089397
0.0893697
0.0893414
0.0893121
0.0892818
0.0892505
0.0892182
0.089185
0.0891507
0.0891155
0.0890793
0.0890421
0.089004
0.0889648
0.0889247
0.0888836
0.0888416
0.0887985
0.0887545
0.0887095
0.0886635
0.0886166
0.0885686
0.0885198
0.0884699
0.0884191
0.0883673
0.0883145
0.0882608
0.0882061
0.0881505
0.0880939
0.0880363
0.0879778
0.0879183
0.0878579
0.0877965
0.0877341
0.0876708
0.0876066
0.0875414
0.0874752
0.0874081
0.0873401
0.0872711
0.0872012
0.0871304
0.0870586
0.0869858
0.0869122
0.0868376
0.086762
0.0866856
0.0866082
0.0865298
0.0864506
0.0863704
0.0862894
0.0862073
0.0861244
0.0860406
0.0859558
0.0858702
0.0857836
0.0856961
0.0856077
0.0855184
0.0854282
0.0853371
0.0852451
0.0851522
0.0850584
0.0849637
0.0848682
0.0847717
0.0846744
0.0845761
0.084477
0.084377
0.0842762
0.0841744
0.0840718
0.0839683
0.083864
0.0837588
0.0836527
0.0835457
0.0834379
0.0833293
0.0832198
0.0831094
0.0829982
0.0828861
0.0827732
0.0826595
0.0825449
0.0824295
0.0823132
0.0821962
0.0820783
0.0819595
0.08184
0.0817196
0.0815984
0.0814764
0.0813535
0.0812299
0.0811054
0.0809802
0.0808541
0.0807273
0.0805996
0.0804712
0.080342
0.080212
0.0800811
0.0799496
0.0798172
0.0796841
0.0795502
0.0794155
0.07928
0.0791438
0.0790068
0.0788691
0.0787306
0.0785914
0.0784514
0.0783107
0.0781692
0.078027
0.077884
0.0777403
0.0775959
0.0774508
0.0773049
0.0771583
0.077011
0.076863
0.0767143
0.0765649
0.0764148
0.0762639
0.0761124
0.0759602
0.0758073
0.0756536
0.0754994
0.0753444
0.0751888
0.0750324
0.0748755
0.0747178
0.0745595
0.0744005
0.0742409
0.0740806
0.0739197
0.0737581
0.0735959
0.0734331
0.0732696
0.0731055
0.0729407
0.0727754
0.0726094
0.0724428
0.0722756
0.0721077
0.0719393
0.0717703
0.0716007
0.0714304
0.0712596
0.0710882
0.0709163
0.0707437
0.0705706
0.0703969
0.0702226
0.0700478
0.0698724
0.0696965
0.06952
0.0693429
0.0691654
0.0689872
0.0688086
0.0686294
0.0684497
0.0682694
0.0680887
0.0679074
0.0677256
0.0675433
0.0673605
0.0671772
0.0669934
0.0668092
0.0666244
0.0664391
0.0662534
0.0660672
0.0658805
0.0656934
0.0655058
0.0653177
0.0651292
0.0649402
0.0647508
0.064561
0.0643707
0.06418
0.0639888
0.0637973
0.0636053
0.0634128
0.06322
0.0630268
0.0628332
0.0626391
0.0624447
0.0622499
0.0620547
0.0618591
0.0616631
0.0614668
0.0612701
0.061073
0.0608756
0.0606778
0.0604797
0.0602812
0.0600824
0.0598833
0.0596838
0.059484
0.0592838
0.0590833
0.0588826
0.0586815
0.0584801
0.0582784
0.0580764
0.0578741
0.0576715
0.0574687
0.0572655
0.0570621
0.0568584
0.0566545
0.0564503
0.0562458
0.0560411
0.0558361
0.0556309
0.0554254
0.0552197
0.0550138
0.0548077
0.0546013
0.0543948
0.054188
0.053981
0.0537738
0.0535664
0.0533588
0.053151
0.0529431
0.0527349
0.0525266
0.0523181
0.0521095
0.0519007
0.0516917
0.0514826
0.0512733
0.0510639
0.0508544
0.0506447
0.0504349
0.050225
0.0500149
0.0498048
0.0495945
0.0493841
0.0491736
0.0489631
0.0487524
0.0485417
0.0483308
0.0481199
0.047909
0.0476979
0.0474868
0.0472757
0.0470644
0.0468532
0.0466419
0.0464305
0.0462191
0.0460077
0.0457963
0.0455848
0.0453734
0.0451619
0.0449504
0.0447389
0.0445274
0.0443159
0.0441045
0.043893
0.0436816
0.0434702
0.0432588
0.0430475
0.0428362
0.0426249
0.0424137
0.0422026
0.0419915
0.0417805
0.0415695
0.0413587
0.0411479
0.0409371
0.0407265
0.040516
0.0403055
0.0400952
0.039885
0.0396748
0.0394648
0.039255
0.0390452
0.0388356
0.0386261
0.0384167
0.0382075
0.0379984
0.0377895
0.0375808
0.0373722
0.0371637
0.0369555
0.0367474
0.0365395
0.0363318
0.0361243
0.0359169
0.0357098
0.0355029
0.0352962
0.0350896
0.0348834
0.0346773
0.0344715
0.0342658
0.0340605
0.0338553
0.0336505
0.0334458
0.0332414
0.0330373
0.0328334
0.0326298
0.0324265
0.0322235
0.0320207
0.0318182
0.031616
0.0314141
0.0312125
0.0310112
0.0308103
0.0306096
0.0304092
0.0302092
0.0300095
0.0298101
0.0296111
0.0294124
0.029214
0.029016
0.0288183
0.028621
0.0284241
0.0282275
0.0280313
0.0278354
0.02764
0.0274449
0.0272502
0.0270559
0.026862
0.0266685
0.0264754
0.0262828
0.0260905
0.0258986
0.0257072
0.0255162
0.0253256
0.0251355
0.0249458
0.0247565
0.0245677
0.0243793
0.0241914
0.024004
0.023817
0.0236305
0.0234444
0.0232588
0.0230738
0.0228891
0.022705
0.0225214
0.0223383
0.0221556
0.0219735
0.0217919
0.0216108
0.0214302
0.0212501
0.0210706
0.0208916
0.0207131
0.0205352
0.0203578
0.0201809
0.0200046
0.0198289
0.0196537
0.019479
0.0193049
0.0191314
0.0189585
0.0187861
0.0186144
0.0184432
0.0182725
0.0181025
0.0179331
0.0177643
0.017596
0.0174284
0.0172614
0.017095
0.0169292
0.0167641
0.0165996
0.0164356
0.0162724
0.0161097
0.0159477
0.0157864
0.0156257
0.0154656
0.0153062
0.0151474
0.0149894
0.0148319
0.0146752
0.0145191
0.0143637
0.0142089
0.0140549
0.0139015
0.0137488
0.0135968
0.0134455
0.0132949
0.013145
0.0129958
0.0128473
0.0126996
0.0125525
0.0124062
0.0122605
0.0121156
0.0119715
0.011828
0.0116853
0.0115434
0.0114021
0.0112617
0.0111219
0.0109829
0.0108447
0.0107072
0.0105705
0.0104345
0.0102993
0.0101649
0.0100313
0.00989838
0.00976628
0.00963495
0.00950441
0.00937466
0.00924569
0.00911751
0.00899013
0.00886355
0.00873776
0.00861278
0.0084886
0.00836523
0.00824268
0.00812093
0.008
0.00787989
0.00776061
0.00764214
0.00752451
0.0074077
0.00729172
0.00717658
0.00706228
0.00694882
0.0068362
0.00672442
0.00661349
0.00650342
0.00639419
0.00628582
0.0061783
0.00607165
0.00596585
0.00586092
0.00575686
0.00565367
0.00555134
0.00544989
0.00534932
0.00524962
0.00515081
0.00505287
0.00495582
0.00485966
0.00476439
0.00467
0.00457651
0.00448392
0.00439222
0.00430142
0.00421152
0.00412252
0.00403443
0.00394725
0.00386098
0.00377561
0.00369116
0.00360763
0.00352501
0.00344331
0.00336253
0.00328267
0.00320373
0.00312572
0.00304864
0.00297249
0.00289727
0.00282297
0.00274962
0.0026772
0.00260571
0.00253517
0.00246556
0.0023969
0.00232918
0.00226241
0.00219658
0.0021317
0.00206777
0.00200479
0.00194276
0.00188168
0.00182156
0.0017624
0.00170419
0.00164695
0.00159066
0.00153533
0.00148097
0.00142757
0.00137514
0.00132367
0.00127316
0.00122363
0.00117507
0.00112747
0.00108085
0.0010352
0.000990529
0.000946828
0.000904103
0.000862355
0.000821584
0.000781791
0.000742977
0.000705144
0.000668292
0.000632421
0.000597533
0.000563629
0.000530708
0.000498773
0.000467823
0.000437859
0.000408882
0.000380893
0.000353891
0.000327879
0.000302856
0.000278823
0.00025578
0.000233728
0.000212668
0.000192599
0.000173523
0.00015544
0.00013835
0.000122253
0.00010715
9.3042e-05
7.99282e-05
6.78091e-05
5.66853e-05
4.65567e-05
3.74238e-05
2.92867e-05
2.21455e-05
1.60005e-05
1.08518e-05
6.6994e-06
3.54353e-06
1.3842e-06
2.21473e-07
5.53683e-08
8.85891e-07
2.71302e-06
5.53672e-06
9.35693e-06
1.41736e-05
1.99865e-05
2.67956e-05
3.46008e-05
4.34018e-05
5.31985e-05
6.39906e-05
7.57779e-05
8.85602e-05
0.000102337
0.000117108
0.000132874
0.000149633
0.000167385
0.00018613
0.000205868
0.000226598
0.000248319
0.000271032
0.000294735
0.000319428
0.000345111
0.000371782
0.000399442
0.00042809
0.000457725
0.000488347
0.000519954
0.000552546
0.000586123
0.000620683
0.000656226
0.000692751
0.000730257
0.000768744
0.000808211
0.000848656
0.000890078
0.000932478
0.000975854
0.0010202
0.00106553
0.00111183
0.0011591
0.00120734
0.00125655
0.00130673
0.00135787
0.00140998
0.00146306
0.00151711
0.00157211
0.00162808
0.00168501
0.00174289
0.00180174
0.00186154
0.00192229
0.001984
0.00204667
0.00211028
0.00217485
0.00224036
0.00230682
0.00237422
0.00244257
0.00251186
0.00258209
0.00265326
0.00272537
0.00279842
0.0028724
0.00294731
0.00302315
0.00309993
0.00317763
0.00325625
0.0033358
0.00341628
0.00349767
0.00357999
0.00366322
0.00374736
0.00383242
0.00391839
0.00400527
0.00409306
0.00418175
0.00427135
0.00436185
0.00445325
0.00454555
0.00463874
0.00473283
0.0048278
0.00492367
0.00502042
0.00511806
0.00521659
0.00531599
0.00541627
0.00551743
0.00561946
0.00572237
0.00582614
0.00593078
0.00603629
0.00614265
0.00624988
0.00635797
0.00646691
0.00657671
0.00668735
0.00679885
0.00691118
0.00702437
0.00713839
0.00725325
0.00736895
0.00748548
0.00760284
0.00772103
0.00784004
0.00795987
0.00808053
0.008202
0.00832429
0.00844739
0.0085713
0.00869601
0.00882153
0.00894785
0.00907496
0.00920288
0.00933158
0.00946107
0.00959135
0.00972242
0.00985426
0.00998688
0.0101203
0.0102544
0.0103894
0.0105251
0.0106616
0.0107988
0.0109368
0.0110755
0.011215
0.0113552
0.0114962
0.0116379
0.0117804
0.0119236
0.0120675
0.0122122
0.0123575
0.0125036
0.0126505
0.012798
0.0129462
0.0130952
0.0132449
0.0133952
0.0135463
0.0136981
0.0138505
0.0140037
0.0141575
0.014312
0.0144672
0.0146231
0.0147796
0.0149368
0.0150947
0.0152532
0.0154124
0.0155722
0.0157327
0.0158939
0.0160557
0.0162181
0.0163812
0.0165448
0.0167092
0.0168741
0.0170397
0.0172059
0.0173727
0.0175401
0.0177081
0.0178768
0.018046
0.0182158
0.0183862
0.0185572
0.0187288
0.018901
0.0190737
0.019247
0.0194209
0.0195954
0.0197704
0.019946
0.0201221
0.0202988
0.020476
0.0206537
0.020832
0.0210109
0.0211902
0.0213701
0.0215505
0.0217315
0.0219129
0.0220949
0.0222773
0.0224603
0.0226438
0.0228277
0.0230122
0.0231971
0.0233825
0.0235684
0.0237548
0.0239416
0.0241289
0.0243166
0.0245048
0.0246935
0.0248826
0.0250722
0.0252622
0.0254526
0.0256435
0.0258348
0.0260265
0.0262186
0.0264112
0.0266041
0.0267975
0.0269913
0.0271854
0.02738
0.0275749
0.0277703
0.027966
0.028162
0.0283585
0.0285553
0.0287525
0.0289501
0.029148
0.0293462
0.0295448
0.0297437
0.029943
0.0301426
0.0303425
0.0305428
0.0307433
0.0309442
0.0311454
0.0313469
0.0315487
0.0317508
0.0319532
0.0321558
0.0323588
0.032562
0.0327655
0.0329693
0.0331734
0.0333777
0.0335822
0.033787
0.0339921
0.0341974
0.0344029
0.0346087
0.0348146
0.0350209
0.0352273
0.0354339
0.0356408
0.0358479
0.0360551
0.0362626
0.0364702
0.0366781
0.0368861
0.0370943
0.0373027
0.0375112
0.0377199
0.0379288
0.0381378
0.038347
0.0385563
0.0387657
0.0389753
0.039185
0.0393949
0.0396048
0.0398149
0.0400251
0.0402354
0.0404458
0.0406563
0.0408669
0.0410776
0.0412884
0.0414992
0.0417102
0.0419212
0.0421322
0.0423433
0.0425545
0.0427658
0.042977
0.0431884
0.0433997
0.0436111
0.0438225
0.044034
0.0442454
0.0444569
0.0446684
0.0448799
0.0450914
0.0453029
0.0455143
0.0457258
0.0459373
0.0461487
0.0463601
0.0465714
0.0467827
0.046994
0.0472053
0.0474164
0.0476276
0.0478386
0.0480496
0.0482606
0.0484714
0.0486822
0.0488929
0.0491035
0.049314
0.0495244
0.0497347
0.0499449
0.050155
0.0503649
0.0505748
0.0507845
0.0509941
0.0512035
0.0514128
0.051622
0.051831
0.0520399
0.0522486
0.0524571
0.0526655
0.0528737
0.0530817
0.0532895
0.0534972
0.0537047
0.0539119
0.054119
0.0543258
0.0545325
0.0547389
0.0549451
0.0551511
0.0553569
0.0555624
0.0557677
0.0559728
0.0561776
0.0563821
0.0565864
0.0567905
0.0569942
0.0571978
0.057401
0.0576039
0.0578066
0.058009
0.0582111
0.0584129
0.0586144
0.0588156
0.0590165
0.059217
0.0594173
0.0596172
0.0598168
0.0600161
0.060215
0.0604136
0.0606118
0.0608097
0.0610073
0.0612045
0.0614013
0.0615977
0.0617938
0.0619895
0.0621849
0.0623798
0.0625744
0.0627685
0.0629623
0.0631557
0.0633486
0.0635412
0.0637333
0.063925
0.0641163
0.0643072
0.0644976
0.0646876
0.0648772
0.0650663
0.0652549
0.0654432
0.0656309
0.0658182
0.066005
0.0661914
0.0663773
0.0665627
0.0667476
0.0669321
0.067116
0.0672995
0.0674825
0.0676649
0.0678469
0.0680283
0.0682092
0.0683897
0.0685695
0.0687489
0.0689277
0.069106
0.0692838
0.069461
0.0696377
0.0698138
0.0699894
0.0701644
0.0703389
0.0705128
0.0706861
0.0708588
0.071031
0.0712026
0.0713736
0.071544
0.0717138
0.071883
0.0720517
0.0722197
0.0723871
0.0725539
0.0727201
0.0728857
0.0730506
0.0732149
0.0733786
0.0735417
0.0737041
0.0738659
0.0740271
0.0741876
0.0743474
0.0745066
0.0746651
0.074823
0.0749802
0.0751367
0.0752926
0.0754478
0.0756023
0.0757561
0.0759093
0.0760617
0.0762135
0.0763646
0.0765149
0.0766646
0.0768135
0.0769618
0.0771093
0.0772561
0.0774023
0.0775476
0.0776923
0.0778362
0.0779794
0.0781219
0.0782636
0.0784046
0.0785448
0.0786843
0.078823
0.078961
0.0790982
0.0792347
0.0793704
0.0795053
0.0796395
0.0797729
0.0799055
0.0800374
0.0801684
0.0802987
0.0804282
0.0805569
0.0806848
0.0808119
0.0809383
0.0810638
0.0811885
0.0813124
0.0814355
0.0815578
0.0816793
0.0817999
0.0819198
0.0820388
0.082157
0.0822743
0.0823908
0.0825065
0.0826214
0.0827354
0.0828486
0.0829609
0.0830724
0.0831831
0.0832929
0.0834018
0.0835099
0.0836171
0.0837235
0.083829
0.0839337
0.0840374
0.0841403
0.0842424
0.0843435
0.0844438
0.0845432
0.0846417
0.0847394
0.0848361
0.084932
0.085027
0.0851211
0.0852142
0.0853065
0.0853979
0.0854884
0.085578
0.0856667
0.0857545
0.0858414
0.0859274
0.0860124
0.0860966
0.0861798
0.0862621
0.0863435
0.086424
0.0865035
0.0865822
0.0866599
0.0867366
0.0868125
0.0868874
0.0869614
0.0870344
0.0871065
0.0871777
0.0872479
0.0873172
0.0873856
0.087453
0.0875194
0.0875849
0.0876495
0.0877131
0.0877758
0.0878375
0.0878983
0.0879581
0.0880169
0.0880748
0.0881317
0.0881877
0.0882427
0.0882967
0.0883498
0.0884019
0.0884531
0.0885032
0.0885525
0.0886007
0.088648
0.0886943
0.0887396
0.0887839
0.0888273
0.0888697
0.0889111
0.0889516
0.088991
0.0890295
0.089067
0.0891036
0.0891391
0.0891737
0.0892072
0.0892398
0.0892714
0.0893021
0.0893317
0.0893603
0.089388
0.0894147
0.0894404
0.0894651
0.0894888
0.0895115
0.0895332
0.0895539
0.0895737
0.0895924
0.0896102
0.0896269
0.0896427
0.0896575
0.0896712
0.089684
0.0896958
0.0897066
0.0897164
0.0897252
0.089733
0.0897398
0.0897456
0.0897504
0.0897543
0.0897571
0.0897589
0.0897597
0.0897596
0.0897584
0.0897562
0.0897531
0.0897489
0.0897438
0.0897376
0.0897305
0.0897224
0.0897132
0.0897031
0.089692
0.0896799
0.0896667
0.0896526
0.0896375
0.0896214
0.0896044
0.0895863
0.0895672
0.0895471
0.0895261
0.089504
0.089481
0.0894569
0.0894319
0.0894059
0.0893789
0.0893509
0.0893219
0.089292
0.089261
0.0892291
0.0891962
0.0891623
0.0891274
0.0890915
0.0890546
0.0890168
0.088978
0.0889382
0.0888974
0.0888557
0.088813
0.0887693
0.0887246
0.0886789
0.0886323
0.0885847
0.0885362
0.0884866
0.0884361
0.0883847
0.0883322
0.0882788
0.0882245
0.0881691
0.0881128
0.0880556
0.0879974
0.0879382
0.0878781
0.087817
0.087755
0.087692
0.0876281
0.0875632
0.0874974
0.0874306
0.0873629
0.0872942
0.0872246
0.0871541
0.0870826
0.0870102
0.0869368
0.0868625
0.0867873
0.0867111
0.0866341
0.0865561
0.0864771
0.0863973
0.0863165
0.0862348
0.0861522
0.0860686
0.0859842
0.0858988
0.0858125
0.0857254
0.0856373
0.0855483
0.0854584
0.0853676
0.0852759
0.0851833
0.0850898
0.0849954
0.0849001
0.084804
0.0847069
0.084609
0.0845102
0.0844105
0.0843099
0.0842084
0.0841061
0.0840029
0.0838989
0.0837939
0.0836881
0.0835815
0.083474
0.0833656
0.0832564
0.0831463
0.0830354
0.0829236
0.082811
0.0826975
0.0825832
0.0824681
0.0823521
0.0822353
0.0821176
0.0819992
0.0818799
0.0817598
0.0816389
0.0815171
0.0813946
0.0812712
0.081147
0.081022
0.0808962
0.0807697
0.0806423
0.0805141
0.0803851
0.0802554
0.0801248
0.0799935
0.0798614
0.0797285
0.0795949
0.0794604
0.0793253
0.0791893
0.0790526
0.0789151
0.0787769
0.0786379
0.0784981
0.0783577
0.0782164
0.0780745
0.0779318
0.0777883
0.0776441
0.0774993
0.0773536
0.0772073
0.0770602
0.0769125
0.076764
0.0766148
0.0764649
0.0763143
0.076163
0.076011
0.0758583
0.0757049
0.0755509
0.0753961
0.0752407
0.0750846
0.0749279
0.0747704
0.0746123
0.0744536
0.0742942
0.0741341
0.0739734
0.0738121
0.0736501
0.0734874
0.0733241
0.0731602
0.0729957
0.0728305
0.0726648
0.0724984
0.0723314
0.0721637
0.0719955
0.0718267
0.0716573
0.0714872
0.0713166
0.0711454
0.0709737
0.0708013
0.0706284
0.0704549
0.0702808
0.0701061
0.0699309
0.0697552
0.0695789
0.069402
0.0692246
0.0690467
0.0688682
0.0686892
0.0685096
0.0683296
0.068149
0.0679679
0.0677863
0.0676041
0.0674215
0.0672384
0.0670548
0.0668706
0.066686
0.0665009
0.0663154
0.0661293
0.0659428
0.0657558
0.0655684
0.0653805
0.0651921
0.0650033
0.064814
0.0646243
0.0644342
0.0642436
0.0640526
0.0638612
0.0636693
0.063477
0.0632843
0.0630912
0.0628977
0.0627039
0.0625096
0.0623149
0.0621198
0.0619243
0.0617285
0.0615323
0.0613357
0.0611388
0.0609415
0.0607438
0.0605458
0.0603474
0.0601487
0.0599497
0.0597503
0.0595506
0.0593506
0.0591502
0.0589495
0.0587485
0.0585473
0.0583457
0.0581438
0.0579416
0.0577391
0.0575363
0.0573333
0.0571299
0.0569264
0.0567225
0.0565184
0.056314
0.0561093
0.0559045
0.0556993
0.0554939
0.0552883
0.0550825
0.0548764
0.0546701
0.0544636
0.0542569
0.05405
0.0538429
0.0536355
0.053428
0.0532203
0.0530124
0.0528043
0.0525961
0.0523876
0.052179
0.0519703
0.0517614
0.0515523
0.0513431
0.0511337
0.0509242
0.0507146
0.0505048
0.050295
0.0500849
0.0498748
0.0496646
0.0494543
0.0492438
0.0490333
0.0488226
0.0486119
0.0484011
0.0481903
0.0479793
0.0477683
0.0475572
0.0473461
0.0471349
0.0469236
0.0467123
0.046501
0.0462896
0.0460782
0.0458668
0.0456553
0.0454439
0.0452324
0.0450209
0.0448094
0.0445979
0.0443864
0.044175
0.0439635
0.0437521
0.0435406
0.0433293
0.0431179
0.0429066
0.0426953
0.0424841
0.042273
0.0420619
0.0418508
0.0416398
0.0414289
0.0412181
0.0410074
0.0407967
0.0405861
0.0403757
0.0401653
0.039955
0.0397449
0.0395348
0.0393249
0.0391151
0.0389054
0.0386959
0.0384865
0.0382772
0.0380681
0.0378591
0.0376503
0.0374417
0.0372332
0.0370249
0.0368167
0.0366088
0.036401
0.0361934
0.035986
0.0357788
0.0355718
0.035365
0.0351585
0.0349521
0.034746
0.03454
0.0343344
0.0341289
0.0339237
0.0337187
0.033514
0.0333095
0.0331053
0.0329014
0.0326977
0.0324943
0.0322911
0.0320883
0.0318857
0.0316834
0.0314814
0.0312797
0.0310783
0.0308772
0.0306764
0.030476
0.0302758
0.030076
0.0298765
0.0296774
0.0294786
0.0292801
0.0290819
0.0288842
0.0286867
0.0284897
0.028293
0.0280966
0.0279007
0.0277051
0.0275099
0.0273151
0.0271207
0.0269266
0.026733
0.0265398
0.0263469
0.0261545
0.0259625
0.025771
0.0255798
0.0253891
0.0251988
0.025009
0.0248195
0.0246306
0.0244421
0.024254
0.0240664
0.0238793
0.0236926
0.0235064
0.0233206
0.0231354
0.0229506
0.0227663
0.0225826
0.0223993
0.0222165
0.0220342
0.0218524
0.0216711
0.0214904
0.0213101
0.0211304
0.0209512
0.0207726
0.0205944
0.0204168
0.0202398
0.0200633
0.0198874
0.019712
0.0195372
0.0193629
0.0191892
0.0190161
0.0188435
0.0186715
0.0185002
0.0183293
0.0181591
0.0179895
0.0178205
0.0176521
0.0174842
0.017317
0.0171504
0.0169844
0.0168191
0.0166543
0.0164902
0.0163267
0.0161639
0.0160017
0.0158401
0.0156792
0.0155189
0.0153593
0.0152003
0.015042
0.0148843
0.0147273
0.014571
0.0144154
0.0142604
0.0141061
0.0139525
0.0137996
0.0136474
0.0134959
0.013345
0.0131949
0.0130455
0.0128968
0.0127487
0.0126014
0.0124549
0.012309
0.0121639
0.0120194
0.0118758
0.0117328
0.0115906
0.0114491
0.0113084
0.0111684
0.0110292
0.0108907
0.010753
0.010616
0.0104798
0.0103443
0.0102096
0.0100757
0.00994259
0.00981023
0.00967864
0.00954784
0.00941782
0.00928859
0.00916015
0.0090325
0.00890565
0.0087796
0.00865435
0.0085299
0.00840627
0.00828344
0.00816142
0.00804022
0.00791984
0.00780028
0.00768154
0.00756363
0.00744654
0.00733029
0.00721487
0.00710029
0.00698655
0.00687364
0.00676159
0.00665038
0.00654001
0.0064305
0.00632185
0.00621404
0.0061071
0.00600102
0.0058958
0.00579145
0.00568797
0.00558535
0.00548361
0.00538275
0.00528276
0.00518365
0.00508542
0.00498807
0.00489162
0.00479604
0.00470136
0.00460758
0.00451468
0.00442268
0.00433158
0.00424139
0.00415209
0.0040637
0.00397621
0.00388963
0.00380397
0.00371921
0.00363537
0.00355245
0.00347044
0.00338935
0.00330919
0.00322994
0.00315162
0.00307423
0.00299777
0.00292224
0.00284763
0.00277397
0.00270123
0.00262944
0.00255858
0.00248866
0.00241968
0.00235165
0.00228456
0.00221842
0.00215322
0.00208897
0.00202567
0.00196333
0.00190194
0.0018415
0.00178202
0.00172349
0.00166592
0.00160932
0.00155367
0.00149898
0.00144526
0.00139251
0.00134072
0.00128989
0.00124004
0.00119115
0.00114323
0.00109629
0.00105031
0.00100531
0.000961287
0.000918236
0.000876162
0.000835065
0.000794946
0.000755806
0.000717646
0.000680467
0.000644269
0.000609054
0.000574821
0.000541572
0.000509309
0.00047803
0.000447737
0.000418431
0.000390113
0.000362782
0.00033644
0.000311087
0.000286724
0.000263351
0.000240969
0.000219578
0.000199179
0.000179772
0.000161357
0.000143936
0.000127508
0.000112074
9.76344e-05
8.41889e-05
7.17383e-05
6.02826e-05
4.98223e-05
4.03575e-05
3.18884e-05
2.44152e-05
1.79382e-05
1.24573e-05
7.97281e-06
4.48476e-06
1.99325e-06
4.98314e-07
0
0
0
0
0
0
0
0
0
0
0
0
0
0
0
0
0
0
0
0
0
0
0
0
0
0
0
0
0
0
0
0
0
0
0
0
0
0
0
0
0
0
0
0
0
0
0
0
0
0
0
0
0
0
0
0
0
0
0
0
0
0
0
0
0
0
0
0
0
0
0
0
0
0
0
0
0
0
0
0
0
0
0
0
0
0
0
0
0
0
0
0
0
0
0
0
0
0
0
0
0
0
0
0
0
0
0
0
0
0
0
0
0
0
0
0
0
0
0
0
0
0
0
0
0
0
0
0
0
0
0
0
0
0
0
0
0
0
0
0
0
0
0
0
0
0
0
0
0
0
0
0
0
0
0
0
0
0
0
0
0
0
0
0
0
0
0
0
0
0
0
0
0
0
0
0
0
0
0
0
0
0
0
0
0
0
0
0
0
0
0
0
0
0
0
0
0
0
0
0
0
0
0
0
0
0
0
0
0
0
0
0
0
0
0
0
0
0
0
0
0
0
0
0
0
0
0
0
0
0
0
0
0
0
0
0
0
0
0
0
0
0
0
0
0
0
0
0
0
0
0
0
0
0
0
0
0
0
0
0
0
0
0
0
0
0
0
0
0
0
0
0
0
0
0
0
0
0
0
0
0
0
0
0
0
0
0
0
0
0
0
0
0
0
0
0
0
0
0
0
0
0
0
0
0
0
0
0
0
0
0
0
0
0
0
0
0
0
0
0
0
0
0
0
0
0
0
0
0
0
0
0
0
0
0
0
0
0
0
0
0
0
0
0
0
0
0
0
0
0
0
0
0
0
0
0
0
0
0
0
0
0
0
0
0
0
0
0
0
0
0
0
0
0
0
0
0
0
0
0
0
0
0
0
0
0
0
0
0
0
0
0
0
0
0
0
0
0
0
0
0
0
0
0
0
0
0
0
0
0
0
0
0
0
0
0
0
0
0
0
0
0
0
0
0
0
0
0
0
0
0
0
0
0
0
0
0
0
0
0
0
0
0
0
0
0
0
0
0
0
0
0
0
0
0
0
0
0
0
0
0
0
0
0
0
0
0
0
0
0
0
0
0
0
0
0
0
0
0
0
0
0
0
0
0
0
0
0
0
0
0
0
0
0
0
0
0
0
0
0
0
0
0
0
0
0
0
0
0
0
0
0
0
0
0
0
0
0
0
0
0
0
0
0
0
0
0
0
0
0
0
0
0
0
0
0
0
0
0
0
0
0
0
0
0
0
0
0
0
0
0
0
0
0
0
0
0
0
0
0
0
0
0
0
0
0
0
0
0
0
0
0
0
0
0
0
0
0
0
0
0
0
0
0
0
0
0
0
0
0
0
0
0
0
0
0
0
0
0
0
0
0
0
0
0
0
0
0
0
0
0
0
0
0
0
0
0
0
0
0
0
0
0
0
0
0
0
0
0
0
0
0
0
0
0
0
0
0
0
0
0
0
0
0
0
0
0
0
0
0
0
0
0
0
0
0
0
0
0
0
0
0
0
0
0
0
0
0
0
0
0
0
0
0
0
0
0
0
0
0
0
0
0
0
0
0
0
0
0
0
0
0
0
0
0
0
0
0
0
0
0
0
0
0
0
0
0
0
0
0
0
0
0
0
0
0
0
0
0
0
0
0
0
0
0
0
0
0
0
0
0
0
0
0
0
0
0
0
0
0
0
0
0
0
0
0
0
0
0
0
0
0
0
0
0
0
0
0
0
0
0
0
0
0
0
0
0
0
0
0
0
0
0
0
0
0
0
0
0
0
0
0
0
0
0
0
0
0
0
0
0
0
0
0
0
0
0
0
0
0
0
0
0
0
0
0
0
0
0
0
0
0
0
0
0
0
0
0
0
0
0
0
0
0
0
0
0
0
0
0
0
0
0
0
0
0
0
0
0
0
0
0
0
0
0
0
0
0
0
0
0
0
0
0
0
0
0
0
0
0
0
0
0
0
0
0
0
0
0
0
0
0
0
0
0
0
0
0
0
0
0
0
0
0
0
0
0
0
0
0
0
0
0
0
0
0
0
0
0
0
0
0
0
0
0
0
0
0
0
0
0
0
0
0
0
0
0
0
0
0
0
0
0
0
0
0
0
0
0
0
0
0
0
0
0
0
0
0
0
0
0
0
0
0
0
0
0
0
0
0
0
0
0
0
0
0
0
0
0
0
0
0
0
0
0
0
0
0
0
0
0
0
0
0
0
0
0
0
0
0
0
0
0
0
0
0
0
0
0
0
0
0
0
0
0
0
0
0
0
0
0
0
0
0
0
0
0
0
0
0
0
0
0
0
0
0
0
0
0
0
0
0
0
0
0
0
0
0
0
0
0
0
0
0
0
0
0
0
0
0
0
0
0
0
0
0
0
0
0
0
0
0
0
0
0
0
0
0
0
0
0
0
0
0
0
0
0
0
0
0
0
0
0
0
0
0
0
0
0
0
0
0
0
0
0
0
0
0
0
0
0
0
0
0
0
0
0
0
0
0
0
0
0
0
0
0
0
0
0
0
0
0
0
0
0
0
0
0
0
0
0
0
0
0
0
0
0
0
0
0
0
0
0
0
0
0
0
0
0
0
0
0
0
0
0
0
0
0
0
0
0
0
0
0
0
0
0
0
0
0
0
0
0
0
0
0
0
0
0
0
0
0
0
0
0
0
0
0
0
0
0
0
0
0
0
0
0
0
0
0
0
0
0
0
0
0
0
0
0
0
0
0
0
0
0
0
0
0
0
0
0
0
0
0
0
0
0
0
0
0
0
0
0
0
0
0
0
0
0
0
0
0
0
0
0
0
0
0
0
0
0
0
0
0
0
0
0
0
0
0
0
0
0
0
0
0
0
0
0
0
0
0
0
0
0
0
0
0
0
0
0
0
0
0
0
0
0
0
0
0
0
0
0
0
0
0
0
0
0
0
0
0
0
0
0
0
0
0
0
0
0
0
0
0
0
0
0
0
0
0
0
0
0
0
0
0
0
0
0
0
0
0
0
0
0
0
0
0
0
0
0
0
0
0
0
0
0
0
0
0
0
0
0
0
0
0
0
0
0
0
0
0
0
0
0
0
0
0
0
0
0
0
0
0
0
0
0
0
0
0
0
0
0
0
0
0
0
0
0
0
0
0
0
0
0
0
0
0
0
0
0
0
0
0
0
0
0
0
0
0
0
0
0
0
0
0
0
0
0
0
0
0
0
0
0
0
0
0
0
0
0
0
0
0
0
0
0
0
0
0
0
0
0
0
0
0
0
0
0
0
0
0
0
0
0
0
0
0
0
0
0
0
0
0
0
0
0
0
0
0
0
0
0
0
0
0
0
0
0
0
0
0
0
0
0
0
0
0
0
0
0
0
0
0
0
0
0
0
0
0
0
0
0
0
0
0
0
0
0
0
0
0
0
0
0
0
0
0
0
0
0
0
0
0
0
0
0
0
0
0
0
0
0
0
0
0
0
0
0
0
0
0
0
0
0
0
0
0
0
0
0
0
0
0
0
0
0
0
0
0
0
0
0
0
0
0
0
0
0
0
0
0
0
0
0
0
0
0
0
0
0
0
0
0
0
0
0
0
0
0
0
0
0
0
0
0
0
0
0
0
0
0
0
0
0
0
0
0
0
0
0
0
0
0
0
0
0
0
0
0
0
0
0
0
0
0
0
0
0
0
0
0
0
0
0
0
0
0
0
0
0
0
0
0
0
0
0
0
0
0
0
0
0
0
0
0
0
0
0
0
0
0
0
0
0
0
0
0
0
0
0
0
0
0
0
0
0
0
0
0
0
0
0
0
0
0
0
0
0
0
0
0
0
0
0
0
0
0
0
0
0
0
0
0
0
0
0
0
0
0
0
0
0
0
0
0
0
0
0
0
0
0
0
0
0
0
0
0
0
0
0
0
0
0
0
0
0
0
0
0
0
0
0
0
0
0
0
0
0
0
0
0
0
0
0
0
0
0
0
0
0
0
0
0
0
0
0
0
0
0
0
0
0
0
0
0
0
0
0
0
0
0
0
0
0
0
0
0
0
0
0
0
0
0
0
0
0
0
0
0
0
0
0
0
0
0
0
0
0
0
0
0
0
0
0
0
0
0
0
0
0
0
0
0
0
0
0
0
0
0
0
0
0
0
0
0
0
0
0
0
0
0
0
0
0
0
0
0
0
0
0
0
0
0
0
0
0
0
0
0
0
0
0
0
0
0
0
0
0
0
0
0
0
0
0
0
0
0
0
0
0
0
0
0
0
0
0
0
0
0
0
0
0
0
0
0
0
0
0
0
0
0
0
0
0
0
0
0
0
0
0
0
0
0
0
0
0
0
0
0
0
0
0
0
0
0
0
0
0
0
0
0
0
0
0
0
0
0
0
0
0
0
0
0
0
0
0
0
0
0
0
0
0
0
0
0
0
0
0
0
0
0
0
0
0
0
0
0
0
0
0
0
0
0
0
0
0
0
0
0
0
0
0
0
0
0
0
0
0
0
0
0
0
0
0
0
0
0
0
0
0
0
0
0
0
0
0
0
0
0
0
