0
0
3.66261e-09
1.4959e-08
3.81616e-08
7.78372e-08
1.38839e-07
2.26299e-07
3.45621e-07
5.02469e-07
7.02765e-07
9.52675e-07
1.2586e-06
1.62717e-06
2.06525e-06
2.57988e-06
3.17834e-06
3.86808e-06
4.65674e-06
5.55212e-06
6.5622e-06
7.6951e-06
8.95911e-06
1.03626e-05
1.19142e-05
1.36224e-05
1.5496e-05
1.75439e-05
1.9775e-05
2.21983e-05
2.48229e-05
2.76579e-05
3.07124e-05
3.39957e-05
3.7517e-05
4.12856e-05
4.53107e-05
4.96015e-05
5.41673e-05
5.90174e-05
6.41609e-05
6.9607e-05
7.53647e-05
8.14432e-05
8.78514e-05
9.45983e-05
0.000101693
0.000109143
0.000116958
0.000125147
0.000133718
0.000142678
0.000152037
0.000161802
0.000171982
0.000182583
0.000193614
0.000205082
0.000216994
0.000229358
0.00024218
0.000255467
0.000269226
0.000283462
0.000298183
0.000313393
0.0003291
0.000345307
0.000362022
0.000379248
0.000396991
0.000415255
0.000434045
0.000453365
0.000473218
0.00049361
0.000514543
0.00053602
0.000558045
0.00058062
0.000603749
0.000627432
0.000651673
0.000676473
0.000701834
0.000727758
0.000754245
0.000781296
0.000808912
0.000837094
0.000865841
0.000895154
0.000925033
0.000955477
0.000986485
0.00101806
0.00105019
0.00108288
0.00111614
0.00114995
0.00118432
0.00121924
0.00125471
0.00129073
0.0013273
0.00136441
0.00140206
0.00144025
0.00147897
0.00151822
0.001558
0.0015983
0.00163912
0.00168045
0.00172229
0.00176464
0.00180749
0.00185083
0.00189466
0.00193898
0.00198378
0.00202906
0.00207481
0.00212102
0.0021677
0.00221483
0.00226241
0.00231043
0.00235889
0.00240778
0.0024571
0.00250684
0.00255699
0.00260755
0.00265852
0.00270988
0.00276164
0.00281378
0.0028663
0.00291919
0.00297245
0.00302607
0.00308005
0.00313438
0.00318906
0.00324407
0.00329942
0.00335509
0.00341109
0.0034674
0.00352403
0.00358096
0.00363819
0.00369571
0.00375353
0.00381163
0.00387001
0.00392866
0.00398759
0.00404678
0.00410623
0.00416594
0.0042259
0.00428611
0.00434656
0.00440726
0.00446818
0.00452934
0.00459073
0.00465234
0.00471418
0.00477623
0.0048385
0.00490098
0.00496367
0.00502656
0.00508966
0.00515296
0.00521646
0.00528016
0.00534405
0.00540813
0.00547241
0.00553688
0.00560153
0.00566637
0.00573139
0.0057966
0.005862
0.00592757
0.00599333
0.00605927
0.0061254
0.0061917
0.00625818
0.00632485
0.00639169
0.00645872
0.00652593
0.00659332
0.00666089
0.00672865
0.00679659
0.00686472
0.00693304
0.00700154
0.00707023
0.00713912
0.00720819
0.00727746
0.00734692
0.00741658
0.00748645
0.00755651
0.00762677
0.00769724
0.00776792
0.00783881
0.00790991
0.00798122
0.00805275
0.0081245
0.00819648
0.00826867
0.0083411
0.00841375
0.00848664
0.00855977
0.00863313
0.00870673
0.00878058
0.00885468
0.00892902
0.00900362
0.00907848
0.00915359
0.00922897
0.00930461
0.00938052
0.0094567
0.00953315
0.00960988
0.00968689
0.00976418
0.00984176
0.00991963
0.00999778
0.0100762
0.010155
0.010234
0.0103134
0.010393
0.010473
0.0105533
0.0106338
0.0107147
0.010796
0.0108775
0.0109594
0.0110415
0.011124
0.0112069
0.01129
0.0113735
0.0114574
0.0115415
0.011626
0.0117109
0.0117961
0.0118816
0.0119675
0.0120537
0.0121402
0.0122271
0.0123144
0.012402
0.01249
0.0125783
0.0126669
0.0127559
0.0128453
0.012935
0.0130251
0.0131155
0.0132063
0.0132974
0.0133889
0.0134807
0.0135729
0.0136655
0.0137584
0.0138517
0.0139453
0.0140392
0.0141335
0.0142282
0.0143232
0.0144186
0.0145143
0.0146104
0.0147068
0.0148035
0.0149006
0.014998
0.0150958
0.0151939
0.0152924
0.0153912
0.0154903
0.0155898
0.0156895
0.0157897
0.0158901
0.0159909
0.016092
0.0161934
0.0162951
0.0163972
0.0164995
0.0166022
0.0167052
0.0168085
0.0169121
0.017016
0.0171202
0.0172247
0.0173295
0.0174346
0.01754
0.0176456
0.0177516
0.0178578
0.0179643
0.0180711
0.0181782
0.0182855
0.0183932
0.018501
0.0186092
0.0187176
0.0188262
0.0189352
0.0190443
0.0191538
0.0192634
0.0193734
0.0194835
0.0195939
0.0197046
0.0198155
0.0199266
0.0200379
0.0201495
0.0202613
0.0203733
0.0204856
0.020598
0.0207107
0.0208236
0.0209367
0.02105
0.0211636
0.0212773
0.0213912
0.0215054
0.0216197
0.0217342
0.021849
0.0219639
0.022079
0.0221943
0.0223098
0.0224255
0.0225413
0.0226574
0.0227736
0.02289
0.0230066
0.0231234
0.0232403
0.0233574
0.0234747
0.0235922
0.0237098
0.0238276
0.0239456
0.0240637
0.024182
0.0243005
0.0244191
0.0245379
0.0246569
0.024776
0.0248953
0.0250148
0.0251344
0.0252541
0.0253741
0.0254942
0.0256144
0.0257348
0.0258554
0.0259762
0.026097
0.0262181
0.0263393
0.0264607
0.0265822
0.0267039
0.0268257
0.0269477
0.0270699
0.0271922
0.0273147
0.0274373
0.0275601
0.027683
0.0278061
0.0279294
0.0280528
0.0281764
0.0283002
0.0284241
0.0285482
0.0286724
0.0287968
0.0289213
0.0290461
0.029171
0.029296
0.0294212
0.0295466
0.0296722
0.0297979
0.0299237
0.0300498
0.030176
0.0303024
0.030429
0.0305557
0.0306826
0.0308096
0.0309369
0.0310643
0.0311919
0.0313196
0.0314475
0.0315756
0.0317039
0.0318323
0.031961
0.0320898
0.0322187
0.0323479
0.0324772
0.0326067
0.0327364
0.0328663
0.0329963
0.0331265
0.0332569
0.0333875
0.0335182
0.0336491
0.0337802
0.0339115
0.034043
0.0341746
0.0343065
0.0344385
0.0345707
0.034703
0.0348356
0.0349683
0.0351012
0.0352342
0.0353675
0.0355009
0.0356345
0.0357683
0.0359023
0.0360364
0.0361708
0.0363053
0.0364399
0.0365748
0.0367098
0.036845
0.0369804
0.0371159
0.0372516
0.0373875
0.0375236
0.0376598
0.0377962
0.0379327
0.0380695
0.0382064
0.0383434
0.0384807
0.0386181
0.0387556
0.0388933
0.0390312
0.0391692
0.0393074
0.0394458
0.0395843
0.039723
0.0398618
0.0400008
0.0401399
0.0402792
0.0404186
0.0405582
0.0406979
0.0408377
0.0409777
0.0411179
0.0412582
0.0413986
0.0415392
0.0416799
0.0418207
0.0419617
0.0421028
0.0422441
0.0423854
0.0425269
0.0426685
0.0428103
0.0429522
0.0430942
0.0432363
0.0433785
0.0435209
0.0436633
0.0438059
0.0439486
0.0440914
0.0442343
0.0443774
0.0445205
0.0446637
0.0448071
0.0449505
0.045094
0.0452377
0.0453814
0.0455253
0.0456692
0.0458132
0.0459573
0.0461015
0.0462458
0.0463902
0.0465347
0.0466792
0.0468239
0.0469686
0.0471134
0.0472582
0.0474032
0.0475482
0.0476933
0.0478385
0.0479837
0.0481291
0.0482745
0.0484199
0.0485654
0.048711
0.0488567
0.0490024
0.0491482
0.049294
0.0494399
0.0495859
0.0497319
0.049878
0.0500241
0.0501703
0.0503165
0.0504628
0.0506092
0.0507556
0.050902
0.0510485
0.051195
0.0513416
0.0514883
0.0516349
0.0517817
0.0519284
0.0520752
0.0522221
0.052369
0.0525159
0.0526629
0.0528099
0.0529569
0.053104
0.0532511
0.0533983
0.0535455
0.0536927
0.05384
0.0539873
0.0541346
0.054282
0.0544294
0.0545768
0.0547243
0.0548718
0.0550193
0.0551668
0.0553144
0.055462
0.0556097
0.0557573
0.055905
0.0560527
0.0562005
0.0563482
0.056496
0.0566438
0.0567917
0.0569396
0.0570874
0.0572354
0.0573833
0.0575313
0.0576792
0.0578272
0.0579753
0.0581233
0.0582714
0.0584195
0.0585676
0.0587157
0.0588638
0.059012
0.0591602
0.0593084
0.0594566
0.0596048
0.0597531
0.0599014
0.0600496
0.0601979
0.0603463
0.0604946
0.0606429
0.0607913
0.0609397
0.0610881
0.0612365
0.0613849
0.0615333
0.0616817
0.0618302
0.0619786
0.0621271
0.0622756
0.0624241
0.0625726
0.0627211
0.0628696
0.0630181
0.0631666
0.0633152
0.0634637
0.0636122
0.0637608
0.0639093
0.0640579
0.0642064
0.064355
0.0645035
0.0646521
0.0648006
0.0649492
0.0650977
0.0652463
0.0653948
0.0655434
0.0656919
0.0658405
0.065989
0.0661375
0.066286
0.0664345
0.066583
0.0667315
0.06688
0.0670284
0.0671769
0.0673253
0.0674737
0.0676221
0.0677705
0.0679189
0.0680673
0.0682156
0.0683639
0.0685122
0.0686605
0.0688087
0.068957
0.0691052
0.0692533
0.0694015
0.0695496
0.0696977
0.0698458
0.0699938
0.0701418
0.0702898
0.0704377
0.0705856
0.0707335
0.0708813
0.0710291
0.0711769
0.0713246
0.0714723
0.0716199
0.0717675
0.071915
0.0720625
0.07221
0.0723574
0.0725048
0.0726521
0.0727993
0.0729465
0.0730937
0.0732408
0.0733878
0.0735348
0.0736818
0.0738286
0.0739754
0.0741222
0.0742689
0.0744155
0.0745621
0.0747086
0.074855
0.0750014
0.0751477
0.0752939
0.0754401
0.0755862
0.0757322
0.0758782
0.076024
0.0761698
0.0763155
0.0764612
0.0766067
0.0767522
0.0768976
0.077043
0.0771882
0.0773334
0.0774784
0.0776234
0.0777683
0.0779131
0.0780579
0.0782025
0.078347
0.0784915
0.0786359
0.0787801
0.0789243
0.0790684
0.0792124
0.0793562
0.0795
0.0796437
0.0797873
0.0799308
0.0800742
0.0802175
0.0803607
0.0805038
0.0806467
0.0807896
0.0809324
0.081075
0.0812176
0.08136
0.0815024
0.0816446
0.0817867
0.0819287
0.0820706
0.0822124
0.082354
0.0824956
0.082637
0.0827783
0.0829195
0.0830606
0.0832016
0.0833424
0.0834831
0.0836237
0.0837642
0.0839046
0.0840448
0.0841849
0.0843249
0.0844648
0.0846045
0.0847442
0.0848836
0.085023
0.0851622
0.0853013
0.0854403
0.0855792
0.0857179
0.0858565
0.0859949
0.0861332
0.0862714
0.0864095
0.0865474
0.0866852
0.0868229
0.0869604
0.0870978
0.087235
0.0873721
0.0875091
0.0876459
0.0877826
0.0879191
0.0880555
0.0881918
0.0883279
0.0884639
0.0885998
0.0887355
0.088871
0.0890064
0.0891417
0.0892768
0.0894118
0.0895466
0.0896813
0.0898158
0.0899502
0.0900844
0.0902185
0.0903524
0.0904862
0.0906198
0.0907533
0.0908866
0.0910198
0.0911528
0.0912856
0.0914183
0.0915509
0.0916833
0.0918155
0.0919476
0.0920795
0.0922112
0.0923428
0.0924743
0.0926055
0.0927366
0.0928676
0.0929984
0.093129
0.0932595
0.0933897
0.0935199
0.0936498
0.0937796
0.0939092
0.0940387
0.094168
0.0942971
0.094426
0.0945548
0.0946834
0.0948118
0.0949401
0.0950681
0.095196
0.0953238
0.0954513
0.0955787
0.0957059
0.0958329
0.0959597
0.0960864
0.0962129
0.0963392
0.0964653
0.0965912
0.096717
0.0968425
0.0969679
0.0970931
0.0972181
0.0973429
0.0974675
0.097592
0.0977162
0.0978403
0.0979641
0.0980878
0.0982113
0.0983346
0.0984577
0.0985806
0.0987033
0.0988258
0.0989481
0.0990702
0.0991921
0.0993138
0.0994353
0.0995566
0.0996777
0.0997986
0.0999193
0.10004
0.10016
0.10028
0.1004
0.10052
0.100639
0.100758
0.100878
0.100996
0.101115
0.101233
0.101352
0.10147
0.101587
0.101705
0.101822
0.101939
0.102056
0.102173
0.102289
0.102406
0.102522
0.102637
0.102753
0.102868
0.102984
0.103098
0.103213
0.103328
0.103442
0.103556
0.10367
0.103783
0.103897
0.10401
0.104123
0.104235
0.104348
0.10446
0.104572
0.104683
0.104795
0.104906
0.105017
0.105128
0.105238
0.105349
0.105459
0.105569
0.105678
0.105787
0.105897
0.106005
0.106114
0.106222
0.106331
0.106438
0.106546
0.106653
0.106761
0.106868
0.106974
0.107081
0.107187
0.107293
0.107398
0.107504
0.107609
0.107714
0.107818
0.107923
0.108027
0.108131
0.108235
0.108338
0.108441
0.108544
0.108647
0.108749
0.108851
0.108953
0.109055
0.109156
0.109257
0.109358
0.109458
0.109559
0.109659
0.109758
0.109858
0.109957
0.110056
0.110155
0.110253
0.110352
0.11045
0.110547
0.110645
0.110742
0.110839
0.110935
0.111032
0.111128
0.111223
0.111319
0.111414
0.111509
0.111604
0.111698
0.111793
0.111886
0.11198
0.112073
0.112166
0.112259
0.112352
0.112444
0.112536
0.112628
0.112719
0.11281
0.112901
0.112992
0.113082
0.113172
0.113262
0.113351
0.113441
0.11353
0.113618
0.113707
0.113795
0.113882
0.11397
0.114057
0.114144
0.114231
0.114317
0.114403
0.114489
0.114575
0.11466
0.114745
0.114829
0.114914
0.114998
0.115082
0.115165
0.115248
0.115331
0.115414
0.115496
0.115578
0.11566
0.115742
0.115823
0.115904
0.115984
0.116065
0.116145
0.116224
0.116304
0.116383
0.116462
0.11654
0.116619
0.116697
0.116774
0.116852
0.116929
0.117005
0.117082
0.117158
0.117234
0.117309
0.117385
0.11746
0.117534
0.117609
0.117683
0.117756
0.11783
0.117903
0.117976
0.118048
0.11812
0.118192
0.118264
0.118335
0.118406
0.118477
0.118547
0.118617
0.118687
0.118756
0.118826
0.118894
0.118963
0.119031
0.119099
0.119167
0.119234
0.119301
0.119368
0.119434
0.1195
0.119566
0.119631
0.119696
0.119761
0.119825
0.119889
0.119953
0.120017
0.12008
0.120143
0.120205
0.120267
0.120329
0.120391
0.120452
0.120513
0.120574
0.120634
0.120694
0.120754
0.120813
0.120872
0.120931
0.120989
0.121047
0.121105
0.121162
0.121219
0.121276
0.121332
0.121388
0.121444
0.1215
0.121555
0.12161
0.121664
0.121718
0.121772
0.121825
0.121879
0.121931
0.121984
0.122036
0.122088
0.122139
0.122191
0.122241
0.122292
0.122342
0.122392
0.122442
0.122491
0.12254
0.122588
0.122636
0.122684
0.122732
0.122779
0.122826
0.122872
0.122918
0.122964
0.12301
0.123055
0.1231
0.123144
0.123189
0.123232
0.123276
0.123319
0.123362
0.123404
0.123447
0.123488
0.12353
0.123571
0.123612
0.123652
0.123693
0.123732
0.123772
0.123811
0.12385
0.123888
0.123926
0.123964
0.124001
0.124038
0.124075
0.124112
0.124148
0.124183
0.124219
0.124254
0.124289
0.124323
0.124357
0.124391
0.124424
0.124457
0.12449
0.124522
0.124554
0.124585
0.124617
0.124648
0.124678
0.124708
0.124738
0.124768
0.124797
0.124826
0.124854
0.124883
0.124911
0.124938
0.124965
0.124992
0.125018
0.125045
0.12507
0.125096
0.125121
0.125146
0.12517
0.125194
0.125218
0.125241
0.125264
0.125287
0.125309
0.125331
0.125353
0.125374
0.125395
0.125415
0.125436
0.125455
0.125475
0.125494
0.125513
0.125531
0.12555
0.125567
0.125585
0.125602
0.125619
0.125635
0.125651
0.125667
0.125682
0.125697
0.125712
0.125726
0.12574
0.125754
0.125767
0.12578
0.125793
0.125805
0.125817
0.125828
0.125839
0.12585
0.125861
0.125871
0.125881
0.12589
0.125899
0.125908
0.125916
0.125924
0.125932
0.125939
0.125946
0.125953
0.125959
0.125965
0.125971
0.125976
0.125981
0.125985
0.125989
0.125993
0.125997
0.126
0.126003
0.126005
0.126007
0.126009
0.12601
0.126011
0.126012
0.126012
0.126012
0.126012
0.126011
0.12601
0.126009
0.126007
0.126005
0.126002
0.125999
0.125996
0.125993
0.125989
0.125984
0.12598
0.125975
0.12597
0.125964
0.125958
0.125952
0.125945
0.125938
0.125931
0.125923
0.125915
0.125906
0.125898
0.125888
0.125879
0.125869
0.125859
0.125848
0.125837
0.125826
0.125815
0.125803
0.12579
0.125778
0.125765
0.125751
0.125738
0.125724
0.125709
0.125695
0.125679
0.125664
0.125648
0.125632
0.125616
0.125599
0.125582
0.125564
0.125546
0.125528
0.125509
0.12549
0.125471
0.125452
0.125432
0.125411
0.125391
0.12537
0.125348
0.125327
0.125304
0.125282
0.125259
0.125236
0.125213
0.125189
0.125165
0.12514
0.125116
0.12509
0.125065
0.125039
0.125013
0.124986
0.124959
0.124932
0.124905
0.124877
0.124848
0.12482
0.124791
0.124761
0.124732
0.124702
0.124671
0.124641
0.12461
0.124578
0.124547
0.124515
0.124482
0.124449
0.124416
0.124383
0.124349
0.124315
0.124281
0.124246
0.124211
0.124175
0.124139
0.124103
0.124067
0.12403
0.123993
0.123955
0.123917
0.123879
0.12384
0.123802
0.123762
0.123723
0.123683
0.123643
0.123602
0.123561
0.12352
0.123478
0.123437
0.123394
0.123352
0.123309
0.123266
0.123222
0.123178
0.123134
0.123089
0.123044
0.122999
0.122953
0.122907
0.122861
0.122815
0.122768
0.12272
0.122673
0.122625
0.122577
0.122528
0.122479
0.12243
0.12238
0.12233
0.12228
0.122229
0.122179
0.122127
0.122076
0.122024
0.121972
0.121919
0.121866
0.121813
0.121759
0.121706
0.121651
0.121597
0.121542
0.121487
0.121431
0.121376
0.121319
0.121263
0.121206
0.121149
0.121095
0.121043
0.120994
0.120947
0.120903
0.120861
0.120822
0.120785
0.120751
0.120719
0.120689
0.120661
0.120636
0.120612
0.120591
0.120571
0.120553
0.120538
0.120523
0.120511
0.1205
0.120491
0.120483
0.120476
0.120471
0.120467
0.120464
0.120463
0.120462
0.120462
0.120463
0.120465
0.120467
0.12047
0.120474
0.120478
0.120483
0.120487
0.120492
0.120497
0.120502
0.120507
0.120512
0.120517
0.120522
0.120526
0.120529
0.120533
0.120535
0.120537
0.120539
0.120539
0.120539
0.120538
0.120536
0.120533
0.120528
0.120523
0.120516
0.120508
0.120499
0.120488
0.120476
0.120462
0.120447
0.12043
0.120412
0.120391
0.120369
0.120346
0.12032
0.120292
0.120263
0.120232
0.120199
0.120163
0.120126
0.120087
0.120045
0.120002
0.119956
0.119908
0.119858
0.119806
0.119752
0.119696
0.119637
0.119576
0.119513
0.119448
0.119381
0.119311
0.119239
0.119165
0.119089
0.11901
0.11893
0.118847
0.118762
0.118675
0.118586
0.118495
0.118402
0.118307
0.118209
0.11811
0.118009
0.117906
0.117801
0.117694
0.117585
0.117475
0.117362
0.117248
0.117132
0.117015
0.116896
0.116775
0.116653
0.11653
0.116405
0.116278
0.11615
0.116021
0.115891
0.115759
0.115627
0.115493
0.115358
0.115222
0.115085
0.114947
0.114808
0.114668
0.114528
0.114387
0.114245
0.114102
0.113959
0.113815
0.113671
0.113527
0.113382
0.113236
0.113091
0.112945
0.112798
0.112652
0.112506
0.112359
0.112213
0.112066
0.11192
0.111773
0.111627
0.111481
0.111335
0.11119
0.111044
0.110899
0.110755
0.110611
0.110467
0.110324
0.110181
0.110039
0.109897
0.109756
0.109615
0.109476
0.109336
0.109198
0.10906
0.108923
0.108787
0.108652
0.108517
0.108383
0.10825
0.108118
0.107986
0.107856
0.107726
0.107598
0.10747
0.107343
0.107217
0.107092
0.106968
0.106845
0.106722
0.106601
0.106481
0.106361
0.106243
0.106125
0.106008
0.105892
0.105777
0.105663
0.10555
0.105438
0.105326
0.105215
0.105106
0.104996
0.104888
0.104781
0.104674
0.104568
0.104463
0.104358
0.104255
0.104151
0.104049
0.103947
0.103846
0.103745
0.103645
0.103545
0.103446
0.103348
0.103249
0.103152
0.103054
0.102957
0.102861
0.102764
0.102668
0.102572
0.102477
0.102382
0.102286
0.102191
0.102097
0.102002
0.101907
0.101812
0.101718
0.101623
0.101528
0.101433
0.101338
0.101243
0.101148
0.101053
0.100957
0.100861
0.100765
0.100669
0.100572
0.100475
0.100377
0.100279
0.100181
0.100082
0.0999831
0.0998834
0.0997832
0.0996825
0.0995812
0.0994793
0.0993769
0.0992738
0.0991701
0.0990657
0.0989607
0.098855
0.0987486
0.0986415
0.0985337
0.0984251
0.0983157
0.0982056
0.0980948
0.0979831
0.0978706
0.0977573
0.0976432
0.0975283
0.0974126
0.097296
0.0971785
0.0970602
0.0969411
0.0968211
0.0967002
0.0965785
0.0964559
0.0963325
0.0962081
0.0960829
0.0959569
0.09583
0.0957022
0.0955736
0.0954441
0.0953138
0.0951827
0.0950507
0.0949179
0.0947842
0.0946498
0.0945145
0.0943785
0.0942417
0.0941041
0.0939657
0.0938266
0.0936868
0.0935462
0.0934049
0.0932629
0.0931202
0.0929768
0.0928328
0.0926881
0.0925429
0.0923969
0.0922504
0.0921033
0.0919557
0.0918075
0.0916587
0.0915095
0.0913597
0.0912095
0.0910588
0.0909076
0.090756
0.0906041
0.0904517
0.0902989
0.0901458
0.0899924
0.0898386
0.0896846
0.0895302
0.0893756
0.0892208
0.0890657
0.0889104
0.088755
0.0885993
0.0884435
0.0882876
0.0881316
0.0879754
0.0878192
0.0876629
0.0875065
0.0873501
0.0871937
0.0870373
0.0868809
0.0867246
0.0865683
0.086412
0.0862559
0.0860998
0.0859438
0.0857879
0.0856322
0.0854766
0.0853212
0.0851659
0.0850108
0.0848559
0.0847012
0.0845467
0.0843925
0.0842384
0.0840846
0.0839311
0.0837778
0.0836248
0.0834721
0.0833196
0.0831674
0.0830156
0.082864
0.0827127
0.0825618
0.0824111
0.0822608
0.0821108
0.0819611
0.0818117
0.0816627
0.081514
0.0813657
0.0812176
0.0810699
0.0809226
0.0807756
0.0806289
0.0804825
0.0803365
0.0801908
0.0800454
0.0799004
0.0797556
0.0796112
0.0794671
0.0793233
0.0791798
0.0790367
0.0788938
0.0787512
0.0786089
0.0784668
0.0783251
0.0781835
0.0780423
0.0779013
0.0777606
0.07762
0.0774798
0.0773397
0.0771998
0.0770602
0.0769207
0.0767815
0.0766424
0.0765035
0.0763647
0.0762261
0.0760876
0.0759493
0.0758111
0.075673
0.075535
0.075397
0.0752592
0.0751215
0.0749838
0.0748461
0.0747085
0.074571
0.0744334
0.0742959
0.0741584
0.0740209
0.0738833
0.0737458
0.0736082
0.0734705
0.0733328
0.0731951
0.0730573
0.0729194
0.0727814
0.0726433
0.0725051
0.0723668
0.0722283
0.0720898
0.0719511
0.0718122
0.0716732
0.0715341
0.0713947
0.0712553
0.0711156
0.0709757
0.0708356
0.0706954
0.0705549
0.0704143
0.0702734
0.0701323
0.0699909
0.0698494
0.0697076
0.0695656
0.0694233
0.0692808
0.069138
0.068995
0.0688517
0.0687082
0.0685645
0.0684204
0.0682761
0.0681316
0.0679868
0.0678417
0.0676964
0.0675508
0.0674049
0.0672588
0.0671124
0.0669658
0.0668189
0.0666717
0.0665243
0.0663766
0.0662287
0.0660805
0.0659321
0.0657834
0.0656345
0.0654853
0.065336
0.0651863
0.0650365
0.0648864
0.0647362
0.0645857
0.064435
0.064284
0.0641329
0.0639816
0.0638301
0.0636785
0.0635266
0.0633746
0.0632224
0.0630701
0.0629176
0.0627649
0.0626121
0.0624592
0.0623061
0.062153
0.0619997
0.0618463
0.0616928
0.0615392
0.0613856
0.0612318
0.061078
0.0609241
0.0607702
0.0606162
0.0604621
0.0603081
0.060154
0.0599998
0.0598457
0.0596916
0.0595374
0.0593833
0.0592292
0.0590751
0.058921
0.058767
0.058613
0.0584591
0.0583052
0.0581514
0.0579976
0.057844
0.0576904
0.0575369
0.0573835
0.0572302
0.057077
0.0569239
0.056771
0.0566181
0.0564655
0.0563129
0.0561605
0.0560082
0.0558561
0.0557041
0.0555523
0.0554007
0.0552492
0.0550979
0.0549468
0.0547959
0.0546452
0.0544946
0.0543443
0.0541941
0.0540442
0.0538944
0.0537449
0.0535955
0.0534464
0.0532975
0.0531488
0.0530004
0.0528521
0.0527041
0.0525563
0.0524087
0.0522614
0.0521143
0.0519674
0.0518207
0.0516743
0.0515281
0.0513821
0.0512364
0.0510909
0.0509456
0.0508006
0.0506558
0.0505112
0.0503669
0.0502227
0.0500789
0.0499352
0.0497918
0.0496486
0.0495056
0.0493628
0.0492203
0.0490779
0.0489358
0.0487939
0.0486523
0.0485108
0.0483695
0.0482285
0.0480876
0.047947
0.0478065
0.0476663
0.0475262
0.0473864
0.0472467
0.0471072
0.0469679
0.0468287
0.0466898
0.046551
0.0464124
0.046274
0.0461357
0.0459976
0.0458596
0.0457218
0.0455842
0.0454467
0.0453093
0.0451721
0.045035
0.0448981
0.0447613
0.0446246
0.0444881
0.0443517
0.0442154
0.0440792
0.0439431
0.0438072
0.0436714
0.0435356
0.0434
0.0432645
0.0431291
0.0429937
0.0428585
0.0427234
0.0425883
0.0424534
0.0423185
0.0421837
0.042049
0.0419144
0.0417798
0.0416453
0.0415109
0.0413766
0.0412423
0.0411081
0.040974
0.04084
0.040706
0.040572
0.0404382
0.0403044
0.0401706
0.0400369
0.0399033
0.0397697
0.0396362
0.0395028
0.0393694
0.0392361
0.0391028
0.0389696
0.0388364
0.0387033
0.0385703
0.0384373
0.0383044
0.0381715
0.0380387
0.037906
0.0377733
0.0376407
0.0375082
0.0373757
0.0372433
0.0371109
0.0369787
0.0368465
0.0367143
0.0365823
0.0364503
0.0363184
0.0361866
0.0360549
0.0359232
0.0357916
0.0356602
0.0355288
0.0353975
0.0352663
0.0351352
0.0350042
0.0348733
0.0347425
0.0346118
0.0344812
0.0343507
0.0342204
0.0340902
0.0339601
0.0338301
0.0337002
0.0335705
0.0334409
0.0333114
0.0331821
0.0330529
0.0329239
0.032795
0.0326663
0.0325377
0.0324093
0.032281
0.0321529
0.032025
0.0318972
0.0317696
0.0316422
0.031515
0.0313879
0.0312611
0.0311344
0.0310079
0.0308816
0.0307555
0.0306296
0.0305039
0.0303784
0.0302531
0.030128
0.0300031
0.0298785
0.029754
0.0296298
0.0295058
0.0293821
0.0292585
0.0291352
0.0290122
0.0288893
0.0287667
0.0286444
0.0285223
0.0284004
0.0282788
0.0281574
0.0280363
0.0279154
0.0277948
0.0276744
0.0275543
0.0274345
0.0273149
0.0271956
0.0270765
0.0269577
0.0268392
0.026721
0.026603
0.0264853
0.0263678
0.0262507
0.0261338
0.0260172
0.0259008
0.0257848
0.025669
0.0255535
0.0254382
0.0253233
0.0252086
0.0250943
0.0249802
0.0248663
0.0247528
0.0246396
0.0245266
0.0244139
0.0243015
0.0241894
0.0240775
0.023966
0.0238547
0.0237437
0.023633
0.0235226
0.0234124
0.0233026
0.023193
0.0230837
0.0229747
0.022866
0.0227575
0.0226494
0.0225415
0.0224338
0.0223265
0.0222195
0.0221127
0.0220062
0.0218999
0.021794
0.0216883
0.0215829
0.0214778
0.0213729
0.0212683
0.021164
0.0210599
0.0209562
0.0208526
0.0207494
0.0206464
0.0205437
0.0204412
0.0203391
0.0202371
0.0201355
0.0200341
0.0199329
0.019832
0.0197314
0.0196311
0.0195309
0.0194311
0.0193315
0.0192322
0.0191331
0.0190342
0.0189356
0.0188373
0.0187392
0.0186414
0.0185438
0.0184465
0.0183494
0.0182526
0.018156
0.0180597
0.0179636
0.0178677
0.0177721
0.0176768
0.0175817
0.0174868
0.0173922
0.0172978
0.0172037
0.0171098
0.0170161
0.0169227
0.0168296
0.0167367
0.016644
0.0165516
0.0164594
0.0163674
0.0162757
0.0161843
0.0160931
0.0160021
0.0159114
0.0158209
0.0157307
0.0156407
0.0155509
0.0154614
0.0153722
0.0152832
0.0151944
0.0151059
0.0150176
0.0149296
0.0148418
0.0147543
0.014667
0.01458
0.0144933
0.0144067
0.0143205
0.0142345
0.0141487
0.0140632
0.013978
0.013893
0.0138083
0.0137238
0.0136396
0.0135557
0.013472
0.0133886
0.0133055
0.0132226
0.01314
0.0130576
0.0129756
0.0128938
0.0128122
0.012731
0.01265
0.0125693
0.0124889
0.0124087
0.0123288
0.0122492
0.0121699
0.0120909
0.0120121
0.0119337
0.0118555
0.0117776
0.0117
0.0116227
0.0115457
0.011469
0.0113926
0.0113164
0.0112406
0.0111651
0.0110898
0.0110149
0.0109403
0.0108659
0.0107919
0.0107182
0.0106448
0.0105717
0.0104989
0.0104264
0.0103542
0.0102824
0.0102108
0.0101396
0.0100687
0.00999807
0.00992779
0.00985783
0.00978819
0.00971888
0.00964988
0.00958121
0.00951286
0.00944484
0.00937715
0.00930978
0.00924274
0.00917603
0.00910965
0.0090436
0.00897788
0.00891249
0.00884744
0.00878272
0.00871834
0.00865428
0.00859057
0.00852719
0.00846415
0.00840145
0.00833908
0.00827706
0.00821537
0.00815402
0.00809301
0.00803235
0.00797202
0.00791204
0.0078524
0.0077931
0.00773414
0.00767552
0.00761725
0.00755933
0.00750174
0.0074445
0.00738761
0.00733105
0.00727485
0.00721898
0.00716347
0.00710829
0.00705347
0.00699898
0.00694485
0.00689105
0.00683761
0.0067845
0.00673175
0.00667933
0.00662727
0.00657554
0.00652417
0.00647314
0.00642245
0.0063721
0.00632211
0.00627245
0.00622314
0.00617417
0.00612555
0.00607727
0.00602934
0.00598174
0.00593449
0.00588759
0.00584102
0.0057948
0.00574892
0.00570338
0.00565818
0.00561333
0.00556881
0.00552464
0.00548081
0.00543731
0.00539416
0.00535135
0.00530887
0.00526674
0.00522494
0.00518348
0.00514236
0.00510158
0.00506114
0.00502103
0.00498126
0.00494183
0.00490273
0.00486397
0.00482555
0.00478746
0.00474971
0.0047123
0.00467522
0.00463847
0.00460206
0.00456598
0.00453024
0.00449483
0.00445976
0.00442502
0.00439061
0.00435654
0.0043228
0.0042894
0.00425632
0.00422358
0.00419118
0.0041591
0.00412736
0.00409595
0.00406487
0.00403413
0.00400372
0.00397364
0.00394389
0.00391448
0.0038854
0.00385665
0.00382823
0.00380015
0.00377239
0.00374497
0.00371789
0.00369113
0.00366471
0.00363862
0.00361287
0.00358745
0.00356236
0.0035376
0.00351318
0.00348909
0.00346534
0.00344192
0.00341883
0.00339608
0.00337366
0.00335158
0.00332983
0.00330842
0.00328734
0.0032666
0.0032462
0.00322613
0.0032064
0.00318701
0.00316795
0.00314923
0.00313085
0.00311281
0.0030951
0.00307774
0.00306071
0.00304402
0.00302768
0.00301167
0.002996
0.00298068
0.00296569
0.00295105
0.00293675
0.00292279
0.00290917
0.0028959
0.00288297
0.00287039
0.00285814
0.00284625
0.0028347
0.00282349
0.00281263
0.00280211
0.00279194
0.00278212
0.00277265
0.00276352
0.00275474
0.00274631
0.00273823
0.00273049
0.00272311
0.00271607
0.00270939
0.00270305
0.00269707
0.00269144
0.00268616
0.00268122
0.00267665
0.00267242
0.00266855
0.00266503
0.00266186
0.00265904
0.00265658
0.00265448
0.00265272
0.00265132
0.00265028
0.00264959
0.00264926
0.00264928
0.00264965
0.00265039
0.00265147
0.00265292
0.00265472
0.00265688
0.00265939
0.00266226
0.00266549
0.00266907
0.00267301
0.00267731
0.00268196
0.00268697
0.00269234
0.00269807
0.00270416
0.0027106
0.0027174
0.00272456
0.00273207
0.00273994
0.00274817
0.00275676
0.00276571
0.00277501
0.00278467
0.00279469
0.00280506
0.00281579
0.00282688
0.00283833
0.00285014
0.0028623
0.00287481
0.00288769
0.00290092
0.00291451
0.00292845
0.00294275
0.00295741
0.00297242
0.00298778
0.00300351
0.00301958
0.00303602
0.0030528
0.00306995
0.00308744
0.00310529
0.0031235
0.00314205
0.00316097
0.00318023
0.00319985
0.00321982
0.00324014
0.00326081
0.00328184
0.00330322
0.00332494
0.00334702
0.00336945
0.00339223
0.00341536
0.00343884
0.00346267
0.00348685
0.00351138
0.00353625
0.00356148
0.00358705
0.00361296
0.00363923
0.00366584
0.0036928
0.0037201
0.00374775
0.00377575
0.00380409
0.00383278
0.00386181
0.00389118
0.0039209
0.00395096
0.00398136
0.00401211
0.0040432
0.00407463
0.0041064
0.00413851
0.00417097
0.00420376
0.0042369
0.00427037
0.00430419
0.00433834
0.00437284
0.00440767
0.00444284
0.00447835
0.00451419
0.00455037
0.0045869
0.00462375
0.00466095
0.00469848
0.00473634
0.00477454
0.00481308
0.00485195
0.00489116
0.0049307
0.00497057
0.00501078
0.00505132
0.0050922
0.0051334
0.00517494
0.00521682
0.00525902
0.00530156
0.00534443
0.00538763
0.00543116
0.00547502
0.00551921
0.00556374
0.00560859
0.00565377
0.00569928
0.00574513
0.0057913
0.0058378
0.00588462
0.00593178
0.00597927
0.00602708
0.00607522
0.00612369
0.00617249
0.00622161
0.00627106
0.00632083
0.00637094
0.00642137
0.00647212
0.0065232
0.00657461
0.00662634
0.0066784
0.00673078
0.00678349
0.00683652
0.00688988
0.00694356
0.00699757
0.0070519
0.00710655
0.00716153
0.00721683
0.00727245
0.00732839
0.00738466
0.00744125
0.00749816
0.0075554
0.00761295
0.00767083
0.00772903
0.00778755
0.00784639
0.00790556
0.00796504
0.00802484
0.00808497
0.00814541
0.00820617
0.00826725
0.00832866
0.00839038
0.00845242
0.00851477
0.00857745
0.00864045
0.00870376
0.00876739
0.00883133
0.0088956
0.00896018
0.00902508
0.00909029
0.00915582
0.00922166
0.00928782
0.0093543
0.00942109
0.0094882
0.00955562
0.00962335
0.0096914
0.00975976
0.00982843
0.00989742
0.00996672
0.0100363
0.0101063
0.0101765
0.010247
0.0103179
0.0103891
0.0104605
0.0105323
0.0106044
0.0106768
0.0107495
0.0108226
0.0108959
0.0109695
0.0110435
0.0111177
0.0111923
0.0112671
0.0113423
0.0114178
0.0114936
0.0115697
0.011646
0.0117227
0.0117997
0.011877
0.0119546
0.0120325
0.0121107
0.0121892
0.012268
0.0123471
0.0124266
0.0125063
0.0125863
0.0126666
0.0127472
0.012828
0.0129092
0.0129907
0.0130725
0.0131546
0.013237
0.0133196
0.0134026
0.0134858
0.0135694
0.0136532
0.0137374
0.0138218
0.0139065
0.0139915
0.0140768
0.0141624
0.0142482
0.0143344
0.0144208
0.0145076
0.0145946
0.0146819
0.0147695
0.0148573
0.0149455
0.0150339
0.0151227
0.0152117
0.015301
0.0153905
0.0154804
0.0155705
0.0156609
0.0157516
0.0158426
0.0159338
0.0160253
0.0161171
0.0162092
0.0163016
0.0163942
0.0164871
0.0165802
0.0166737
0.0167674
0.0168614
0.0169557
0.0170502
0.017145
0.0172401
0.0173354
0.017431
0.0175269
0.017623
0.0177195
0.0178161
0.0179131
0.0180103
0.0181078
0.0182055
0.0183035
0.0184018
0.0185003
0.0185991
0.0186981
0.0187974
0.018897
0.0189968
0.0190969
0.0191973
0.0192979
0.0193987
0.0194998
0.0196012
0.0197028
0.0198047
0.0199069
0.0200092
0.0201119
0.0202148
0.0203179
0.0204213
0.020525
0.0206289
0.020733
0.0208374
0.020942
0.0210469
0.0211521
0.0212574
0.0213631
0.0214689
0.0215751
0.0216814
0.021788
0.0218949
0.022002
0.0221093
0.0222169
0.0223247
0.0224328
0.0225411
0.0226496
0.0227584
0.0228674
0.0229766
0.0230861
0.0231958
0.0233058
0.023416
0.0235264
0.023637
0.0237479
0.0238591
0.0239704
0.024082
0.0241938
0.0243059
0.0244182
0.0245307
0.0246434
0.0247564
0.0248695
0.024983
0.0250966
0.0252105
0.0253246
0.0254389
0.0255534
0.0256682
0.0257832
0.0258984
0.0260138
0.0261295
0.0262454
0.0263614
0.0264778
0.0265943
0.026711
0.026828
0.0269452
0.0270626
0.0271802
0.027298
0.0274161
0.0275343
0.0276528
0.0277715
0.0278903
0.0280094
0.0281288
0.0282483
0.028368
0.0284879
0.0286081
0.0287285
0.028849
0.0289698
0.0290907
0.0292119
0.0293333
0.0294549
0.0295767
0.0296987
0.0298209
0.0299432
0.0300658
0.0301886
0.0303116
0.0304348
0.0305582
0.0306818
0.0308055
0.0309295
0.0310537
0.031178
0.0313026
0.0314273
0.0315523
0.0316774
0.0318027
0.0319282
0.0320539
0.0321798
0.0323059
0.0324322
0.0325586
0.0326853
0.0328121
0.0329391
0.0330663
0.0331936
0.0333212
0.0334489
0.0335769
0.0337049
0.0338332
0.0339617
0.0340903
0.0342191
0.0343481
0.0344773
0.0346066
0.0347361
0.0348658
0.0349956
0.0351257
0.0352559
0.0353862
0.0355168
0.0356475
0.0357784
0.0359094
0.0360406
0.036172
0.0363035
0.0364352
0.0365671
0.0366991
0.0368313
0.0369637
0.0370962
0.0372289
0.0373617
0.0374947
0.0376279
0.0377612
0.0378947
0.0380283
0.0381621
0.038296
0.0384301
0.0385643
0.0386987
0.0388332
0.0389679
0.0391028
0.0392377
0.0393729
0.0395082
0.0396436
0.0397792
0.0399149
0.0400507
0.0401867
0.0403229
0.0404592
0.0405956
0.0407322
0.0408689
0.0410057
0.0411427
0.0412798
0.0414171
0.0415545
0.041692
0.0418297
0.0419674
0.0421054
0.0422434
0.0423816
0.0425199
0.0426584
0.0427969
0.0429356
0.0430745
0.0432134
0.0433525
0.0434917
0.043631
0.0437705
0.0439101
0.0440497
0.0441896
0.0443295
0.0444695
0.0446097
0.04475
0.0448904
0.0450309
0.0451715
0.0453123
0.0454532
0.0455941
0.0457352
0.0458764
0.0460177
0.0461591
0.0463007
0.0464423
0.046584
0.0467259
0.0468678
0.0470099
0.047152
0.0472943
0.0474367
0.0475791
0.0477217
0.0478644
0.0480071
0.04815
0.0482929
0.048436
0.0485792
0.0487224
0.0488658
0.0490092
0.0491527
0.0492964
0.0494401
0.0495839
0.0497278
0.0498718
0.0500158
0.05016
0.0503042
0.0504486
0.050593
0.0507375
0.0508821
0.0510267
0.0511715
0.0513163
0.0514612
0.0516062
0.0517513
0.0518964
0.0520417
0.052187
0.0523323
0.0524778
0.0526233
0.0527689
0.0529146
0.0530603
0.0532061
0.053352
0.053498
0.053644
0.0537901
0.0539362
0.0540825
0.0542288
0.0543751
0.0545215
0.054668
0.0548145
0.0549611
0.0551078
0.0552545
0.0554013
0.0555481
0.055695
0.055842
0.055989
0.0561361
0.0562832
0.0564304
0.0565776
0.0567249
0.0568722
0.0570196
0.057167
0.0573144
0.057462
0.0576095
0.0577571
0.0579048
0.0580525
0.0582003
0.058348
0.0584959
0.0586437
0.0587917
0.0589396
0.0590876
0.0592356
0.0593837
0.0595318
0.0596799
0.0598281
0.0599763
0.0601245
0.0602728
0.0604211
0.0605694
0.0607178
0.0608662
0.0610146
0.061163
0.0613115
0.06146
0.0616085
0.0617571
0.0619056
0.0620542
0.0622028
0.0623515
0.0625001
0.0626488
0.0627975
0.0629462
0.0630949
0.0632436
0.0633924
0.0635412
0.0636899
0.0638387
0.0639875
0.0641363
0.0642852
0.064434
0.0645828
0.0647317
0.0648805
0.0650294
0.0651782
0.0653271
0.065476
0.0656249
0.0657737
0.0659226
0.0660715
0.0662203
0.0663692
0.0665181
0.0666669
0.0668158
0.0669647
0.0671135
0.0672623
0.0674112
0.06756
0.0677088
0.0678576
0.0680064
0.0681552
0.068304
0.0684527
0.0686014
0.0687502
0.0688989
0.0690476
0.0691962
0.0693449
0.0694935
0.0696421
0.0697907
0.0699393
0.0700879
0.0702364
0.0703849
0.0705334
0.0706818
0.0708302
0.0709786
0.071127
0.0712753
0.0714236
0.0715719
0.0717201
0.0718683
0.0720165
0.0721647
0.0723128
0.0724608
0.0726089
0.0727569
0.0729048
0.0730527
0.0732006
0.0733484
0.0734962
0.073644
0.0737917
0.0739393
0.074087
0.0742345
0.0743821
0.0745295
0.074677
0.0748243
0.0749717
0.0751189
0.0752662
0.0754133
0.0755605
0.0757075
0.0758545
0.0760015
0.0761484
0.0762952
0.076442
0.0765887
0.0767354
0.076882
0.0770285
0.077175
0.0773214
0.0774678
0.0776141
0.0777603
0.0779064
0.0780525
0.0781985
0.0783445
0.0784904
0.0786362
0.0787819
0.0789276
0.0790732
0.0792187
0.0793642
0.0795095
0.0796548
0.0798
0.0799452
0.0800902
0.0802352
0.0803801
0.0805249
0.0806697
0.0808143
0.0809589
0.0811034
0.0812478
0.0813921
0.0815364
0.0816805
0.0818246
0.0819685
0.0821124
0.0822562
0.0823999
0.0825435
0.082687
0.0828304
0.0829738
0.083117
0.0832601
0.0834032
0.0835461
0.0836889
0.0838317
0.0839743
0.0841169
0.0842593
0.0844016
0.0845439
0.084686
0.084828
0.0849699
0.0851118
0.0852535
0.0853951
0.0855366
0.0856779
0.0858192
0.0859604
0.0861014
0.0862423
0.0863832
0.0865239
0.0866645
0.086805
0.0869453
0.0870856
0.0872257
0.0873657
0.0875056
0.0876454
0.087785
0.0879245
0.0880639
0.0882032
0.0883424
0.0884814
0.0886203
0.0887591
0.0888977
0.0890363
0.0891747
0.0893129
0.0894511
0.0895891
0.0897269
0.0898647
0.0900023
0.0901398
0.0902771
0.0904143
0.0905514
0.0906883
0.0908251
0.0909617
0.0910983
0.0912346
0.0913709
0.091507
0.0916429
0.0917787
0.0919144
0.0920499
0.0921853
0.0923205
0.0924556
0.0925905
0.0927253
0.0928599
0.0929944
0.0931287
0.0932629
0.0933969
0.0935308
0.0936645
0.0937981
0.0939315
0.0940648
0.0941979
0.0943308
0.0944636
0.0945962
0.0947287
0.094861
0.0949931
0.0951251
0.0952569
0.0953886
0.0955201
0.0956514
0.0957826
0.0959136
0.0960444
0.0961751
0.0963056
0.0964359
0.096566
0.096696
0.0968258
0.0969555
0.0970849
0.0972142
0.0973433
0.0974723
0.0976011
0.0977297
0.0978581
0.0979863
0.0981144
0.0982422
0.0983699
0.0984975
0.0986248
0.098752
0.0988789
0.0990057
0.0991323
0.0992587
0.099385
0.099511
0.0996369
0.0997626
0.099888
0.100013
0.100138
0.100263
0.100388
0.100513
0.100637
0.100761
0.100885
0.101009
0.101132
0.101256
0.101379
0.101502
0.101625
0.101747
0.10187
0.101992
0.102114
0.102236
0.102357
0.102478
0.1026
0.102721
0.102841
0.102962
0.103082
0.103202
0.103322
0.103442
0.103562
0.103681
0.1038
0.103919
0.104037
0.104156
0.104274
0.104392
0.10451
0.104628
0.104745
0.104862
0.104979
0.105096
0.105212
0.105329
0.105445
0.105561
0.105676
0.105792
0.105907
0.106022
0.106137
0.106251
0.106365
0.10648
0.106593
0.106707
0.10682
0.106934
0.107047
0.107159
0.107272
0.107384
0.107496
0.107608
0.107719
0.107831
0.107942
0.108053
0.108163
0.108274
0.108384
0.108494
0.108603
0.108713
0.108822
0.108931
0.10904
0.109148
0.109257
0.109365
0.109472
0.10958
0.109687
0.109794
0.109901
0.110007
0.110114
0.11022
0.110326
0.110431
0.110537
0.110642
0.110746
0.110851
0.110955
0.111059
0.111163
0.111267
0.11137
0.111473
0.111576
0.111679
0.111781
0.111883
0.111985
0.112086
0.112187
0.112289
0.112389
0.11249
0.11259
0.11269
0.11279
0.112889
0.112988
0.113087
0.113186
0.113284
0.113383
0.11348
0.113578
0.113675
0.113773
0.113869
0.113966
0.114062
0.114158
0.114254
0.11435
0.114445
0.11454
0.114634
0.114729
0.114823
0.114917
0.11501
0.115104
0.115197
0.11529
0.115382
0.115474
0.115566
0.115658
0.115749
0.11584
0.115931
0.116022
0.116112
0.116202
0.116292
0.116381
0.11647
0.116559
0.116648
0.116736
0.116824
0.116912
0.116999
0.117087
0.117174
0.11726
0.117347
0.117433
0.117518
0.117604
0.117689
0.117774
0.117858
0.117943
0.118027
0.118111
0.118194
0.118277
0.11836
0.118443
0.118525
0.118607
0.118689
0.11877
0.118851
0.118932
0.119012
0.119093
0.119173
0.119252
0.119332
0.119411
0.119489
0.119568
0.119646
0.119724
0.119801
0.119879
0.119956
0.120032
0.120109
0.120185
0.12026
0.120336
0.120411
0.120486
0.12056
0.120635
0.120708
0.120782
0.120855
0.120928
0.121001
0.121074
0.121146
0.121217
0.121289
0.12136
0.121431
0.121501
0.121572
0.121642
0.121711
0.121781
0.12185
0.121918
0.121987
0.122055
0.122123
0.12219
0.122257
0.122324
0.12239
0.122457
0.122522
0.122588
0.122653
0.122718
0.122783
0.122847
0.122911
0.122975
0.123038
0.123101
0.123164
0.123226
0.123288
0.12335
0.123412
0.123473
0.123533
0.123594
0.123654
0.123714
0.123773
0.123833
0.123892
0.12395
0.124008
0.124066
0.124124
0.124181
0.124238
0.124295
0.124351
0.124407
0.124462
0.124518
0.124573
0.124627
0.124682
0.124736
0.124789
0.124843
0.124896
0.124948
0.125001
0.125053
0.125105
0.125156
0.125207
0.125258
0.125308
0.125358
0.125408
0.125457
0.125506
0.125555
0.125603
0.125652
0.125699
0.125747
0.125794
0.125841
0.125887
0.125933
0.125979
0.126024
0.126069
0.126114
0.126158
0.126202
0.126246
0.12629
0.126333
0.126375
0.126418
0.12646
0.126502
0.126543
0.126584
0.126625
0.126665
0.126705
0.126745
0.126784
0.126823
0.126862
0.1269
0.126938
0.126976
0.127013
0.12705
0.127087
0.127123
0.127159
0.127195
0.12723
0.127265
0.127299
0.127334
0.127368
0.127401
0.127434
0.127467
0.1275
0.127532
0.127564
0.127596
0.127627
0.127658
0.127688
0.127718
0.127748
0.127777
0.127807
0.127835
0.127864
0.127892
0.12792
0.127947
0.127974
0.128001
0.128027
0.128053
0.128079
0.128104
0.128129
0.128154
0.128178
0.128202
0.128226
0.128249
0.128272
0.128294
0.128316
0.128338
0.12836
0.128381
0.128402
0.128422
0.128442
0.128462
0.128482
0.128501
0.128519
0.128538
0.128556
0.128574
0.128591
0.128608
0.128625
0.128641
0.128657
0.128672
0.128688
0.128703
0.128717
0.128731
0.128745
0.128759
0.128772
0.128785
0.128797
0.128809
0.128821
0.128832
0.128843
0.128854
0.128865
0.128875
0.128884
0.128893
0.128902
0.128911
0.128919
0.128927
0.128935
0.128942
0.128949
0.128955
0.128962
0.128967
0.128973
0.128978
0.128983
0.128987
0.128991
0.128995
0.128998
0.129001
0.129004
0.129006
0.129008
0.12901
0.129011
0.129012
0.129012
0.129013
0.129012
0.129012
0.129011
0.12901
0.129008
0.129006
0.129004
0.129001
0.128998
0.128995
0.128992
0.128988
0.128983
0.128978
0.128973
0.128968
0.128962
0.128956
0.12895
0.128943
0.128936
0.128928
0.12892
0.128912
0.128903
0.128895
0.128885
0.128876
0.128866
0.128855
0.128845
0.128834
0.128822
0.128811
0.128798
0.128786
0.128773
0.12876
0.128747
0.128733
0.128719
0.128704
0.128689
0.128674
0.128659
0.128643
0.128626
0.12861
0.128593
0.128576
0.128558
0.12854
0.128522
0.128503
0.128484
0.128464
0.128445
0.128425
0.128404
0.128383
0.128362
0.128341
0.128319
0.128297
0.128274
0.128251
0.128228
0.128205
0.128181
0.128156
0.128132
0.128107
0.128082
0.128056
0.12803
0.128004
0.127977
0.12795
0.127923
0.127895
0.127867
0.127839
0.12781
0.127781
0.127751
0.127722
0.127691
0.127661
0.12763
0.127599
0.127568
0.127536
0.127504
0.127471
0.127438
0.127405
0.127371
0.127338
0.127303
0.127269
0.127234
0.127199
0.127163
0.127127
0.127091
0.127054
0.127017
0.12698
0.126942
0.126904
0.126866
0.126827
0.126788
0.126749
0.126709
0.126669
0.126629
0.126588
0.126547
0.126506
0.126464
0.126422
0.12638
0.126337
0.126294
0.126251
0.126207
0.126163
0.126119
0.126074
0.126029
0.125984
0.125938
0.125892
0.125846
0.125799
0.125752
0.125705
0.125657
0.125609
0.12556
0.125512
0.125463
0.125413
0.125364
0.125314
0.125263
0.125213
0.125162
0.12511
0.125059
0.125007
0.124954
0.124902
0.124849
0.124795
0.124742
0.124688
0.124633
0.124579
0.124524
0.124469
0.124413
0.124357
0.124301
0.124244
0.124187
0.12413
0.124073
0.124015
0.123957
0.123898
0.123839
0.12378
0.123721
0.123661
0.123601
0.12354
0.123479
0.123418
0.123357
0.123295
0.123233
0.123171
0.123108
0.123045
0.122982
0.122918
0.122854
0.12279
0.122725
0.12266
0.122595
0.12253
0.122464
0.122398
0.122331
0.122264
0.122197
0.12213
0.122062
0.121994
0.121926
0.121857
0.121788
0.121719
0.121649
0.121579
0.121509
0.121439
0.121368
0.121297
0.121225
0.121154
0.121082
0.121009
0.120937
0.120864
0.12079
0.120717
0.120643
0.120569
0.120494
0.120419
0.120344
0.120269
0.120193
0.120117
0.120041
0.119964
0.119887
0.11981
0.119732
0.119655
0.119577
0.119498
0.119419
0.11934
0.119261
0.119181
0.119102
0.119021
0.118941
0.11886
0.118779
0.118698
0.118616
0.118534
0.118452
0.118369
0.118286
0.118203
0.11812
0.118036
0.117952
0.117868
0.117783
0.117698
0.117613
0.117528
0.117442
0.117356
0.11727
0.117183
0.117096
0.117009
0.116922
0.116834
0.116746
0.116658
0.116569
0.11648
0.116391
0.116302
0.116212
0.116122
0.116032
0.115941
0.115851
0.115759
0.115668
0.115576
0.115485
0.115392
0.1153
0.115207
0.115114
0.115021
0.114927
0.114833
0.114739
0.114645
0.11455
0.114455
0.11436
0.114265
0.114169
0.114073
0.113977
0.11388
0.113783
0.113686
0.113589
0.113491
0.113394
0.113295
0.113197
0.113098
0.112999
0.1129
0.112801
0.112701
0.112601
0.112501
0.1124
0.1123
0.112199
0.112097
0.111996
0.111894
0.111792
0.11169
0.111587
0.111485
0.111382
0.111278
0.111175
0.111071
0.110967
0.110863
0.110758
0.110653
0.110548
0.110443
0.110337
0.110232
0.110126
0.110019
0.109913
0.109806
0.109699
0.109592
0.109484
0.109377
0.109269
0.10916
0.109052
0.108943
0.108834
0.108725
0.108616
0.108506
0.108396
0.108286
0.108176
0.108065
0.107954
0.107843
0.107732
0.10762
0.107508
0.107396
0.107284
0.107172
0.107059
0.106946
0.106833
0.10672
0.106606
0.106492
0.106378
0.106264
0.106149
0.106035
0.10592
0.105804
0.105689
0.105573
0.105458
0.105342
0.105225
0.105109
0.104992
0.104875
0.104758
0.104641
0.104523
0.104405
0.104287
0.104169
0.104051
0.103932
0.103813
0.103694
0.103575
0.103455
0.103336
0.103216
0.103096
0.102975
0.102855
0.102734
0.102613
0.102492
0.102371
0.102249
0.102127
0.102005
0.101883
0.101761
0.101638
0.101515
0.101393
0.101269
0.101146
0.101022
0.100899
0.100775
0.100651
0.100526
0.100402
0.100277
0.100152
0.100027
0.0999019
0.0997765
0.0996508
0.099525
0.099399
0.0992727
0.0991463
0.0990198
0.098893
0.0987661
0.0986389
0.0985116
0.0983841
0.0982564
0.0981286
0.0980005
0.0978723
0.0977439
0.0976154
0.0974866
0.0973577
0.0972286
0.0970993
0.0969699
0.0968403
0.0967105
0.0965805
0.0964504
0.0963201
0.0961896
0.096059
0.0959282
0.0957972
0.095666
0.0955347
0.0954033
0.0952716
0.0951398
0.0950079
0.0948758
0.0947435
0.094611
0.0944784
0.0943457
0.0942127
0.0940796
0.0939464
0.093813
0.0936795
0.0935458
0.0934119
0.0932779
0.0931437
0.0930094
0.092875
0.0927403
0.0926056
0.0924707
0.0923356
0.0922004
0.092065
0.0919295
0.0917939
0.0916581
0.0915222
0.0913861
0.0912499
0.0911135
0.090977
0.0908404
0.0907036
0.0905667
0.0904297
0.0902925
0.0901551
0.0900177
0.0898801
0.0897424
0.0896045
0.0894665
0.0893284
0.0891901
0.0890517
0.0889132
0.0887746
0.0886358
0.0884969
0.0883579
0.0882188
0.0880795
0.0879401
0.0878006
0.0876609
0.0875212
0.0873813
0.0872413
0.0871012
0.086961
0.0868206
0.0866801
0.0865396
0.0863989
0.086258
0.0861171
0.0859761
0.0858349
0.0856937
0.0855523
0.0854108
0.0852692
0.0851275
0.0849857
0.0848438
0.0847018
0.0845596
0.0844174
0.0842751
0.0841326
0.0839901
0.0838475
0.0837047
0.0835619
0.083419
0.0832759
0.0831328
0.0829896
0.0828463
0.0827029
0.0825594
0.0824158
0.0822721
0.0821283
0.0819844
0.0818404
0.0816964
0.0815522
0.081408
0.0812637
0.0811193
0.0809748
0.0808303
0.0806856
0.0805409
0.0803961
0.0802512
0.0801062
0.0799611
0.079816
0.0796708
0.0795255
0.0793801
0.0792347
0.0790892
0.0789436
0.0787979
0.0786522
0.0785064
0.0783605
0.0782146
0.0780685
0.0779225
0.0777763
0.0776301
0.0774838
0.0773375
0.0771911
0.0770446
0.0768981
0.0767515
0.0766048
0.0764581
0.0763113
0.0761645
0.0760176
0.0758707
0.0757236
0.0755766
0.0754295
0.0752823
0.0751351
0.0749878
0.0748405
0.0746931
0.0745457
0.0743983
0.0742507
0.0741032
0.0739556
0.0738079
0.0736602
0.0735125
0.0733647
0.0732169
0.073069
0.0729211
0.0727732
0.0726252
0.0724771
0.0723291
0.072181
0.0720329
0.0718847
0.0717365
0.0715883
0.07144
0.0712917
0.0711434
0.070995
0.0708467
0.0706982
0.0705498
0.0704013
0.0702529
0.0701043
0.0699558
0.0698072
0.0696587
0.0695101
0.0693614
0.0692128
0.0690641
0.0689155
0.0687668
0.068618
0.0684693
0.0683206
0.0681718
0.068023
0.0678743
0.0677255
0.0675767
0.0674278
0.067279
0.0671302
0.0669814
0.0668325
0.0666837
0.0665348
0.066386
0.0662371
0.0660882
0.0659394
0.0657905
0.0656416
0.0654928
0.0653439
0.065195
0.0650462
0.0648973
0.0647485
0.0645996
0.0644508
0.064302
0.0641532
0.0640044
0.0638556
0.0637068
0.063558
0.0634092
0.0632605
0.0631117
0.062963
0.0628143
0.0626656
0.062517
0.0623683
0.0622197
0.0620711
0.0619225
0.0617739
0.0616254
0.0614768
0.0613283
0.0611799
0.0610314
0.060883
0.0607346
0.0605862
0.0604379
0.0602896
0.0601413
0.0599931
0.0598449
0.0596967
0.0595485
0.0594004
0.0592523
0.0591043
0.0589563
0.0588083
0.0586604
0.0585125
0.0583647
0.0582169
0.0580691
0.0579214
0.0577737
0.0576261
0.0574785
0.057331
0.0571835
0.0570361
0.0568887
0.0567413
0.056594
0.0564468
0.0562996
0.0561525
0.0560054
0.0558584
0.0557114
0.0555645
0.0554176
0.0552708
0.0551241
0.0549774
0.0548308
0.0546842
0.0545377
0.0543913
0.0542449
0.0540986
0.0539524
0.0538062
0.0536601
0.053514
0.053368
0.0532221
0.0530763
0.0529305
0.0527848
0.0526392
0.0524937
0.0523482
0.0522028
0.0520575
0.0519122
0.0517671
0.051622
0.051477
0.051332
0.0511872
0.0510424
0.0508977
0.0507531
0.0506086
0.0504642
0.0503198
0.0501755
0.0500314
0.0498873
0.0497433
0.0495993
0.0494555
0.0493118
0.0491681
0.0490246
0.0488811
0.0487378
0.0485945
0.0484513
0.0483083
0.0481653
0.0480224
0.0478796
0.047737
0.0475944
0.0474519
0.0473095
0.0471673
0.0470251
0.046883
0.0467411
0.0465992
0.0464575
0.0463158
0.0461743
0.0460329
0.0458915
0.0457503
0.0456093
0.0454683
0.0453274
0.0451867
0.045046
0.0449055
0.0447651
0.0446248
0.0444846
0.0443446
0.0442047
0.0440648
0.0439252
0.0437856
0.0436461
0.0435068
0.0433676
0.0432285
0.0430896
0.0429508
0.0428121
0.0426735
0.0425351
0.0423967
0.0422586
0.0421205
0.0419826
0.0418448
0.0417071
0.0415696
0.0414322
0.041295
0.0411579
0.0410209
0.0408841
0.0407474
0.0406108
0.0404744
0.0403381
0.040202
0.040066
0.0399301
0.0397944
0.0396588
0.0395234
0.0393882
0.039253
0.0391181
0.0389832
0.0388485
0.038714
0.0385796
0.0384454
0.0383113
0.0381774
0.0380436
0.03791
0.0377765
0.0376432
0.0375101
0.0373771
0.0372443
0.0371116
0.0369791
0.0368467
0.0367145
0.0365825
0.0364506
0.0363189
0.0361874
0.036056
0.0359248
0.0357937
0.0356628
0.0355321
0.0354016
0.0352712
0.035141
0.035011
0.0348811
0.0347514
0.0346219
0.0344925
0.0343634
0.0342344
0.0341055
0.0339769
0.0338484
0.0337201
0.033592
0.0334641
0.0333363
0.0332087
0.0330813
0.0329541
0.0328271
0.0327002
0.0325736
0.0324471
0.0323208
0.0321947
0.0320688
0.031943
0.0318175
0.0316921
0.031567
0.031442
0.0313172
0.0311926
0.0310682
0.030944
0.03082
0.0306962
0.0305726
0.0304491
0.0303259
0.0302029
0.03008
0.0299574
0.0298349
0.0297127
0.0295906
0.0294688
0.0293472
0.0292257
0.0291045
0.0289835
0.0288627
0.028742
0.0286216
0.0285014
0.0283814
0.0282616
0.028142
0.0280227
0.0279035
0.0277846
0.0276658
0.0275473
0.027429
0.0273109
0.027193
0.0270753
0.0269578
0.0268406
0.0267236
0.0266068
0.0264902
0.0263738
0.0262576
0.0261417
0.026026
0.0259105
0.0257952
0.0256802
0.0255654
0.0254507
0.0253364
0.0252222
0.0251083
0.0249946
0.0248811
0.0247679
0.0246548
0.024542
0.0244295
0.0243171
0.024205
0.0240932
0.0239815
0.0238701
0.0237589
0.023648
0.0235373
0.0234268
0.0233166
0.0232066
0.0230968
0.0229873
0.022878
0.022769
0.0226601
0.0225516
0.0224432
0.0223352
0.0222273
0.0221197
0.0220123
0.0219052
0.0217983
0.0216917
0.0215853
0.0214792
0.0213733
0.0212676
0.0211622
0.0210571
0.0209522
0.0208475
0.0207431
0.0206389
0.020535
0.0204314
0.020328
0.0202248
0.0201219
0.0200193
0.0199169
0.0198148
0.0197129
0.0196113
0.0195099
0.0194088
0.019308
0.0192074
0.019107
0.019007
0.0189071
0.0188076
0.0187083
0.0186093
0.0185105
0.018412
0.0183138
0.0182158
0.0181181
0.0180206
0.0179234
0.0178265
0.0177299
0.0176335
0.0175374
0.0174415
0.0173459
0.0172506
0.0171556
0.0170608
0.0169663
0.0168721
0.0167781
0.0166844
0.016591
0.0164979
0.016405
0.0163124
0.0162201
0.0161281
0.0160363
0.0159448
0.0158536
0.0157627
0.015672
0.0155817
0.0154916
0.0154017
0.0153122
0.015223
0.015134
0.0150453
0.0149569
0.0148687
0.0147809
0.0146933
0.014606
0.014519
0.0144323
0.0143459
0.0142598
0.0141739
0.0140884
0.0140031
0.0139181
0.0138334
0.013749
0.0136648
0.013581
0.0134975
0.0134142
0.0133312
0.0132486
0.0131662
0.0130841
0.0130023
0.0129208
0.0128396
0.0127587
0.012678
0.0125977
0.0125177
0.012438
0.0123585
0.0122794
0.0122005
0.012122
0.0120437
0.0119658
0.0118882
0.0118108
0.0117338
0.011657
0.0115806
0.0115044
0.0114286
0.011353
0.0112778
0.0112028
0.0111282
0.0110539
0.0109798
0.0109061
0.0108327
0.0107596
0.0106868
0.0106143
0.0105421
0.0104702
0.0103986
0.0103273
0.0102564
0.0101857
0.0101154
0.0100453
0.00997561
0.0099062
0.00983709
0.00976829
0.00969981
0.00963164
0.00956377
0.00949622
0.00942899
0.00936207
0.00929546
0.00922916
0.00916318
0.00909751
0.00903216
0.00896712
0.0089024
0.008838
0.00877391
0.00871014
0.00864668
0.00858355
0.00852073
0.00845823
0.00839604
0.00833418
0.00827264
0.00821141
0.00815051
0.00808992
0.00802966
0.00796971
0.00791009
0.00785079
0.00779181
0.00773316
0.00767482
0.00761681
0.00755912
0.00750176
0.00744472
0.007388
0.00733161
0.00727554
0.0072198
0.00716438
0.00710929
0.00705453
0.00700009
0.00694598
0.00689219
0.00683873
0.0067856
0.0067328
0.00668033
0.00662818
0.00657636
0.00652487
0.00647372
0.00642289
0.00637239
0.00632222
0.00627238
0.00622287
0.00617369
0.00612484
0.00607633
0.00602815
0.00598029
0.00593277
0.00588559
0.00583873
0.00579221
0.00574603
0.00570017
0.00565465
0.00560947
0.00556462
0.0055201
0.00547592
0.00543207
0.00538856
0.00534538
0.00530254
0.00526004
0.00521787
0.00517604
0.00513454
0.00509338
0.00505256
0.00501208
0.00497193
0.00493213
0.00489266
0.00485353
0.00481473
0.00477628
0.00473816
0.00470039
0.00466295
0.00462586
0.0045891
0.00455268
0.0045166
0.00448087
0.00444547
0.00441042
0.0043757
0.00434133
0.0043073
0.00427361
0.00424026
0.00420725
0.00417459
0.00414227
0.00411029
0.00407865
0.00404736
0.00401641
0.0039858
0.00395553
0.00392561
0.00389604
0.0038668
0.00383791
0.00380937
0.00378117
0.00375331
0.0037258
0.00369863
0.00367181
0.00364533
0.0036192
0.00359341
0.00356797
0.00354288
0.00351813
0.00349373
0.00346967
0.00344596
0.00342259
0.00339957
0.0033769
0.00335458
0.0033326
0.00331097
0.00328969
0.00326875
0.00324816
0.00322792
0.00320802
0.00318848
0.00316928
0.00315043
0.00313192
0.00311377
0.00309596
0.0030785
0.00306139
0.00304463
0.00302822
0.00301215
0.00299644
0.00298107
0.00296605
0.00295138
0.00293706
0.00292309
0.00290947
0.0028962
0.00288328
0.0028707
0.00285848
0.0028466
0.00283508
0.00282391
0.00281308
0.00280261
0.00279248
0.00278271
0.00277328
0.00276421
0.00275548
0.00274711
0.00273908
0.00273141
0.00272408
0.00271711
0.00271049
0.00270421
0.00269829
0.00269272
0.0026875
0.00268263
0.00267811
0.00267394
0.00267012
0.00266665
0.00266353
0.00266077
0.00265835
0.00265628
0.00265457
0.00265321
0.00265219
0.00265153
0.00265122
0.00265126
0.00265165
0.00265239
0.00265348
0.00265492
0.00265671
0.00265886
0.00266135
0.0026642
0.00266739
0.00267094
0.00267483
0.00267908
0.00268368
0.00268863
0.00269393
0.00269958
0.00270558
0.00271193
0.00271863
0.00272568
0.00273308
0.00274083
0.00274894
0.00275739
0.00276619
0.00277535
0.00278485
0.0027947
0.0028049
0.00281546
0.00282636
0.00283761
0.00284921
0.00286117
0.00287347
0.00288612
0.00289912
0.00291247
0.00292617
0.00294022
0.00295461
0.00296936
0.00298446
0.0029999
0.00301569
0.00303184
0.00304833
0.00306517
0.00308235
0.00309989
0.00311777
0.00313601
0.00315459
0.00317352
0.00319279
0.00321242
0.00323239
0.00325271
0.00327337
0.00329439
0.00331575
0.00333746
0.00335951
0.00338191
0.00340466
0.00342776
0.0034512
0.00347499
0.00349912
0.0035236
0.00354843
0.0035736
0.00359912
0.00362498
0.00365119
0.00367774
0.00370464
0.00373189
0.00375947
0.00378741
0.00381568
0.00384431
0.00387327
0.00390258
0.00393224
0.00396223
0.00399257
0.00402326
0.00405428
0.00408565
0.00411737
0.00414942
0.00418182
0.00421456
0.00424764
0.00428107
0.00431483
0.00434894
0.00438339
0.00441818
0.00445331
0.00448878
0.0045246
0.00456075
0.00459724
0.00463407
0.00467125
0.00470876
0.00474661
0.0047848
0.00482333
0.0048622
0.0049014
0.00494095
0.00498083
0.00502105
0.00506161
0.00510251
0.00514374
0.00518531
0.00522721
0.00526946
0.00531204
0.00535495
0.0053982
0.00544179
0.00548571
0.00552997
0.00557456
0.00561948
0.00566474
0.00571034
0.00575627
0.00580253
0.00584912
0.00589605
0.00594331
0.0059909
0.00603883
0.00608709
0.00613567
0.0061846
0.00623385
0.00628343
0.00633334
0.00638358
0.00643416
0.00648506
0.00653629
0.00658785
0.00663975
0.00669196
0.00674451
0.00679739
0.00685059
0.00690412
0.00695798
0.00701216
0.00706667
0.00712151
0.00717668
0.00723216
0.00728798
0.00734412
0.00740058
0.00745737
0.00751448
0.00757192
0.00762968
0.00768776
0.00774617
0.0078049
0.00786395
0.00792332
0.00798301
0.00804303
0.00810336
0.00816402
0.00822499
0.00828629
0.00834791
0.00840984
0.00847209
0.00853467
0.00859756
0.00866076
0.00872429
0.00878813
0.00885229
0.00891676
0.00898156
0.00904666
0.00911208
0.00917782
0.00924387
0.00931024
0.00937692
0.00944391
0.00951122
0.00957883
0.00964676
0.00971501
0.00978356
0.00985243
0.0099216
0.00999109
0.0100609
0.010131
0.0102014
0.0102721
0.0103432
0.0104145
0.0104862
0.0105581
0.0106304
0.0107029
0.0107758
0.010849
0.0109225
0.0109963
0.0110704
0.0111448
0.0112195
0.0112945
0.0113698
0.0114454
0.0115213
0.0115975
0.011674
0.0117509
0.011828
0.0119054
0.0119831
0.0120611
0.0121394
0.012218
0.012297
0.0123762
0.0124557
0.0125355
0.0126156
0.0126959
0.0127766
0.0128576
0.0129389
0.0130205
0.0131023
0.0131845
0.0132669
0.0133497
0.0134327
0.013516
0.0135996
0.0136835
0.0137677
0.0138522
0.013937
0.014022
0.0141073
0.014193
0.0142789
0.0143651
0.0144516
0.0145384
0.0146254
0.0147128
0.0148004
0.0148883
0.0149765
0.015065
0.0151537
0.0152428
0.0153321
0.0154217
0.0155116
0.0156017
0.0156922
0.0157829
0.0158739
0.0159652
0.0160567
0.0161485
0.0162406
0.016333
0.0164257
0.0165186
0.0166118
0.0167052
0.016799
0.016893
0.0169873
0.0170819
0.0171767
0.0172718
0.0173672
0.0174628
0.0175587
0.0176549
0.0177513
0.017848
0.017945
0.0180423
0.0181398
0.0182375
0.0183356
0.0184339
0.0185324
0.0186313
0.0187304
0.0188297
0.0189293
0.0190292
0.0191293
0.0192297
0.0193304
0.0194313
0.0195324
0.0196338
0.0197355
0.0198375
0.0199397
0.0200421
0.0201448
0.0202477
0.020351
0.0204544
0.0205581
0.0206621
0.0207663
0.0208708
0.0209755
0.0210804
0.0211856
0.0212911
0.0213968
0.0215027
0.0216089
0.0217154
0.0218221
0.021929
0.0220362
0.0221436
0.0222513
0.0223592
0.0224673
0.0225757
0.0226843
0.0227932
0.0229023
0.0230116
0.0231212
0.023231
0.0233411
0.0234514
0.0235619
0.0236726
0.0237836
0.0238949
0.0240063
0.024118
0.0242299
0.0243421
0.0244545
0.0245671
0.0246799
0.024793
0.0249063
0.0250198
0.0251336
0.0252476
0.0253618
0.0254762
0.0255909
0.0257057
0.0258208
0.0259362
0.0260517
0.0261675
0.0262834
0.0263997
0.0265161
0.0266327
0.0267496
0.0268667
0.0269839
0.0271015
0.0272192
0.0273371
0.0274553
0.0275736
0.0276922
0.027811
0.02793
0.0280492
0.0281686
0.0282882
0.0284081
0.0285281
0.0286484
0.0287688
0.0288895
0.0290104
0.0291314
0.0292527
0.0293742
0.0294959
0.0296178
0.0297398
0.0298621
0.0299846
0.0301073
0.0302302
0.0303533
0.0304765
0.0306
0.0307237
0.0308476
0.0309716
0.0310959
0.0312203
0.0313449
0.0314698
0.0315948
0.03172
0.0318454
0.031971
0.0320968
0.0322227
0.0323489
0.0324752
0.0326017
0.0327284
0.0328553
0.0329824
0.0331096
0.0332371
0.0333647
0.0334925
0.0336205
0.0337486
0.033877
0.0340055
0.0341342
0.034263
0.0343921
0.0345213
0.0346507
0.0347802
0.0349099
0.0350399
0.0351699
0.0353002
0.0354306
0.0355612
0.0356919
0.0358228
0.0359539
0.0360852
0.0362166
0.0363482
0.0364799
0.0366118
0.0367439
0.0368761
0.0370085
0.0371411
0.0372738
0.0374067
0.0375397
0.0376729
0.0378062
0.0379397
0.0380734
0.0382072
0.0383411
0.0384752
0.0386095
0.0387439
0.0388785
0.0390132
0.039148
0.0392831
0.0394182
0.0395535
0.039689
0.0398246
0.0399603
0.0400962
0.0402322
0.0403684
0.0405047
0.0406412
0.0407777
0.0409145
0.0410513
0.0411884
0.0413255
0.0414628
0.0416002
0.0417377
0.0418754
0.0420132
0.0421512
0.0422893
0.0424275
0.0425658
0.0427043
0.0428429
0.0429816
0.0431205
0.0432594
0.0433985
0.0435378
0.0436771
0.0438166
0.0439562
0.0440959
0.0442358
0.0443757
0.0445158
0.044656
0.0447963
0.0449367
0.0450773
0.0452179
0.0453587
0.0454996
0.0456406
0.0457817
0.045923
0.0460643
0.0462057
0.0463473
0.046489
0.0466307
0.0467726
0.0469146
0.0470567
0.0471989
0.0473412
0.0474836
0.0476261
0.0477687
0.0479114
0.0480542
0.0481971
0.0483401
0.0484832
0.0486264
0.0487696
0.048913
0.0490565
0.0492001
0.0493437
0.0494875
0.0496313
0.0497753
0.0499193
0.0500634
0.0502076
0.0503519
0.0504963
0.0506407
0.0507853
0.0509299
0.0510746
0.0512194
0.0513642
0.0515092
0.0516542
0.0517993
0.0519445
0.0520898
0.0522351
0.0523805
0.052526
0.0526716
0.0528172
0.0529629
0.0531087
0.0532546
0.0534005
0.0535465
0.0536925
0.0538387
0.0539849
0.0541311
0.0542774
0.0544238
0.0545703
0.0547168
0.0548634
0.05501
0.0551567
0.0553035
0.0554503
0.0555971
0.0557441
0.0558911
0.0560381
0.0561852
0.0563323
0.0564795
0.0566268
0.0567741
0.0569214
0.0570688
0.0572163
0.0573638
0.0575113
0.0576589
0.0578066
0.0579543
0.058102
0.0582497
0.0583976
0.0585454
0.0586933
0.0588412
0.0589892
0.0591372
0.0592853
0.0594333
0.0595815
0.0597296
0.0598778
0.060026
0.0601743
0.0603226
0.0604709
0.0606192
0.0607676
0.060916
0.0610644
0.0612129
0.0613614
0.0615099
0.0616584
0.0618069
0.0619555
0.0621041
0.0622527
0.0624014
0.06255
0.0626987
0.0628474
0.0629961
0.0631448
0.0632936
0.0634423
0.0635911
0.0637398
0.0638886
0.0640374
0.0641863
0.0643351
0.0644839
0.0646327
0.0647816
0.0649304
0.0650793
0.0652281
0.065377
0.0655259
0.0656747
0.0658236
0.0659725
0.0661213
0.0662702
0.066419
0.0665679
0.0667168
0.0668656
0.0670144
0.0671633
0.0673121
0.0674609
0.0676097
0.0677585
0.0679073
0.0680561
0.0682049
0.0683536
0.0685024
0.0686511
0.0687998
0.0689485
0.0690972
0.0692458
0.0693945
0.0695431
0.0696917
0.0698403
0.0699888
0.0701374
0.0702859
0.0704344
0.0705828
0.0707312
0.0708796
0.071028
0.0711764
0.0713247
0.071473
0.0716212
0.0717695
0.0719176
0.0720658
0.0722139
0.072362
0.0725101
0.0726581
0.072806
0.072954
0.0731019
0.0732497
0.0733976
0.0735453
0.0736931
0.0738407
0.0739884
0.074136
0.0742835
0.074431
0.0745785
0.0747259
0.0748733
0.0750206
0.0751678
0.075315
0.0754622
0.0756093
0.0757563
0.0759033
0.0760503
0.0761971
0.076344
0.0764907
0.0766374
0.0767841
0.0769306
0.0770772
0.0772236
0.07737
0.0775163
0.0776626
0.0778088
0.0779549
0.078101
0.078247
0.0783929
0.0785388
0.0786846
0.0788303
0.0789759
0.0791215
0.079267
0.0794124
0.0795578
0.0797031
0.0798483
0.0799934
0.0801384
0.0802834
0.0804283
0.0805731
0.0807178
0.0808624
0.081007
0.0811514
0.0812958
0.0814401
0.0815843
0.0817284
0.0818725
0.0820164
0.0821603
0.082304
0.0824477
0.0825913
0.0827348
0.0828781
0.0830214
0.0831646
0.0833078
0.0834508
0.0835937
0.0837365
0.0838792
0.0840218
0.0841643
0.0843067
0.084449
0.0845912
0.0847333
0.0848753
0.0850172
0.085159
0.0853007
0.0854423
0.0855837
0.0857251
0.0858663
0.0860074
0.0861484
0.0862894
0.0864301
0.0865708
0.0867114
0.0868518
0.0869921
0.0871324
0.0872724
0.0874124
0.0875523
0.087692
0.0878316
0.0879711
0.0881105
0.0882497
0.0883888
0.0885278
0.0886667
0.0888054
0.088944
0.0890825
0.0892209
0.0893591
0.0894972
0.0896352
0.089773
0.0899107
0.0900483
0.0901857
0.090323
0.0904601
0.0905972
0.090734
0.0908708
0.0910074
0.0911439
0.0912802
0.0914164
0.0915524
0.0916883
0.0918241
0.0919597
0.0920952
0.0922305
0.0923656
0.0925007
0.0926356
0.0927703
0.0929049
0.0930393
0.0931736
0.0933077
0.0934417
0.0935755
0.0937092
0.0938427
0.093976
0.0941092
0.0942423
0.0943752
0.0945079
0.0946405
0.0947729
0.0949051
0.0950372
0.0951692
0.0953009
0.0954325
0.0955639
0.0956952
0.0958263
0.0959573
0.096088
0.0962186
0.0963491
0.0964793
0.0966094
0.0967393
0.0968691
0.0969987
0.0971281
0.0972573
0.0973864
0.0975153
0.097644
0.0977725
0.0979008
0.098029
0.098157
0.0982848
0.0984125
0.0985399
0.0986672
0.0987943
0.0989212
0.0990479
0.0991745
0.0993008
0.099427
0.099553
0.0996788
0.0998044
0.0999298
0.100055
0.10018
0.100305
0.10043
0.100554
0.100678
0.100802
0.100926
0.10105
0.101173
0.101297
0.10142
0.101543
0.101665
0.101788
0.10191
0.102032
0.102154
0.102276
0.102398
0.102519
0.10264
0.102761
0.102881
0.103002
0.103122
0.103242
0.103362
0.103482
0.103601
0.10372
0.10384
0.103958
0.104077
0.104195
0.104313
0.104431
0.104549
0.104667
0.104784
0.104901
0.105018
0.105135
0.105251
0.105367
0.105483
0.105599
0.105715
0.10583
0.105945
0.10606
0.106175
0.106289
0.106403
0.106517
0.106631
0.106745
0.106858
0.106971
0.107084
0.107197
0.107309
0.107421
0.107533
0.107645
0.107756
0.107868
0.107979
0.10809
0.1082
0.10831
0.10842
0.10853
0.10864
0.108749
0.108858
0.108967
0.109076
0.109184
0.109293
0.1094
0.109508
0.109616
0.109723
0.10983
0.109936
0.110043
0.110149
0.110255
0.110361
0.110466
0.110572
0.110677
0.110781
0.110886
0.11099
0.111094
0.111198
0.111301
0.111405
0.111507
0.11161
0.111713
0.111815
0.111917
0.112019
0.11212
0.112221
0.112322
0.112423
0.112523
0.112623
0.112723
0.112823
0.112922
0.113021
0.11312
0.113219
0.113317
0.113415
0.113513
0.113611
0.113708
0.113805
0.113902
0.113998
0.114094
0.11419
0.114286
0.114381
0.114476
0.114571
0.114666
0.11476
0.114854
0.114948
0.115042
0.115135
0.115228
0.11532
0.115413
0.115505
0.115597
0.115688
0.11578
0.115871
0.115961
0.116052
0.116142
0.116232
0.116322
0.116411
0.1165
0.116589
0.116677
0.116766
0.116854
0.116941
0.117029
0.117116
0.117202
0.117289
0.117375
0.117461
0.117547
0.117632
0.117717
0.117802
0.117887
0.117971
0.118055
0.118138
0.118222
0.118305
0.118388
0.11847
0.118552
0.118634
0.118716
0.118797
0.118878
0.118959
0.119039
0.119119
0.119199
0.119279
0.119358
0.119437
0.119516
0.119594
0.119672
0.11975
0.119827
0.119904
0.119981
0.120058
0.120134
0.12021
0.120286
0.120361
0.120436
0.120511
0.120585
0.120659
0.120733
0.120807
0.12088
0.120953
0.121025
0.121098
0.12117
0.121241
0.121313
0.121384
0.121454
0.121525
0.121595
0.121665
0.121734
0.121804
0.121873
0.121941
0.122009
0.122077
0.122145
0.122212
0.122279
0.122346
0.122412
0.122479
0.122544
0.12261
0.122675
0.12274
0.122804
0.122868
0.122932
0.122996
0.123059
0.123122
0.123185
0.123247
0.123309
0.123371
0.123432
0.123493
0.123554
0.123614
0.123674
0.123734
0.123793
0.123852
0.123911
0.123969
0.124028
0.124085
0.124143
0.1242
0.124257
0.124313
0.12437
0.124425
0.124481
0.124536
0.124591
0.124646
0.1247
0.124754
0.124807
0.12486
0.124913
0.124966
0.125018
0.12507
0.125122
0.125173
0.125224
0.125275
0.125325
0.125375
0.125424
0.125474
0.125523
0.125571
0.12562
0.125667
0.125715
0.125762
0.125809
0.125856
0.125902
0.125948
0.125994
0.126039
0.126084
0.126129
0.126173
0.126217
0.126261
0.126304
0.126347
0.12639
0.126432
0.126474
0.126515
0.126557
0.126598
0.126638
0.126678
0.126718
0.126758
0.126797
0.126836
0.126875
0.126913
0.126951
0.126988
0.127026
0.127062
0.127099
0.127135
0.127171
0.127206
0.127242
0.127276
0.127311
0.127345
0.127379
0.127412
0.127445
0.127478
0.127511
0.127543
0.127575
0.127606
0.127637
0.127668
0.127698
0.127728
0.127758
0.127787
0.127816
0.127845
0.127873
0.127901
0.127929
0.127956
0.127983
0.12801
0.128036
0.128062
0.128087
0.128113
0.128137
0.128162
0.128186
0.12821
0.128233
0.128256
0.128279
0.128302
0.128324
0.128346
0.128367
0.128388
0.128409
0.128429
0.128449
0.128469
0.128488
0.128507
0.128526
0.128544
0.128562
0.128579
0.128597
0.128614
0.12863
0.128646
0.128662
0.128678
0.128693
0.128707
0.128722
0.128736
0.12875
0.128763
0.128776
0.128789
0.128801
0.128813
0.128825
0.128836
0.128847
0.128858
0.128868
0.128878
0.128887
0.128897
0.128905
0.128914
0.128922
0.12893
0.128937
0.128944
0.128951
0.128957
0.128963
0.128969
0.128975
0.128979
0.128984
0.128988
0.128992
0.128996
0.128999
0.129002
0.129005
0.129007
0.129009
0.12901
0.129011
0.129012
0.129012
0.129013
0.129012
0.129012
0.129011
0.129009
0.129008
0.129006
0.129003
0.129
0.128997
0.128994
0.12899
0.128986
0.128982
0.128977
0.128972
0.128966
0.12896
0.128954
0.128947
0.12894
0.128933
0.128925
0.128918
0.128909
0.1289
0.128891
0.128882
0.128872
0.128862
0.128852
0.128841
0.12883
0.128818
0.128807
0.128794
0.128782
0.128769
0.128756
0.128742
0.128728
0.128714
0.128699
0.128684
0.128669
0.128653
0.128637
0.128621
0.128604
0.128587
0.12857
0.128552
0.128534
0.128515
0.128497
0.128477
0.128458
0.128438
0.128418
0.128397
0.128376
0.128355
0.128334
0.128312
0.128289
0.128267
0.128244
0.12822
0.128197
0.128173
0.128148
0.128124
0.128099
0.128073
0.128047
0.128021
0.127995
0.127968
0.127941
0.127913
0.127886
0.127857
0.127829
0.1278
0.127771
0.127741
0.127712
0.127681
0.127651
0.12762
0.127589
0.127557
0.127525
0.127493
0.12746
0.127427
0.127394
0.12736
0.127326
0.127292
0.127257
0.127222
0.127187
0.127151
0.127115
0.127079
0.127042
0.127005
0.126967
0.12693
0.126892
0.126853
0.126815
0.126775
0.126736
0.126696
0.126656
0.126616
0.126575
0.126534
0.126492
0.12645
0.126408
0.126366
0.126323
0.12628
0.126236
0.126193
0.126149
0.126104
0.126059
0.126014
0.125969
0.125923
0.125877
0.12583
0.125783
0.125736
0.125689
0.125641
0.125593
0.125544
0.125495
0.125446
0.125397
0.125347
0.125297
0.125246
0.125196
0.125145
0.125093
0.125041
0.124989
0.124937
0.124884
0.124831
0.124777
0.124724
0.12467
0.124615
0.124561
0.124505
0.12445
0.124394
0.124338
0.124282
0.124225
0.124168
0.124111
0.124053
0.123995
0.123937
0.123878
0.123819
0.12376
0.123701
0.123641
0.12358
0.12352
0.123459
0.123398
0.123336
0.123275
0.123212
0.12315
0.123087
0.123024
0.122961
0.122897
0.122833
0.122768
0.122704
0.122639
0.122573
0.122508
0.122442
0.122376
0.122309
0.122242
0.122175
0.122107
0.12204
0.121971
0.121903
0.121834
0.121765
0.121696
0.121626
0.121556
0.121486
0.121415
0.121344
0.121273
0.121201
0.12113
0.121057
0.120985
0.120912
0.120839
0.120766
0.120692
0.120618
0.120544
0.120469
0.120394
0.120319
0.120244
0.120168
0.120092
0.120015
0.119938
0.119861
0.119784
0.119707
0.119629
0.11955
0.119472
0.119393
0.119314
0.119235
0.119155
0.119075
0.118995
0.118914
0.118833
0.118752
0.11867
0.118589
0.118507
0.118424
0.118342
0.118259
0.118176
0.118092
0.118008
0.117924
0.11784
0.117755
0.11767
0.117585
0.117499
0.117413
0.117327
0.117241
0.117154
0.117067
0.11698
0.116893
0.116805
0.116717
0.116628
0.11654
0.116451
0.116361
0.116272
0.116182
0.116092
0.116002
0.115911
0.11582
0.115729
0.115638
0.115546
0.115454
0.115362
0.115269
0.115176
0.115083
0.11499
0.114896
0.114802
0.114708
0.114613
0.114519
0.114424
0.114328
0.114233
0.114137
0.114041
0.113945
0.113848
0.113751
0.113654
0.113556
0.113459
0.113361
0.113263
0.113164
0.113065
0.112966
0.112867
0.112768
0.112668
0.112568
0.112467
0.112367
0.112266
0.112165
0.112064
0.111962
0.11186
0.111758
0.111656
0.111553
0.11145
0.111347
0.111244
0.11114
0.111036
0.110932
0.110828
0.110723
0.110618
0.110513
0.110408
0.110302
0.110196
0.11009
0.109984
0.109877
0.10977
0.109663
0.109556
0.109448
0.109341
0.109232
0.109124
0.109016
0.108907
0.108798
0.108689
0.108579
0.108469
0.108359
0.108249
0.108139
0.108028
0.107917
0.107806
0.107695
0.107583
0.107471
0.107359
0.107247
0.107134
0.107021
0.106908
0.106795
0.106682
0.106568
0.106454
0.10634
0.106226
0.106111
0.105996
0.105881
0.105766
0.105651
0.105535
0.105419
0.105303
0.105186
0.10507
0.104953
0.104836
0.104719
0.104601
0.104484
0.104366
0.104248
0.10413
0.104011
0.103892
0.103773
0.103654
0.103535
0.103415
0.103296
0.103176
0.103055
0.102935
0.102814
0.102694
0.102573
0.102451
0.10233
0.102208
0.102087
0.101965
0.101842
0.10172
0.101597
0.101475
0.101351
0.101228
0.101105
0.100981
0.100857
0.100733
0.100609
0.100485
0.10036
0.100236
0.100111
0.0999855
0.0998601
0.0997346
0.0996089
0.099483
0.0993569
0.0992306
0.0991042
0.0989775
0.0988507
0.0987237
0.0985965
0.0984691
0.0983416
0.0982138
0.0980859
0.0979578
0.0978295
0.0977011
0.0975725
0.0974437
0.0973147
0.0971855
0.0970562
0.0969267
0.096797
0.0966672
0.0965372
0.096407
0.0962766
0.0961461
0.0960154
0.0958845
0.0957535
0.0956223
0.0954909
0.0953594
0.0952277
0.0950959
0.0949639
0.0948317
0.0946993
0.0945668
0.0944342
0.0943014
0.0941684
0.0940353
0.093902
0.0937685
0.0936349
0.0935012
0.0933673
0.0932332
0.093099
0.0929646
0.0928301
0.0926954
0.0925606
0.0924257
0.0922906
0.0921553
0.0920199
0.0918843
0.0917487
0.0916128
0.0914768
0.0913407
0.0912045
0.091068
0.0909315
0.0907948
0.090658
0.090521
0.0903839
0.0902467
0.0901093
0.0899718
0.0898342
0.0896964
0.0895585
0.0894205
0.0892823
0.089144
0.0890056
0.088867
0.0887284
0.0885895
0.0884506
0.0883115
0.0881724
0.088033
0.0878936
0.0877541
0.0876144
0.0874746
0.0873347
0.0871946
0.0870545
0.0869142
0.0867738
0.0866333
0.0864927
0.0863519
0.0862111
0.0860701
0.085929
0.0857878
0.0856465
0.0855051
0.0853636
0.085222
0.0850802
0.0849384
0.0847965
0.0846544
0.0845122
0.08437
0.0842276
0.0840851
0.0839426
0.0837999
0.0836571
0.0835143
0.0833713
0.0832282
0.0830851
0.0829418
0.0827985
0.082655
0.0825115
0.0823679
0.0822241
0.0820803
0.0819364
0.0817924
0.0816484
0.0815042
0.0813599
0.0812156
0.0810712
0.0809266
0.080782
0.0806374
0.0804926
0.0803478
0.0802028
0.0800578
0.0799128
0.0797676
0.0796224
0.079477
0.0793316
0.0791862
0.0790406
0.078895
0.0787493
0.0786036
0.0784578
0.0783119
0.0781659
0.0780199
0.0778738
0.0777276
0.0775813
0.077435
0.0772887
0.0771422
0.0769958
0.0768492
0.0767026
0.0765559
0.0764092
0.0762624
0.0761155
0.0759686
0.0758217
0.0756746
0.0755276
0.0753804
0.0752332
0.075086
0.0749387
0.0747914
0.074644
0.0744966
0.0743491
0.0742016
0.074054
0.0739064
0.0737587
0.073611
0.0734632
0.0733154
0.0731676
0.0730197
0.0728718
0.0727238
0.0725758
0.0724278
0.0722797
0.0721316
0.0719835
0.0718353
0.0716871
0.0715389
0.0713906
0.0712423
0.0710939
0.0709456
0.0707972
0.0706488
0.0705003
0.0703519
0.0702034
0.0700548
0.0699063
0.0697577
0.0696091
0.0694605
0.0693119
0.0691632
0.0690146
0.0688659
0.0687172
0.0685685
0.0684197
0.068271
0.0681222
0.0679735
0.0678247
0.0676759
0.0675271
0.0673782
0.0672294
0.0670806
0.0669317
0.0667829
0.066634
0.0664852
0.0663363
0.0661875
0.0660386
0.0658897
0.0657409
0.065592
0.0654431
0.0652943
0.0651454
0.0649966
0.0648477
0.0646989
0.06455
0.0644012
0.0642524
0.0641036
0.0639548
0.063806
0.0636572
0.0635084
0.0633596
0.0632109
0.0630622
0.0629135
0.0627648
0.0626161
0.0624674
0.0623188
0.0621701
0.0620215
0.061873
0.0617244
0.0615759
0.0614273
0.0612788
0.0611304
0.0609819
0.0608335
0.0606851
0.0605368
0.0603885
0.0602402
0.0600919
0.0599437
0.0597955
0.0596473
0.0594992
0.0593511
0.059203
0.059055
0.058907
0.058759
0.0586111
0.0584632
0.0583154
0.0581676
0.0580199
0.0578722
0.0577245
0.0575769
0.0574293
0.0572818
0.0571344
0.0569869
0.0568396
0.0566922
0.056545
0.0563977
0.0562506
0.0561034
0.0559564
0.0558094
0.0556624
0.0555155
0.0553687
0.0552219
0.0550752
0.0549285
0.0547819
0.0546354
0.0544889
0.0543425
0.0541961
0.0540498
0.0539036
0.0537575
0.0536114
0.0534654
0.0533194
0.0531735
0.0530277
0.052882
0.0527363
0.0525907
0.0524452
0.0522997
0.0521544
0.0520091
0.0518638
0.0517187
0.0515736
0.0514286
0.0512837
0.0511389
0.0509942
0.0508495
0.0507049
0.0505604
0.050416
0.0502717
0.0501275
0.0499833
0.0498393
0.0496953
0.0495514
0.0494076
0.0492639
0.0491203
0.0489768
0.0488333
0.04869
0.0485468
0.0484036
0.0482606
0.0481177
0.0479748
0.0478321
0.0476894
0.0475469
0.0474044
0.0472621
0.0471198
0.0469777
0.0468357
0.0466938
0.0465519
0.0464102
0.0462686
0.0461271
0.0459857
0.0458445
0.0457033
0.0455622
0.0454213
0.0452805
0.0451398
0.0449992
0.0448587
0.0447183
0.0445781
0.0444379
0.0442979
0.044158
0.0440183
0.0438786
0.0437391
0.0435997
0.0434604
0.0433212
0.0431822
0.0430433
0.0429045
0.0427659
0.0426273
0.0424889
0.0423507
0.0422125
0.0420745
0.0419366
0.0417989
0.0416613
0.0415238
0.0413865
0.0412493
0.0411122
0.0409753
0.0408385
0.0407018
0.0405653
0.0404289
0.0402927
0.0401566
0.0400207
0.0398849
0.0397492
0.0396137
0.0394783
0.0393431
0.039208
0.0390731
0.0389383
0.0388037
0.0386692
0.0385349
0.0384007
0.0382667
0.0381328
0.0379991
0.0378655
0.0377321
0.0375988
0.0374657
0.0373328
0.0372
0.0370674
0.0369349
0.0368026
0.0366705
0.0365385
0.0364067
0.036275
0.0361436
0.0360122
0.0358811
0.0357501
0.0356192
0.0354886
0.0353581
0.0352278
0.0350976
0.0349676
0.0348378
0.0347082
0.0345787
0.0344494
0.0343203
0.0341914
0.0340626
0.033934
0.0338056
0.0336774
0.0335493
0.0334215
0.0332938
0.0331662
0.0330389
0.0329118
0.0327848
0.032658
0.0325314
0.032405
0.0322788
0.0321527
0.0320268
0.0319012
0.0317757
0.0316504
0.0315253
0.0314004
0.0312757
0.0311511
0.0310268
0.0309027
0.0307787
0.0306549
0.0305314
0.030408
0.0302849
0.0301619
0.0300391
0.0299165
0.0297942
0.029672
0.02955
0.0294282
0.0293067
0.0291853
0.0290641
0.0289432
0.0288224
0.0287019
0.0285815
0.0284614
0.0283415
0.0282217
0.0281022
0.0279829
0.0278638
0.027745
0.0276263
0.0275078
0.0273896
0.0272716
0.0271537
0.0270361
0.0269187
0.0268016
0.0266846
0.0265679
0.0264514
0.0263351
0.026219
0.0261031
0.0259875
0.0258721
0.0257569
0.0256419
0.0255271
0.0254126
0.0252983
0.0251842
0.0250704
0.0249567
0.0248433
0.0247302
0.0246172
0.0245045
0.024392
0.0242798
0.0241677
0.0240559
0.0239444
0.023833
0.0237219
0.0236111
0.0235004
0.0233901
0.0232799
0.02317
0.0230603
0.0229508
0.0228416
0.0227327
0.0226239
0.0225154
0.0224072
0.0222992
0.0221914
0.0220839
0.0219766
0.0218696
0.0217628
0.0216562
0.0215499
0.0214438
0.021338
0.0212325
0.0211271
0.0210221
0.0209172
0.0208127
0.0207084
0.0206043
0.0205005
0.0203969
0.0202936
0.0201905
0.0200877
0.0199851
0.0198828
0.0197808
0.019679
0.0195775
0.0194762
0.0193752
0.0192744
0.0191739
0.0190736
0.0189737
0.0188739
0.0187745
0.0186753
0.0185763
0.0184776
0.0183792
0.0182811
0.0181832
0.0180856
0.0179882
0.0178911
0.0177943
0.0176977
0.0176014
0.0175054
0.0174096
0.0173141
0.0172189
0.017124
0.0170293
0.0169349
0.0168407
0.0167469
0.0166533
0.01656
0.0164669
0.0163741
0.0162816
0.0161894
0.0160975
0.0160058
0.0159144
0.0158233
0.0157324
0.0156419
0.0155516
0.0154616
0.0153719
0.0152824
0.0151933
0.0151044
0.0150158
0.0149275
0.0148394
0.0147517
0.0146642
0.014577
0.0144901
0.0144035
0.0143172
0.0142311
0.0141454
0.0140599
0.0139747
0.0138898
0.0138052
0.0137209
0.0136369
0.0135531
0.0134697
0.0133865
0.0133036
0.0132211
0.0131388
0.0130568
0.0129751
0.0128937
0.0128126
0.0127318
0.0126512
0.012571
0.0124911
0.0124114
0.0123321
0.0122531
0.0121743
0.0120959
0.0120177
0.0119399
0.0118623
0.0117851
0.0117081
0.0116315
0.0115551
0.0114791
0.0114033
0.0113279
0.0112528
0.0111779
0.0111034
0.0110292
0.0109552
0.0108816
0.0108083
0.0107353
0.0106626
0.0105902
0.0105181
0.0104463
0.0103748
0.0103037
0.0102328
0.0101622
0.010092
0.0100221
0.00995244
0.00988313
0.00981412
0.00974543
0.00967705
0.00960898
0.00954122
0.00947378
0.00940665
0.00933983
0.00927332
0.00920713
0.00914125
0.00907569
0.00901045
0.00894551
0.0088809
0.0088166
0.00875262
0.00868895
0.0086256
0.00856257
0.00849986
0.00843746
0.00837539
0.00831363
0.00825219
0.00819107
0.00813027
0.0080698
0.00800964
0.0079498
0.00789029
0.00783109
0.00777222
0.00771367
0.00765545
0.00759755
0.00753997
0.00748271
0.00742578
0.00736917
0.00731288
0.00725693
0.00720129
0.00714598
0.007091
0.00703635
0.00698202
0.00692801
0.00687434
0.00682099
0.00676797
0.00671527
0.00666291
0.00661087
0.00655916
0.00650779
0.00645674
0.00640602
0.00635563
0.00630557
0.00625584
0.00620644
0.00615737
0.00610864
0.00606023
0.00601216
0.00596442
0.00591701
0.00586993
0.00582319
0.00577678
0.0057307
0.00568496
0.00563955
0.00559448
0.00554974
0.00550533
0.00546126
0.00541753
0.00537413
0.00533106
0.00528834
0.00524594
0.00520389
0.00516217
0.00512079
0.00507974
0.00503903
0.00499866
0.00495863
0.00491893
0.00487958
0.00484056
0.00480188
0.00476354
0.00472553
0.00468787
0.00465055
0.00461357
0.00457692
0.00454062
0.00450465
0.00446903
0.00443375
0.00439881
0.00436421
0.00432995
0.00429603
0.00426245
0.00422922
0.00419633
0.00416378
0.00413157
0.0040997
0.00406818
0.004037
0.00400617
0.00397567
0.00394552
0.00391572
0.00388625
0.00385713
0.00382836
0.00379993
0.00377184
0.0037441
0.0037167
0.00368965
0.00366295
0.00363658
0.00361057
0.0035849
0.00355957
0.00353459
0.00350996
0.00348567
0.00346173
0.00343813
0.00341488
0.00339198
0.00336942
0.00334721
0.00332535
0.00330384
0.00328267
0.00326185
0.00324137
0.00322125
0.00320147
0.00318204
0.00316295
0.00314422
0.00312583
0.00310779
0.0030901
0.00307276
0.00305577
0.00303912
0.00302282
0.00300687
0.00299128
0.00297602
0.00296112
0.00294657
0.00293237
0.00291851
0.00290501
0.00289185
0.00287905
0.00286659
0.00285448
0.00284272
0.00283132
0.00282026
0.00280955
0.00279919
0.00278918
0.00277952
0.00277022
0.00276126
0.00275265
0.00274439
0.00273648
0.00272893
0.00272172
0.00271486
0.00270836
0.0027022
0.00269639
0.00269094
0.00268584
0.00268108
0.00267668
0.00267263
0.00266892
0.00266557
0.00266257
0.00265992
0.00265762
0.00265567
0.00265408
0.00265283
0.00265193
0.00265139
0.00265119
0.00265135
0.00265185
0.0026527
0.00265388
0.0026554
0.00265725
0.00265942
0.00266191
0.00266472
0.00266783
0.00267124
0.00267495
0.00267895
0.00268322
0.00268778
0.00269259
0.00269767
0.002703
0.00270857
0.00271438
0.00272041
0.00272667
0.00273313
0.0027398
0.00274666
0.00275371
0.00276093
0.00276832
0.00277587
0.00278356
0.00279139
0.00279936
0.00280745
0.00281564
0.00282394
0.00283234
0.00284081
0.00284936
0.00285798
0.00286665
0.00287537
0.00288413
0.00289291
0.00290171
0.00291053
0.00291934
0.00292815
0.00293694
0.00294571
0.00295444
0.00296313
0.00297178
0.00298036
0.00298888
0.00299732
0.00300568
0.00301395
0.00302213
0.0030302
0.00303816
0.003046
0.00305372
0.00306131
0.00306876
0.00307606
0.00308322
0.00309023
0.00309707
0.00310375
0.00311025
0.00311658
0.00312274
0.0031287
0.00313448
0.00314007
0.00314546
0.00315065
0.00315564
0.00316042
0.003165
0.00316936
0.00317351
0.00317745
0.00318117
0.00318467
0.00318795
0.00319101
0.00319385
0.00319647
0.00319886
0.00320103
0.00320298
0.00320471
0.00320621
0.00320749
0.00320856
0.0032094
0.00321003
0.00321044
0.00321063
0.00321061
0.00321038
0.00320995
0.00320931
0.00320846
0.00320742
0.00320617
0.00320474
0.00320311
0.0032013
0.0031993
0.00319713
0.00319478
0.00319226
0.00318957
0.00318672
0.00318371
0.00318054
0.00317723
0.00317377
0.00317018
0.00316645
0.00316259
0.0031586
0.0031545
0.00315029
0.00314596
0.00314154
0.00313701
0.0031324
0.0031277
0.00312292
0.00311806
0.00311313
0.00310814
0.00310309
0.00309799
0.00309284
0.00308765
0.00308243
0.00307717
0.00307189
0.00306659
0.00306128
0.00305596
0.00305063
0.00304531
0.00304
0.0030347
0.00302942
0.00302416
0.00301893
0.00301373
0.00300857
0.00300346
0.00299839
0.00299337
0.00298841
0.00298352
0.00297868
0.00297392
0.00296923
0.00296462
0.00296009
0.00295565
0.00295129
0.00294703
0.00294286
0.00293879
0.00293483
0.00293096
0.00292721
0.00292356
0.00292003
0.00291662
0.00291332
0.00291014
0.00290708
0.00290415
0.00290134
0.00289866
0.0028961
0.00289368
0.00289139
0.00288923
0.0028872
0.0028853
0.00288354
0.00288191
0.00288041
0.00287905
0.00287783
0.00287674
0.00287578
0.00287496
0.00287427
0.00287371
0.00287328
0.00287299
0.00287283
0.00287279
0.00287288
0.0028731
0.00287344
0.00287391
0.0028745
0.0028752
0.00287603
0.00287697
0.00287802
0.00287919
0.00288047
0.00288185
0.00288333
0.00288492
0.00288661
0.00288839
0.00289027
0.00289224
0.00289429
0.00289643
0.00289866
0.00290096
0.00290334
0.00290579
0.00290831
0.0029109
0.00291355
0.00291626
0.00291903
0.00292185
0.00292472
0.00292764
0.0029306
0.0029336
0.00293664
0.00293971
0.00294281
0.00294593
0.00294908
0.00295225
0.00295543
0.00295863
0.00296183
0.00296505
0.00296826
0.00297147
0.00297469
0.00297789
0.00298108
0.00298427
0.00298743
0.00299058
0.0029937
0.0029968
0.00299987
0.00300291
0.00300592
0.00300889
0.00301182
0.00301471
0.00301756
0.00302036
0.00302312
0.00302582
0.00302847
0.00303107
0.0030336
0.00303608
0.0030385
0.00304086
0.00304315
0.00304537
0.00304753
0.00304962
0.00305164
0.00305358
0.00305545
0.00305725
0.00305898
0.00306062
0.00306219
0.00306369
0.0030651
0.00306644
0.00306769
0.00306886
0.00306996
0.00307097
0.0030719
0.00307275
0.00307352
0.00307421
0.00307482
0.00307534
0.00307579
0.00307616
0.00307644
0.00307665
0.00307677
0.00307682
0.0030768
0.00307669
0.00307651
0.00307626
0.00307593
0.00307553
0.00307505
0.00307451
0.0030739
0.00307322
0.00307247
0.00307166
0.00307079
0.00306985
0.00306885
0.0030678
0.00306668
0.00306551
0.00306429
0.00306302
0.00306169
0.00306032
0.0030589
0.00305743
0.00305593
0.00305438
0.00305279
0.00305117
0.00304951
0.00304781
0.00304609
0.00304434
0.00304256
0.00304076
0.00303893
0.00303708
0.00303522
0.00303334
0.00303144
0.00302953
0.00302761
0.00302568
0.00302375
0.00302181
0.00301987
0.00301793
0.00301599
0.00301405
0.00301212
0.0030102
0.00300828
0.00300638
0.00300448
0.00300261
0.00300075
0.0029989
0.00299708
0.00299528
0.0029935
0.00299174
0.00299001
0.00298831
0.00298664
0.00298499
0.00298338
0.0029818
0.00298026
0.00297875
0.00297727
0.00297584
0.00297444
0.00297308
0.00297176
0.00297049
0.00296925
0.00296806
0.00296691
0.00296581
0.00296475
0.00296374
0.00296278
0.00296186
0.00296099
0.00296016
0.00295939
0.00295866
0.00295798
0.00295736
0.00295677
0.00295624
0.00295576
0.00295533
0.00295494
0.00295461
0.00295432
0.00295408
0.00295389
0.00295375
0.00295366
0.00295361
0.00295361
0.00295366
0.00295375
0.00295389
0.00295407
0.0029543
0.00295457
0.00295488
0.00295523
0.00295563
0.00295607
0.00295654
0.00295706
0.00295761
0.0029582
0.00295882
0.00295948
0.00296018
0.0029609
0.00296166
0.00296245
0.00296327
0.00296412
0.00296499
0.00296589
0.00296682
0.00296777
0.00296874
0.00296974
0.00297075
0.00297179
0.00297284
0.00297391
0.00297499
0.00297609
0.0029772
0.00297832
0.00297946
0.0029806
0.00298175
0.00298291
0.00298407
0.00298524
0.00298641
0.00298758
0.00298875
0.00298992
0.00299109
0.00299226
0.00299342
0.00299458
0.00299573
0.00299688
0.00299802
0.00299914
0.00300026
0.00300137
0.00300246
0.00300354
0.00300461
0.00300566
0.00300669
0.00300771
0.00300871
0.00300969
0.00301065
0.00301159
0.00301251
0.00301341
0.00301428
0.00301513
0.00301596
0.00301677
0.00301755
0.0030183
0.00301903
0.00301973
0.00302041
0.00302106
0.00302168
0.00302227
0.00302284
0.00302337
0.00302388
0.00302436
0.00302481
0.00302523
0.00302562
0.00302598
0.00302631
0.00302661
0.00302689
0.00302713
0.00302734
0.00302753
0.00302768
0.00302781
0.0030279
0.00302797
0.00302801
0.00302802
0.003028
0.00302795
0.00302788
0.00302778
0.00302765
0.0030275
0.00302732
0.00302712
0.00302689
0.00302663
0.00302635
0.00302605
0.00302572
0.00302538
0.00302501
0.00302462
0.0030242
0.00302377
0.00302332
0.00302285
0.00302236
0.00302186
0.00302133
0.0030208
0.00302024
0.00301967
0.00301909
0.00301849
0.00301789
0.00301727
0.00301663
0.00301599
0.00301534
0.00301468
0.00301401
0.00301334
0.00301265
0.00301197
0.00301127
0.00301058
0.00300988
0.00300917
0.00300847
0.00300776
0.00300705
0.00300634
0.00300563
0.00300493
0.00300423
0.00300352
0.00300283
0.00300213
0.00300145
0.00300076
0.00300009
0.00299941
0.00299875
0.0029981
0.00299745
0.00299681
0.00299618
0.00299557
0.00299496
0.00299436
0.00299378
0.00299321
0.00299265
0.0029921
0.00299156
0.00299104
0.00299054
0.00299005
0.00298957
0.00298911
0.00298866
0.00298823
0.00298782
0.00298742
0.00298704
0.00298668
0.00298633
0.002986
0.00298569
0.00298539
0.00298511
0.00298485
0.00298461
0.00298439
0.00298418
0.00298399
0.00298382
0.00298367
0.00298353
0.00298341
0.00298331
0.00298323
0.00298317
0.00298312
0.00298309
0.00298308
0.00298308
0.00298311
0.00298314
0.0029832
0.00298327
0.00298336
0.00298346
0.00298358
0.00298371
0.00298386
0.00298402
0.0029842
0.00298439
0.0029846
0.00298482
0.00298505
0.00298529
0.00298555
0.00298582
0.0029861
0.00298639
0.00298669
0.002987
0.00298732
0.00298765
0.00298799
0.00298834
0.0029887
0.00298907
0.00298944
0.00298982
0.0029902
0.00299059
0.00299099
0.00299139
0.0029918
0.00299221
0.00299262
0.00299304
0.00299346
0.00299388
0.00299431
0.00299473
0.00299516
0.00299559
0.00299602
0.00299644
0.00299687
0.00299729
0.00299772
0.00299814
0.00299856
0.00299898
0.00299939
0.0029998
0.00300021
0.00300061
0.00300101
0.0030014
0.00300179
0.00300217
0.00300254
0.00300291
0.00300328
0.00300363
0.00300398
0.00300432
0.00300465
0.00300498
0.0030053
0.0030056
0.0030059
0.0030062
0.00300648
0.00300675
0.00300701
0.00300727
0.00300751
0.00300774
0.00300797
0.00300818
0.00300838
0.00300858
0.00300876
0.00300893
0.00300909
0.00300924
0.00300938
0.00300951
0.00300963
0.00300974
0.00300983
0.00300992
0.00300999
0.00301006
0.00301011
0.00301015
0.00301018
0.00301021
0.00301022
0.00301022
0.00301021
0.00301019
0.00301016
0.00301012
0.00301007
0.00301001
0.00300994
0.00300987
0.00300978
0.00300969
0.00300958
0.00300947
0.00300935
0.00300922
0.00300908
0.00300894
0.00300878
0.00300862
0.00300846
0.00300829
0.00300811
0.00300792
0.00300773
0.00300753
0.00300733
0.00300712
0.0030069
0.00300668
0.00300646
0.00300623
0.003006
0.00300577
0.00300553
0.00300529
0.00300504
0.0030048
0.00300455
0.00300429
0.00300404
0.00300379
0.00300353
0.00300327
0.00300302
0.00300276
0.0030025
0.00300224
0.00300198
0.00300173
0.00300147
0.00300121
0.00300096
0.00300071
0.00300046
0.00300021
0.00299996
0.00299972
0.00299948
0.00299924
0.00299901
0.00299877
0.00299855
0.00299832
0.0029981
0.00299788
0.00299767
0.00299746
0.00299726
0.00299706
0.00299687
0.00299668
0.0029965
0.00299632
0.00299615
0.00299598
0.00299582
0.00299567
0.00299552
0.00299537
0.00299524
0.00299511
0.00299498
0.00299486
0.00299475
0.00299464
0.00299454
0.00299445
0.00299436
0.00299428
0.00299421
0.00299414
0.00299408
0.00299403
0.00299398
0.00299394
0.00299391
0.00299388
0.00299386
0.00299384
0.00299383
0.00299383
0.00299383
0.00299384
0.00299386
0.00299388
0.00299391
0.00299394
0.00299398
0.00299402
0.00299407
0.00299413
0.00299419
0.00299426
0.00299433
0.0029944
0.00299449
0.00299457
0.00299466
0.00299476
0.00299486
0.00299496
0.00299507
0.00299518
0.00299529
0.00299541
0.00299553
0.00299566
0.00299578
0.00299592
0.00299605
0.00299619
0.00299632
0.00299647
0.00299661
0.00299675
0.0029969
0.00299705
0.0029972
0.00299735
0.0029975
0.00299766
0.00299781
0.00299797
0.00299812
0.00299828
0.00299843
0.00299859
0.00299875
0.0029989
0.00299906
0.00299921
0.00299936
0.00299952
0.00299967
0.00299982
0.00299997
0.00300012
0.00300026
0.00300041
0.00300055
0.00300069
0.00300083
0.00300097
0.0030011
0.00300123
0.00300136
0.00300149
0.00300161
0.00300173
0.00300185
0.00300196
0.00300207
0.00300218
0.00300229
0.00300239
0.00300249
0.00300258
0.00300268
0.00300276
0.00300285
0.00300293
0.003003
0.00300308
0.00300315
0.00300321
0.00300327
0.00300333
0.00300338
0.00300343
0.00300348
0.00300352
0.00300356
0.00300359
0.00300362
0.00300365
0.00300367
0.00300369
0.00300371
0.00300372
0.00300372
0.00300373
0.00300373
0.00300372
0.00300371
0.0030037
0.00300369
0.00300367
0.00300364
0.00300362
0.00300359
0.00300356
0.00300352
0.00300348
0.00300344
0.0030034
0.00300335
0.0030033
0.00300324
0.00300319
0.00300313
0.00300307
0.003003
0.00300294
0.00300287
0.0030028
0.00300273
0.00300265
0.00300257
0.0030025
0.00300242
0.00300233
0.00300225
0.00300217
0.00300208
0.00300199
0.0030019
0.00300181
0.00300172
0.00300163
0.00300154
0.00300145
0.00300136
0.00300126
0.00300117
0.00300107
0.00300098
0.00300089
0.00300079
0.0030007
0.0030006
0.00300051
0.00300042
0.00300032
0.00300023
0.00300014
0.00300005
0.00299996
0.00299987
0.00299979
0.0029997
0.00299961
0.00299953
0.00299945
0.00299937
0.00299929
0.00299921
0.00299913
0.00299905
0.00299898
0.00299891
0.00299884
0.00299877
0.00299871
0.00299864
0.00299858
0.00299852
0.00299846
0.0029984
0.00299835
0.0029983
0.00299825
0.0029982
0.00299816
0.00299811
0.00299807
0.00299804
0.002998
0.00299797
0.00299794
0.00299791
0.00299788
0.00299786
0.00299784
0.00299782
0.0029978
0.00299779
0.00299777
0.00299776
0.00299776
0.00299775
0.00299775
0.00299775
0.00299775
0.00299776
0.00299776
0.00299777
0.00299778
0.00299779
0.00299781
0.00299783
0.00299784
0.00299787
0.00299789
0.00299791
0.00299794
0.00299797
0.002998
0.00299803
0.00299806
0.0029981
0.00299813
0.00299817
0.00299821
0.00299825
0.00299829
0.00299834
0.00299838
0.00299843
0.00299848
0.00299852
0.00299857
0.00299862
0.00299867
0.00299873
0.00299878
0.00299883
0.00299888
0.00299894
0.00299899
0.00299905
0.00299911
0.00299916
0.00299922
0.00299927
0.00299933
0.00299939
0.00299944
0.0029995
0.00299956
0.00299962
0.00299967
0.00299973
0.00299978
0.00299984
0.00299989
0.00299995
0.003
0.00300006
0.00300011
0.00300016
0.00300021
0.00300027
0.00300032
0.00300037
0.00300041
0.00300046
0.00300051
0.00300055
0.0030006
0.00300064
0.00300069
0.00300073
0.00300077
0.00300081
0.00300084
0.00300088
0.00300092
0.00300095
0.00300098
0.00300102
0.00300105
0.00300108
0.0030011
0.00300113
0.00300115
0.00300118
0.0030012
0.00300122
0.00300124
0.00300126
0.00300127
0.00300129
0.0030013
0.00300131
0.00300132
0.00300133
0.00300134
0.00300135
0.00300135
0.00300136
0.00300136
0.00300136
0.00300136
0.00300136
0.00300135
0.00300135
0.00300134
0.00300134
0.00300133
0.00300132
0.00300131
0.00300129
0.00300128
0.00300127
0.00300125
0.00300123
0.00300122
0.0030012
0.00300118
0.00300116
0.00300114
0.00300111
0.00300109
0.00300106
0.00300104
0.00300101
0.00300099
0.00300096
0.00300093
0.0030009
0.00300087
0.00300084
0.00300081
0.00300078
0.00300075
0.00300072
0.00300069
0.00300065
0.00300062
0.00300059
0.00300055
0.00300052
0.00300048
0.00300045
0.00300042
0.00300038
0.00300035
0.00300031
0.00300028
0.00300024
0.00300021
0.00300018
0.00300014
0.00300011
0.00300008
0.00300004
0.00300001
0.00299998
0.00299994
0.00299991
0.00299988
0.00299985
0.00299982
0.00299979
0.00299976
0.00299973
0.0029997
0.00299968
0.00299965
0.00299962
0.0029996
0.00299957
0.00299955
0.00299952
0.0029995
0.00299948
0.00299945
0.00299943
0.00299941
0.00299939
0.00299937
0.00299936
0.00299934
0.00299932
0.00299931
0.00299929
0.00299928
0.00299927
0.00299926
0.00299924
0.00299923
0.00299922
0.00299922
0.00299921
0.0029992
0.0029992
0.00299919
0.00299919
0.00299918
0.00299918
0.00299918
0.00299918
0.00299918
0.00299918
0.00299918
0.00299918
0.00299919
0.00299919
0.0029992
0.0029992
0.00299921
0.00299922
0.00299922
0.00299923
0.00299924
0.00299925
0.00299926
0.00299927
0.00299928
0.0029993
0.00299931
0.00299932
0.00299934
0.00299935
0.00299937
0.00299938
0.0029994
0.00299941
0.00299943
0.00299945
0.00299947
0.00299948
0.0029995
0.00299952
0.00299954
0.00299956
0.00299958
0.0029996
0.00299962
0.00299964
0.00299966
0.00299968
0.0029997
0.00299972
0.00299974
0.00299976
0.00299978
0.0029998
0.00299982
0.00299984
0.00299987
0.00299989
0.00299991
0.00299993
0.00299995
0.00299997
0.00299999
0.00300001
0.00300003
0.00300005
0.00300006
0.00300008
0.0030001
0.00300012
0.00300014
0.00300016
0.00300017
0.00300019
0.00300021
0.00300022
0.00300024
0.00300025
0.00300027
0.00300028
0.0030003
0.00300031
0.00300033
0.00300034
0.00300035
0.00300036
0.00300037
0.00300038
0.0030004
0.00300041
0.00300041
0.00300042
0.00300043
0.00300044
0.00300045
0.00300045
0.00300046
0.00300047
0.00300047
0.00300048
0.00300048
0.00300048
0.00300049
0.00300049
0.00300049
0.00300049
0.00300049
0.0030005
0.0030005
0.0030005
0.00300049
0.00300049
0.00300049
0.00300049
0.00300049
0.00300048
0.00300048
0.00300048
0.00300047
0.00300047
0.00300046
0.00300045
0.00300045
0.00300044
0.00300043
0.00300043
0.00300042
0.00300041
0.0030004
0.00300039
0.00300039
0.00300038
0.00300037
0.00300036
0.00300035
0.00300034
0.00300033
0.00300032
0.0030003
0.00300029
0.00300028
0.00300027
0.00300026
0.00300025
0.00300023
0.00300022
0.00300021
0.0030002
0.00300019
0.00300017
0.00300016
0.00300015
0.00300014
0.00300012
0.00300011
0.0030001
0.00300009
0.00300007
0.00300006
0.00300005
0.00300004
0.00300002
0.00300001
0.003
0.00299999
0.00299998
0.00299997
0.00299995
0.00299994
0.00299993
0.00299992
0.00299991
0.0029999
0.00299989
0.00299988
0.00299987
0.00299986
0.00299985
0.00299984
0.00299983
0.00299982
0.00299981
0.00299981
0.0029998
0.00299979
0.00299978
0.00299978
0.00299977
0.00299976
0.00299976
0.00299975
0.00299975
0.00299974
0.00299974
0.00299973
0.00299973
0.00299972
0.00299972
0.00299972
0.00299971
0.00299971
0.00299971
0.00299971
0.0029997
0.0029997
0.0029997
0.0029997
0.0029997
0.0029997
0.0029997
0.0029997
0.0029997
0.0029997
0.0029997
0.00299971
0.00299971
0.00299971
0.00299971
0.00299971
0.00299972
0.00299972
0.00299972
0.00299973
0.00299973
0.00299974
0.00299974
0.00299974
0.00299975
0.00299975
0.00299976
0.00299977
0.00299977
0.00299978
0.00299978
0.00299979
0.00299979
0.0029998
0.00299981
0.00299981
0.00299982
0.00299983
0.00299983
0.00299984
0.00299985
0.00299986
0.00299986
0.00299987
0.00299988
0.00299989
0.00299989
0.0029999
0.00299991
0.00299992
0.00299992
0.00299993
0.00299994
0.00299995
0.00299995
0.00299996
0.00299997
0.00299998
0.00299998
0.00299999
0.003
0.003
0.00300001
0.00300002
0.00300003
0.00300003
0.00300004
0.00300005
0.00300005
0.00300006
0.00300006
0.00300007
0.00300008
0.00300008
0.00300009
0.00300009
0.0030001
0.00300011
0.00300011
0.00300012
0.00300012
0.00300012
0.00300013
0.00300013
0.00300014
0.00300014
0.00300015
0.00300015
0.00300015
0.00300016
0.00300016
0.00300016
0.00300016
0.00300017
0.00300017
0.00300017
0.00300017
0.00300017
0.00300018
0.00300018
0.00300018
0.00300018
0.00300018
0.00300018
0.00300018
0.00300018
0.00300018
0.00300018
0.00300018
0.00300018
0.00300018
0.00300018
0.00300018
0.00300018
0.00300017
0.00300017
0.00300017
0.00300017
0.00300017
0.00300017
0.00300016
0.00300016
0.00300016
0.00300016
0.00300015
0.00300015
0.00300015
0.00300014
0.00300014
0.00300014
0.00300013
0.00300013
0.00300013
0.00300012
0.00300012
0.00300011
0.00300011
0.00300011
0.0030001
0.0030001
0.00300009
0.00300009
0.00300008
0.00300008
0.00300008
0.00300007
0.00300007
0.00300006
0.00300006
0.00300005
0.00300005
0.00300004
0.00300004
0.00300003
0.00300003
0.00300003
0.00300002
0.00300002
0.00300001
0.00300001
0.003
0.003
0.00299999
0.00299999
0.00299999
0.00299998
0.00299998
0.00299997
0.00299997
0.00299997
0.00299996
0.00299996
0.00299995
0.00299995
0.00299995
0.00299994
0.00299994
0.00299994
0.00299993
0.00299993
0.00299993
0.00299993
0.00299992
0.00299992
0.00299992
0.00299992
0.00299991
0.00299991
0.00299991
0.00299991
0.00299991
0.0029999
0.0029999
0.0029999
0.0029999
0.0029999
0.0029999
0.0029999
0.00299989
0.00299989
0.00299989
0.00299989
0.00299989
0.00299989
0.00299989
0.00299989
0.00299989
0.00299989
0.00299989
0.00299989
0.00299989
0.00299989
0.00299989
0.00299989
0.00299989
0.0029999
0.0029999
0.0029999
0.0029999
0.0029999
0.0029999
0.0029999
0.0029999
0.00299991
0.00299991
0.00299991
0.00299991
0.00299991
0.00299991
0.00299992
0.00299992
0.00299992
0.00299992
0.00299993
0.00299993
0.00299993
0.00299993
0.00299994
0.00299994
0.00299994
0.00299994
0.00299995
0.00299995
0.00299995
0.00299995
0.00299996
0.00299996
0.00299996
0.00299996
0.00299997
0.00299997
0.00299997
0.00299998
0.00299998
0.00299998
0.00299998
0.00299999
0.00299999
0.00299999
0.00299999
0.003
0.003
0.003
0.003
0.00300001
0.00300001
0.00300001
0.00300001
0.00300002
0.00300002
0.00300002
0.00300002
0.00300003
0.00300003
0.00300003
0.00300003
0.00300003
0.00300004
0.00300004
0.00300004
0.00300004
0.00300004
0.00300005
0.00300005
0.00300005
0.00300005
0.00300005
0.00300005
0.00300005
0.00300006
0.00300006
0.00300006
0.00300006
0.00300006
0.00300006
0.00300006
0.00300006
0.00300006
0.00300006
0.00300006
0.00300006
0.00300007
0.00300007
0.00300007
0.00300007
0.00300007
0.00300007
0.00300007
0.00300007
0.00300007
0.00300007
0.00300007
0.00300006
0.00300006
0.00300006
0.00300006
0.00300006
0.00300006
0.00300006
0.00300006
0.00300006
0.00300006
0.00300006
0.00300006
0.00300006
0.00300006
0.00300005
0.00300005
0.00300005
0.00300005
0.00300005
0.00300005
0.00300005
0.00300005
0.00300004
0.00300004
0.00300004
0.00300004
0.00300004
0.00300004
0.00300004
0.00300003
0.00300003
0.00300003
0.00300003
0.00300003
0.00300003
0.00300002
0.00300002
0.00300002
0.00300002
0.00300002
0.00300002
0.00300001
0.00300001
0.00300001
0.00300001
0.00300001
0.00300001
0.003
0.003
0.003
0.003
0.003
0.003
0.00299999
0.00299999
0.00299999
0.00299999
0.00299999
0.00299999
0.00299999
0.00299998
0.00299998
0.00299998
0.00299998
0.00299998
0.00299998
0.00299998
0.00299998
0.00299997
0.00299997
0.00299997
0.00299997
0.00299997
0.00299997
0.00299997
0.00299997
0.00299997
0.00299997
0.00299997
0.00299997
0.00299996
0.00299996
0.00299996
0.00299996
0.00299996
0.00299996
0.00299996
0.00299996
0.00299996
0.00299996
0.00299996
0.00299996
0.00299996
0.00299996
0.00299996
0.00299996
0.00299996
0.00299996
0.00299996
0.00299996
0.00299996
0.00299996
0.00299996
0.00299996
0.00299996
0.00299996
0.00299996
0.00299996
0.00299996
0.00299996
0.00299996
0.00299997
0.00299997
0.00299997
0.00299997
0.00299997
0.00299997
0.00299997
0.00299997
0.00299997
0.00299997
0.00299997
0.00299997
0.00299997
0.00299997
0.00299998
0.00299998
0.00299998
0.00299998
0.00299998
0.00299998
0.00299998
0.00299998
0.00299998
0.00299998
0.00299999
0.00299999
0.00299999
0.00299999
0.00299999
0.00299999
0.00299999
0.00299999
0.00299999
0.00299999
0.003
0.003
0.003
0.003
0.003
0.003
0.003
0.003
0.003
0.003
0.003
0.00300001
0.00300001
0.00300001
0.00300001
0.00300001
0.00300001
0.00300001
0.00300001
0.00300001
0.00300001
0.00300001
0.00300001
0.00300002
0.00300002
0.00300002
0.00300002
0.00300002
0.00300002
0.00300002
0.00300002
0.00300002
0.00300002
0.00300002
0.00300002
0.00300002
0.00300002
0.00300002
0.00300002
0.00300002
0.00300002
0.00300002
0.00300002
0.00300002
0.00300002
0.00300002
0.00300002
0.00300002
0.00300002
0.00300002
0.00300002
0.00300002
0.00300002
0.00300002
0.00300002
0.00300002
0.00300002
0.00300002
0.00300002
0.00300002
0.00300002
0.00300002
0.00300002
0.00300002
0.00300002
0.00300002
0.00300002
0.00300002
0.00300002
0.00300002
0.00300002
0.00300002
0.00300002
0.00300002
0.00300002
0.00300002
0.00300002
0.00300002
0.00300002
0.00300002
0.00300001
0.00300001
0.00300001
0.00300001
0.00300001
0.00300001
0.00300001
0.00300001
0.00300001
0.00300001
0.00300001
0.00300001
0.00300001
0.00300001
0.00300001
0.00300001
0.00300001
0.003
0.003
0.003
0.003
0.003
0.003
0.003
0.003
0.003
0.003
0.003
0.003
0.003
0.003
0.003
0.003
0.003
0.003
0.00299999
0.00299999
0.00299999
0.00299999
0.00299999
0.00299999
0.00299999
0.00299999
0.00299999
0.00299999
0.00299999
0.00299999
0.00299999
0.00299999
0.00299999
0.00299999
0.00299999
0.00299999
0.00299999
0.00299999
0.00299999
0.00299999
0.00299999
0.00299999
0.00299999
0.00299999
0.00299999
0.00299999
0.00299999
