0
0
1.62783e-09
6.64844e-09
1.69608e-08
3.45944e-08
6.17066e-08
1.00578e-07
1.53611e-07
2.23322e-07
3.12345e-07
4.23418e-07
5.5939e-07
7.23206e-07
9.17914e-07
1.14665e-06
1.41265e-06
1.71922e-06
2.06976e-06
2.46773e-06
2.9167e-06
3.42026e-06
3.98209e-06
4.60595e-06
5.2956e-06
6.05491e-06
6.88776e-06
7.79808e-06
8.78985e-06
9.86707e-06
1.10338e-05
1.2294e-05
1.36519e-05
1.51115e-05
1.66769e-05
1.83522e-05
2.01416e-05
2.20492e-05
2.40791e-05
2.62354e-05
2.85222e-05
3.09435e-05
3.35035e-05
3.62061e-05
3.90553e-05
4.20552e-05
4.52097e-05
4.85226e-05
5.19978e-05
5.56391e-05
5.94502e-05
6.3435e-05
6.75969e-05
7.19396e-05
7.64667e-05
8.11815e-05
8.60875e-05
9.1188e-05
9.64862e-05
0.000101985
0.000107689
0.000113599
0.000119719
0.000126052
0.0001326
0.000139367
0.000146354
0.000153565
0.000161001
0.000168665
0.00017656
0.000184686
0.000193047
0.000201644
0.000210479
0.000219554
0.00022887
0.000238428
0.000248231
0.000258279
0.000268574
0.000279116
0.000289907
0.000300947
0.000312237
0.000323779
0.000335571
0.000347616
0.000359913
0.000372462
0.000385264
0.000398318
0.000411625
0.000425185
0.000438996
0.00045306
0.000467374
0.00048194
0.000496755
0.00051182
0.000527134
0.000542695
0.000558503
0.000574556
0.000590854
0.000607396
0.000624179
0.000641202
0.000658465
0.000675965
0.000693702
0.000711672
0.000729875
0.000748308
0.000766971
0.00078586
0.000804974
0.000824311
0.000843869
0.000863646
0.000883639
0.000903847
0.000924266
0.000944895
0.000965732
0.000986773
0.00100802
0.00102946
0.0010511
0.00107294
0.00109497
0.00111719
0.0011396
0.0011622
0.00118497
0.00120793
0.00123106
0.00125437
0.00127786
0.00130151
0.00132533
0.00134931
0.00137346
0.00139777
0.00142223
0.00144685
0.00147162
0.00149655
0.00152162
0.00154683
0.00157219
0.00159769
0.00162333
0.0016491
0.00167501
0.00170105
0.00172721
0.00175351
0.00177993
0.00180648
0.00183315
0.00185993
0.00188684
0.00191386
0.00194099
0.00196824
0.0019956
0.00202306
0.00205064
0.00207832
0.0021061
0.00213399
0.00216198
0.00219007
0.00221827
0.00224656
0.00227494
0.00230343
0.00233201
0.00236068
0.00238945
0.00241831
0.00244726
0.00247631
0.00250544
0.00253467
0.00256399
0.00259339
0.00262289
0.00265248
0.00268215
0.00271191
0.00274177
0.00277171
0.00280174
0.00283186
0.00286206
0.00289236
0.00292275
0.00295323
0.00298379
0.00301445
0.0030452
0.00307604
0.00310697
0.003138
0.00316912
0.00320034
0.00323164
0.00326305
0.00329455
0.00332615
0.00335785
0.00338965
0.00342155
0.00345355
0.00348565
0.00351786
0.00355017
0.00358259
0.00361511
0.00364774
0.00368049
0.00371334
0.00374631
0.00377939
0.00381258
0.0038459
0.00387933
0.00391287
0.00394654
0.00398033
0.00401425
0.00404829
0.00408245
0.00411674
0.00415116
0.00418571
0.0042204
0.00425521
0.00429016
0.00432525
0.00436047
0.00439583
0.00443134
0.00446698
0.00450277
0.0045387
0.00457477
0.004611
0.00464737
0.00468389
0.00472056
0.00475738
0.00479436
0.00483149
0.00486878
0.00490622
0.00494382
0.00498158
0.0050195
0.00505758
0.00509582
0.00513423
0.0051728
0.00521153
0.00525043
0.00528949
0.00532873
0.00536813
0.0054077
0.00544744
0.00548735
0.00552743
0.00556768
0.0056081
0.00564869
0.00568946
0.0057304
0.00577152
0.00581281
0.00585427
0.00589591
0.00593773
0.00597971
0.00602188
0.00606422
0.00610673
0.00614942
0.00619229
0.00623533
0.00627855
0.00632194
0.00636551
0.00640925
0.00645317
0.00649727
0.00654153
0.00658598
0.00663059
0.00667538
0.00672034
0.00676548
0.00681079
0.00685626
0.00690191
0.00694773
0.00699372
0.00703988
0.00708621
0.00713271
0.00717937
0.0072262
0.0072732
0.00732036
0.00736769
0.00741518
0.00746283
0.00751064
0.00755862
0.00760675
0.00765505
0.0077035
0.00775211
0.00780088
0.0078498
0.00789888
0.00794811
0.00799749
0.00804703
0.00809671
0.00814655
0.00819653
0.00824666
0.00829694
0.00834736
0.00839793
0.00844864
0.00849949
0.00855049
0.00860162
0.00865289
0.00870431
0.00875586
0.00880754
0.00885936
0.00891132
0.0089634
0.00901563
0.00906798
0.00912046
0.00917307
0.00922581
0.00927868
0.00933167
0.00938479
0.00943803
0.0094914
0.00954489
0.0095985
0.00965224
0.00970609
0.00976006
0.00981416
0.00986837
0.0099227
0.00997714
0.0100317
0.0100864
0.0101412
0.0101961
0.0102511
0.0103062
0.0103615
0.0104168
0.0104723
0.0105279
0.0105835
0.0106393
0.0106952
0.0107513
0.0108074
0.0108636
0.0109199
0.0109764
0.0110329
0.0110896
0.0111463
0.0112032
0.0112602
0.0113173
0.0113745
0.0114317
0.0114891
0.0115466
0.0116043
0.011662
0.0117198
0.0117777
0.0118357
0.0118939
0.0119521
0.0120104
0.0120689
0.0121274
0.0121861
0.0122448
0.0123037
0.0123627
0.0124217
0.0124809
0.0125402
0.0125996
0.0126591
0.0127187
0.0127784
0.0128383
0.0128982
0.0129582
0.0130184
0.0130786
0.013139
0.0131995
0.01326
0.0133207
0.0133815
0.0134424
0.0135035
0.0135646
0.0136258
0.0136872
0.0137487
0.0138102
0.0138719
0.0139337
0.0139957
0.0140577
0.0141198
0.0141821
0.0142445
0.014307
0.0143696
0.0144323
0.0144952
0.0145581
0.0146212
0.0146844
0.0147477
0.0148112
0.0148747
0.0149384
0.0150022
0.0150661
0.0151302
0.0151943
0.0152586
0.015323
0.0153875
0.0154522
0.0155169
0.0155818
0.0156468
0.015712
0.0157772
0.0158426
0.0159081
0.0159738
0.0160395
0.0161054
0.0161714
0.0162375
0.0163038
0.0163702
0.0164367
0.0165033
0.01657
0.0166369
0.0167039
0.0167711
0.0168383
0.0169057
0.0169732
0.0170408
0.0171086
0.0171765
0.0172445
0.0173126
0.0173809
0.0174493
0.0175178
0.0175864
0.0176552
0.0177241
0.0177931
0.0178622
0.0179315
0.0180008
0.0180703
0.01814
0.0182097
0.0182796
0.0183496
0.0184197
0.0184899
0.0185603
0.0186308
0.0187014
0.0187721
0.018843
0.0189139
0.018985
0.0190562
0.0191275
0.019199
0.0192705
0.0193422
0.019414
0.0194859
0.019558
0.0196301
0.0197024
0.0197747
0.0198472
0.0199198
0.0199925
0.0200654
0.0201383
0.0202114
0.0202845
0.0203578
0.0204312
0.0205047
0.0205783
0.020652
0.0207258
0.0207998
0.0208738
0.020948
0.0210222
0.0210966
0.021171
0.0212456
0.0213203
0.0213951
0.02147
0.0215449
0.02162
0.0216952
0.0217705
0.0218459
0.0219214
0.021997
0.0220727
0.0221485
0.0222244
0.0223004
0.0223764
0.0224526
0.0225289
0.0226053
0.0226818
0.0227583
0.022835
0.0229117
0.0229886
0.0230655
0.0231426
0.0232197
0.0232969
0.0233742
0.0234516
0.0235291
0.0236067
0.0236844
0.0237622
0.02384
0.023918
0.023996
0.0240742
0.0241524
0.0242307
0.0243091
0.0243875
0.0244661
0.0245448
0.0246235
0.0247023
0.0247812
0.0248602
0.0249393
0.0250185
0.0250977
0.0251771
0.0252565
0.025336
0.0254156
0.0254953
0.0255751
0.0256549
0.0257348
0.0258149
0.025895
0.0259751
0.0260554
0.0261358
0.0262162
0.0262967
0.0263773
0.026458
0.0265388
0.0266196
0.0267005
0.0267815
0.0268626
0.0269438
0.0270251
0.0271064
0.0271878
0.0272693
0.0273509
0.0274326
0.0275144
0.0275962
0.0276781
0.0277601
0.0278422
0.0279244
0.0280066
0.0280889
0.0281713
0.0282538
0.0283364
0.0284191
0.0285018
0.0285846
0.0286675
0.0287505
0.0288336
0.0289167
0.0289999
0.0290832
0.0291666
0.0292501
0.0293337
0.0294173
0.029501
0.0295848
0.0296687
0.0297527
0.0298367
0.0299208
0.030005
0.0300893
0.0301737
0.0302582
0.0303427
0.0304273
0.030512
0.0305968
0.0306817
0.0307666
0.0308516
0.0309367
0.0310219
0.0311072
0.0311925
0.031278
0.0313635
0.0314491
0.0315347
0.0316205
0.0317063
0.0317922
0.0318782
0.0319643
0.0320505
0.0321367
0.032223
0.0323094
0.0323959
0.0324824
0.0325691
0.0326558
0.0327426
0.0328294
0.0329164
0.0330034
0.0330905
0.0331777
0.033265
0.0333523
0.0334397
0.0335272
0.0336148
0.0337024
0.0337902
0.033878
0.0339658
0.0340538
0.0341418
0.0342299
0.0343181
0.0344064
0.0344947
0.0345831
0.0346716
0.0347601
0.0348487
0.0349374
0.0350262
0.0351151
0.035204
0.035293
0.035382
0.0354712
0.0355604
0.0356496
0.035739
0.0358284
0.0359179
0.0360074
0.0360971
0.0361868
0.0362765
0.0363663
0.0364562
0.0365462
0.0366362
0.0367263
0.0368165
0.0369067
0.0369971
0.0370874
0.0371778
0.0372683
0.0373589
0.0374495
0.0375402
0.037631
0.0377218
0.0378127
0.0379036
0.0379946
0.0380857
0.0381768
0.038268
0.0383593
0.0384506
0.0385419
0.0386334
0.0387249
0.0388164
0.038908
0.0389997
0.0390914
0.0391832
0.039275
0.0393669
0.0394589
0.0395509
0.039643
0.0397351
0.0398273
0.0399195
0.0400118
0.0401041
0.0401965
0.040289
0.0403815
0.0404741
0.0405667
0.0406593
0.0407521
0.0408448
0.0409376
0.0410305
0.0411234
0.0412164
0.0413094
0.0414025
0.0414957
0.0415888
0.0416821
0.0417753
0.0418687
0.041962
0.0420555
0.0421489
0.0422425
0.042336
0.0424296
0.0425233
0.042617
0.0427108
0.0428046
0.0428984
0.0429923
0.0430863
0.0431803
0.0432743
0.0433684
0.0434625
0.0435567
0.0436509
0.0437452
0.0438395
0.0439338
0.0440282
0.0441226
0.0442171
0.0443116
0.0444062
0.0445008
0.0445955
0.0446902
0.0447849
0.0448797
0.0449745
0.0450694
0.0451643
0.0452592
0.0453542
0.0454492
0.0455443
0.0456394
0.0457346
0.0458298
0.045925
0.0460203
0.0461156
0.0462109
0.0463063
0.0464018
0.0464972
0.0465928
0.0466883
0.0467839
0.0468795
0.0469752
0.0470709
0.0471666
0.0472624
0.0473582
0.0474541
0.04755
0.0476459
0.0477419
0.0478379
0.0479339
0.04803
0.0481261
0.0482223
0.0483185
0.0484147
0.048511
0.0486073
0.0487036
0.0488
0.0488964
0.0489928
0.0490893
0.0491858
0.0492823
0.0493789
0.0494755
0.0495722
0.0496689
0.0497656
0.0498623
0.0499591
0.0500559
0.0501527
0.0502496
0.0503465
0.0504435
0.0505404
0.0506375
0.0507345
0.0508316
0.0509287
0.0510258
0.051123
0.0512201
0.0513174
0.0514146
0.0515119
0.0516092
0.0517066
0.0518039
0.0519013
0.0519988
0.0520962
0.0521937
0.0522912
0.0523887
0.0524863
0.0525839
0.0526815
0.0527792
0.0528769
0.0529746
0.0530723
0.05317
0.0532678
0.0533656
0.0534634
0.0535613
0.0536592
0.0537571
0.053855
0.053953
0.0540509
0.0541489
0.0542469
0.054345
0.0544431
0.0545411
0.0546393
0.0547374
0.0548355
0.0549337
0.0550319
0.0551301
0.0552283
0.0553266
0.0554249
0.0555232
0.0556215
0.0557198
0.0558182
0.0559165
0.0560149
0.0561133
0.0562117
0.0563102
0.0564086
0.0565071
0.0566056
0.0567041
0.0568026
0.0569011
0.0569997
0.0570982
0.0571968
0.0572954
0.057394
0.0574926
0.0575912
0.0576899
0.0577885
0.0578872
0.0579859
0.0580846
0.0581833
0.058282
0.0583807
0.0584795
0.0585782
0.058677
0.0587758
0.0588745
0.0589733
0.0590721
0.0591709
0.0592697
0.0593686
0.0594674
0.0595662
0.0596651
0.0597639
0.0598628
0.0599616
0.0600605
0.0601594
0.0602583
0.0603572
0.0604561
0.060555
0.0606539
0.0607528
0.0608517
0.0609506
0.0610495
0.0611484
0.0612474
0.0613463
0.0614452
0.0615442
0.0616431
0.061742
0.061841
0.0619399
0.0620389
0.0621378
0.0622367
0.0623357
0.0624346
0.0625336
0.0626325
0.0627315
0.0628304
0.0629294
0.0630283
0.0631272
0.0632262
0.0633251
0.063424
0.063523
0.0636219
0.0637208
0.0638197
0.0639187
0.0640176
0.0641165
0.0642154
0.0643143
0.0644132
0.0645121
0.064611
0.0647099
0.0648087
0.0649076
0.0650065
0.0651053
0.0652042
0.065303
0.0654019
0.0655007
0.0655996
0.0656984
0.0657972
0.065896
0.0659948
0.0660936
0.0661924
0.0662911
0.0663899
0.0664886
0.0665874
0.0666861
0.0667848
0.0668836
0.0669823
0.067081
0.0671796
0.0672783
0.067377
0.0674756
0.0675743
0.0676729
0.0677715
0.0678701
0.0679687
0.0680673
0.0681658
0.0682644
0.0683629
0.0684615
0.06856
0.0686585
0.068757
0.0688554
0.0689539
0.0690523
0.0691507
0.0692492
0.0693475
0.0694459
0.0695443
0.0696426
0.069741
0.0698393
0.0699376
0.0700359
0.0701341
0.0702324
0.0703306
0.0704288
0.070527
0.0706252
0.0707233
0.0708214
0.0709196
0.0710177
0.0711157
0.0712138
0.0713118
0.0714098
0.0715078
0.0716058
0.0717038
0.0718017
0.0718996
0.0719975
0.0720954
0.0721932
0.072291
0.0723888
0.0724866
0.0725844
0.0726821
0.0727798
0.0728775
0.0729752
0.0730728
0.0731704
0.073268
0.0733655
0.0734631
0.0735606
0.0736581
0.0737555
0.073853
0.0739504
0.0740477
0.0741451
0.0742424
0.0743397
0.074437
0.0745342
0.0746314
0.0747286
0.0748257
0.0749229
0.07502
0.075117
0.0752141
0.0753111
0.075408
0.075505
0.0756019
0.0756988
0.0757956
0.0758924
0.0759892
0.076086
0.0761827
0.0762794
0.076376
0.0764727
0.0765693
0.0766658
0.0767623
0.0768588
0.0769553
0.0770517
0.0771481
0.0772444
0.0773407
0.077437
0.0775332
0.0776294
0.0777256
0.0778217
0.0779178
0.0780139
0.0781099
0.0782059
0.0783018
0.0783977
0.0784936
0.0785894
0.0786852
0.078781
0.0788767
0.0789723
0.079068
0.0791636
0.0792591
0.0793546
0.0794501
0.0795455
0.0796409
0.0797362
0.0798315
0.0799268
0.080022
0.0801172
0.0802123
0.0803074
0.0804024
0.0804974
0.0805924
0.0806873
0.0807822
0.080877
0.0809718
0.0810665
0.0811612
0.0812558
0.0813504
0.081445
0.0815395
0.0816339
0.0817283
0.0818227
0.081917
0.0820113
0.0821055
0.0821997
0.0822938
0.0823879
0.0824819
0.0825759
0.0826698
0.0827637
0.0828575
0.0829513
0.083045
0.0831387
0.0832323
0.0833259
0.0834194
0.0835129
0.0836063
0.0836997
0.083793
0.0838863
0.0839795
0.0840727
0.0841658
0.0842588
0.0843519
0.0844448
0.0845377
0.0846305
0.0847233
0.0848161
0.0849088
0.0850014
0.085094
0.0851865
0.0852789
0.0853713
0.0854637
0.085556
0.0856482
0.0857404
0.0858325
0.0859246
0.0860166
0.0861086
0.0862005
0.0862923
0.0863841
0.0864758
0.0865675
0.0866591
0.0867506
0.0868421
0.0869336
0.0870249
0.0871162
0.0872075
0.0872987
0.0873898
0.0874809
0.0875719
0.0876628
0.0877537
0.0878446
0.0879353
0.088026
0.0881167
0.0882072
0.0882977
0.0883882
0.0884786
0.0885689
0.0886592
0.0887494
0.0888395
0.0889296
0.0890196
0.0891095
0.0891994
0.0892892
0.089379
0.0894687
0.0895583
0.0896478
0.0897373
0.0898267
0.0899161
0.0900054
0.0900946
0.0901837
0.0902728
0.0903618
0.0904508
0.0905397
0.0906285
0.0907172
0.0908059
0.0908945
0.0909831
0.0910715
0.0911599
0.0912483
0.0913365
0.0914247
0.0915128
0.0916009
0.0916889
0.0917768
0.0918646
0.0919524
0.0920401
0.0921277
0.0922152
0.0923027
0.0923901
0.0924775
0.0925647
0.0926519
0.092739
0.0928261
0.092913
0.0929999
0.0930867
0.0931735
0.0932601
0.0933467
0.0934333
0.0935197
0.0936061
0.0936924
0.0937786
0.0938647
0.0939508
0.0940368
0.0941227
0.0942085
0.0942943
0.0943799
0.0944655
0.0945511
0.0946365
0.0947219
0.0948072
0.0948924
0.0949775
0.0950625
0.0951475
0.0952324
0.0953172
0.0954019
0.0954866
0.0955712
0.0956556
0.0957401
0.0958244
0.0959086
0.0959928
0.0960769
0.0961609
0.0962448
0.0963286
0.0964124
0.096496
0.0965796
0.0966631
0.0967465
0.0968299
0.0969131
0.0969963
0.0970794
0.0971624
0.0972453
0.0973281
0.0974109
0.0974935
0.0975761
0.0976586
0.097741
0.0978233
0.0979055
0.0979877
0.0980697
0.0981517
0.0982336
0.0983154
0.0983971
0.0984787
0.0985602
0.0986416
0.098723
0.0988043
0.0988854
0.0989665
0.0990475
0.0991284
0.0992092
0.09929
0.0993706
0.0994512
0.0995316
0.099612
0.0996922
0.0997724
0.0998525
0.0999325
0.100012
0.100092
0.100172
0.100252
0.100331
0.100411
0.10049
0.100569
0.100648
0.100727
0.100806
0.100885
0.100964
0.101043
0.101121
0.1012
0.101278
0.101357
0.101435
0.101513
0.101591
0.101669
0.101747
0.101825
0.101902
0.10198
0.102057
0.102135
0.102212
0.102289
0.102366
0.102443
0.10252
0.102597
0.102673
0.10275
0.102826
0.102903
0.102979
0.103055
0.103131
0.103207
0.103283
0.103359
0.103435
0.10351
0.103586
0.103661
0.103736
0.103812
0.103887
0.103962
0.104037
0.104111
0.104186
0.104261
0.104335
0.104409
0.104484
0.104558
0.104632
0.104706
0.10478
0.104853
0.104927
0.105001
0.105074
0.105147
0.105221
0.105294
0.105367
0.10544
0.105513
0.105585
0.105658
0.10573
0.105803
0.105875
0.105947
0.106019
0.106091
0.106163
0.106235
0.106307
0.106378
0.106449
0.106521
0.106592
0.106663
0.106734
0.106805
0.106876
0.106946
0.107017
0.107087
0.107158
0.107228
0.107298
0.107368
0.107438
0.107514
0.107596
0.107683
0.107776
0.107875
0.107979
0.108088
0.108203
0.108323
0.108449
0.108579
0.108714
0.108854
0.108998
0.109147
0.109301
0.109459
0.109621
0.109787
0.109956
0.11013
0.110307
0.110487
0.110671
0.110858
0.111048
0.111241
0.111436
0.111634
0.111834
0.112037
0.112241
0.112448
0.112656
0.112865
0.113076
0.113289
0.113502
0.113716
0.113931
0.114147
0.114363
0.114579
0.114796
0.115012
0.115229
0.115445
0.11566
0.115875
0.116089
0.116302
0.116514
0.116725
0.116935
0.117143
0.117349
0.117554
0.117757
0.117958
0.118157
0.118353
0.118548
0.11874
0.118929
0.119116
0.1193
0.119481
0.119659
0.119834
0.120006
0.120175
0.120341
0.120503
0.120662
0.120817
0.120969
0.121118
0.121262
0.121403
0.121541
0.121674
0.121804
0.12193
0.122052
0.12217
0.122284
0.122394
0.122501
0.122603
0.122701
0.122796
0.122886
0.122973
0.123056
0.123134
0.123209
0.12328
0.123347
0.12341
0.12347
0.123525
0.123577
0.123625
0.12367
0.123711
0.123748
0.123782
0.123813
0.12384
0.123864
0.123885
0.123902
0.123917
0.123928
0.123936
0.123942
0.123944
0.123944
0.123942
0.123936
0.123929
0.123919
0.123906
0.123892
0.123875
0.123856
0.123835
0.123813
0.123788
0.123762
0.123735
0.123706
0.123676
0.123644
0.123611
0.123577
0.123542
0.123507
0.12347
0.123433
0.123395
0.123357
0.123318
0.123279
0.123239
0.1232
0.123161
0.123121
0.123082
0.123043
0.123004
0.122966
0.122928
0.122891
0.122854
0.122818
0.122783
0.122749
0.122716
0.122684
0.122653
0.122623
0.122594
0.122567
0.122541
0.122516
0.122493
0.122472
0.122452
0.122433
0.122417
0.122402
0.122389
0.122378
0.122368
0.122361
0.122355
0.122352
0.12235
0.122351
0.122353
0.122358
0.122364
0.122373
0.122384
0.122397
0.122413
0.12243
0.12245
0.122472
0.122496
0.122522
0.12255
0.122581
0.122613
0.122648
0.122685
0.122724
0.122765
0.122808
0.122854
0.122901
0.122951
0.123002
0.123055
0.123111
0.123168
0.123227
0.123288
0.12335
0.123415
0.123481
0.123549
0.123618
0.123689
0.123762
0.123836
0.123911
0.123988
0.124066
0.124146
0.124227
0.124309
0.124392
0.124476
0.124561
0.124647
0.124735
0.124823
0.124911
0.125001
0.125091
0.125182
0.125273
0.125365
0.125458
0.12555
0.125643
0.125737
0.12583
0.125924
0.126018
0.126112
0.126206
0.1263
0.126393
0.126487
0.12658
0.126673
0.126766
0.126858
0.12695
0.127041
0.127132
0.127222
0.127311
0.1274
0.127488
0.127575
0.127662
0.127747
0.127832
0.127916
0.127998
0.12808
0.12816
0.12824
0.128318
0.128395
0.128471
0.128546
0.128619
0.128691
0.128762
0.128832
0.1289
0.128966
0.129032
0.129095
0.129158
0.129219
0.129278
0.129336
0.129392
0.129447
0.129501
0.129553
0.129603
0.129652
0.129699
0.129745
0.129789
0.129831
0.129872
0.129912
0.12995
0.129986
0.130021
0.130055
0.130087
0.130117
0.130146
0.130174
0.1302
0.130225
0.130248
0.13027
0.13029
0.130309
0.130327
0.130344
0.130359
0.130373
0.130386
0.130397
0.130408
0.130417
0.130425
0.130432
0.130438
0.130443
0.130447
0.13045
0.130452
0.130453
0.130454
0.130453
0.130452
0.13045
0.130447
0.130443
0.130439
0.130434
0.130429
0.130423
0.130417
0.13041
0.130402
0.130394
0.130386
0.130378
0.130369
0.13036
0.13035
0.130341
0.130331
0.130321
0.130311
0.130301
0.130291
0.13028
0.13027
0.13026
0.13025
0.13024
0.130231
0.130221
0.130212
0.130203
0.130194
0.130185
0.130177
0.130169
0.130161
0.130154
0.130147
0.130141
0.130135
0.130129
0.130124
0.13012
0.130116
0.130112
0.13011
0.130107
0.130105
0.130104
0.130104
0.130104
0.130105
0.130106
0.130108
0.130111
0.130114
0.130118
0.130123
0.130128
0.130134
0.130141
0.130148
0.130156
0.130165
0.130175
0.130185
0.130196
0.130207
0.130219
0.130232
0.130246
0.13026
0.130275
0.13029
0.130307
0.130323
0.130341
0.130359
0.130378
0.130397
0.130417
0.130437
0.130458
0.130479
0.130501
0.130524
0.130547
0.13057
0.130594
0.130618
0.130643
0.130668
0.130694
0.13072
0.130746
0.130772
0.130799
0.130826
0.130854
0.130881
0.130909
0.130937
0.130966
0.130994
0.131023
0.131051
0.13108
0.131109
0.131138
0.131167
0.131196
0.131225
0.131254
0.131283
0.131312
0.13134
0.131369
0.131397
0.131426
0.131454
0.131482
0.13151
0.131537
0.131564
0.131591
0.131618
0.131644
0.13167
0.131696
0.131722
0.131747
0.131771
0.131795
0.131819
0.131842
0.131865
0.131888
0.131909
0.131931
0.131952
0.131972
0.131992
0.132011
0.13203
0.132048
0.132066
0.132083
0.132099
0.132115
0.13213
0.132145
0.132158
0.132172
0.132184
0.132196
0.132208
0.132218
0.132229
0.132238
0.132247
0.132255
0.132262
0.132269
0.132275
0.13228
0.132285
0.132289
0.132293
0.132295
0.132298
0.132299
0.1323
0.1323
0.1323
0.132298
0.132297
0.132294
0.132291
0.132288
0.132283
0.132279
0.132273
0.132267
0.132261
0.132254
0.132246
0.132238
0.132229
0.13222
0.13221
0.1322
0.132189
0.132178
0.132166
0.132154
0.132141
0.132128
0.132114
0.1321
0.132086
0.132071
0.132056
0.132041
0.132025
0.132009
0.131992
0.131975
0.131958
0.131941
0.131923
0.131905
0.131887
0.131869
0.13185
0.131831
0.131812
0.131793
0.131774
0.131754
0.131734
0.131715
0.131695
0.131675
0.131654
0.131634
0.131614
0.131593
0.131573
0.131552
0.131532
0.131511
0.131491
0.13147
0.13145
0.131429
0.131408
0.131388
0.131367
0.131347
0.131327
0.131306
0.131286
0.131266
0.131246
0.131226
0.131206
0.131186
0.131167
0.131147
0.131128
0.131109
0.131089
0.13107
0.131052
0.131033
0.131014
0.130996
0.130977
0.130959
0.130941
0.130923
0.130906
0.130888
0.130871
0.130853
0.130836
0.130819
0.130803
0.130786
0.13077
0.130753
0.130737
0.130721
0.130705
0.130689
0.130674
0.130658
0.130643
0.130627
0.130612
0.130597
0.130582
0.130568
0.130553
0.130538
0.130524
0.130509
0.130495
0.130481
0.130467
0.130452
0.130438
0.130424
0.13041
0.130396
0.130382
0.130369
0.130355
0.130341
0.130327
0.130313
0.130299
0.130285
0.130271
0.130257
0.130243
0.130229
0.130215
0.130201
0.130186
0.130172
0.130157
0.130143
0.130128
0.130113
0.130098
0.130083
0.130068
0.130053
0.130037
0.130021
0.130006
0.12999
0.129973
0.129957
0.12994
0.129924
0.129907
0.129889
0.129872
0.129854
0.129836
0.129818
0.1298
0.129781
0.129762
0.129743
0.129724
0.129704
0.129684
0.129664
0.129644
0.129623
0.129602
0.12958
0.129559
0.129537
0.129514
0.129492
0.129469
0.129445
0.129422
0.129398
0.129374
0.129349
0.129324
0.129299
0.129274
0.129248
0.129221
0.129195
0.129168
0.129141
0.129113
0.129085
0.129057
0.129029
0.129
0.128971
0.128941
0.128911
0.128881
0.128851
0.12882
0.128789
0.128757
0.128725
0.128693
0.128661
0.128628
0.128595
0.128561
0.128528
0.128494
0.128459
0.128425
0.12839
0.128355
0.128319
0.128284
0.128248
0.128211
0.128175
0.128138
0.128101
0.128064
0.128026
0.127988
0.12795
0.127912
0.127873
0.127835
0.127796
0.127756
0.127717
0.127677
0.127638
0.127597
0.127557
0.127517
0.127476
0.127435
0.127394
0.127353
0.127312
0.12727
0.127229
0.127187
0.127145
0.127103
0.127061
0.127018
0.126976
0.126933
0.126891
0.126848
0.126805
0.126762
0.126718
0.126675
0.126632
0.126588
0.126545
0.126501
0.126457
0.126414
0.12637
0.126326
0.126282
0.126238
0.126193
0.126149
0.126105
0.12606
0.126016
0.125972
0.125927
0.125883
0.125838
0.125793
0.125749
0.125704
0.125659
0.125615
0.12557
0.125525
0.12548
0.125435
0.12539
0.125345
0.1253
0.125255
0.12521
0.125165
0.12512
0.125075
0.12503
0.124984
0.124939
0.124894
0.124849
0.124803
0.124758
0.124713
0.124667
0.124622
0.124577
0.124531
0.124486
0.12444
0.124394
0.124349
0.124303
0.124257
0.124212
0.124166
0.12412
0.124074
0.124028
0.123982
0.123936
0.12389
0.123844
0.123797
0.123751
0.123705
0.123658
0.123612
0.123565
0.123518
0.123472
0.123425
0.123378
0.123331
0.123284
0.123236
0.123189
0.123142
0.123094
0.123047
0.122999
0.122951
0.122903
0.122855
0.122807
0.122759
0.12271
0.122662
0.122613
0.122564
0.122515
0.122466
0.122417
0.122367
0.122318
0.122268
0.122219
0.122169
0.122118
0.122068
0.122018
0.121967
0.121916
0.121866
0.121814
0.121763
0.121712
0.12166
0.121609
0.121557
0.121504
0.121452
0.1214
0.121347
0.121294
0.121241
0.121188
0.121135
0.121081
0.121027
0.120973
0.120919
0.120865
0.12081
0.120756
0.120701
0.120646
0.12059
0.120535
0.120479
0.120423
0.120367
0.120311
0.120255
0.120198
0.120141
0.120084
0.120027
0.119969
0.119912
0.119854
0.119796
0.119738
0.119679
0.119621
0.119562
0.119503
0.119444
0.119385
0.119325
0.119265
0.119206
0.119146
0.119085
0.119025
0.118964
0.118903
0.118843
0.118781
0.11872
0.118659
0.118597
0.118535
0.118473
0.118411
0.118349
0.118286
0.118224
0.118161
0.118098
0.118035
0.117972
0.117908
0.117845
0.117781
0.117717
0.117653
0.117589
0.117525
0.11746
0.117396
0.117331
0.117266
0.117201
0.117136
0.117071
0.117006
0.11694
0.116875
0.116809
0.116743
0.116677
0.116611
0.116545
0.116479
0.116412
0.116346
0.116279
0.116212
0.116146
0.116079
0.116012
0.115945
0.115877
0.11581
0.115743
0.115675
0.115608
0.11554
0.115472
0.115405
0.115337
0.115269
0.115201
0.115132
0.115064
0.114996
0.114927
0.114859
0.11479
0.114722
0.114653
0.114584
0.114515
0.114446
0.114377
0.114308
0.114239
0.11417
0.1141
0.114031
0.113962
0.113892
0.113822
0.113753
0.113683
0.113613
0.113543
0.113473
0.113403
0.113333
0.113263
0.113193
0.113123
0.113052
0.112982
0.112911
0.112841
0.11277
0.112699
0.112629
0.112558
0.112487
0.112416
0.112345
0.112274
0.112202
0.112131
0.11206
0.111988
0.111917
0.111845
0.111773
0.111702
0.11163
0.111558
0.111486
0.111414
0.111342
0.111269
0.111197
0.111125
0.111052
0.110979
0.110907
0.110834
0.110761
0.110688
0.110615
0.110542
0.110469
0.110395
0.110322
0.110248
0.110175
0.110101
0.110027
0.109953
0.109879
0.109805
0.109731
0.109657
0.109582
0.109508
0.109433
0.109359
0.109284
0.109209
0.109134
0.109059
0.108983
0.108908
0.108833
0.108757
0.108681
0.108605
0.10853
0.108454
0.108377
0.108301
0.108225
0.108148
0.108072
0.107995
0.107918
0.107841
0.107764
0.107687
0.10761
0.107532
0.107455
0.107377
0.107299
0.107221
0.107143
0.107065
0.106987
0.106909
0.10683
0.106752
0.106673
0.106594
0.106515
0.106436
0.106357
0.106278
0.106198
0.106119
0.106039
0.105959
0.105879
0.105799
0.105719
0.105639
0.105559
0.105478
0.105398
0.105317
0.105236
0.105155
0.105074
0.104993
0.104912
0.104831
0.104749
0.104668
0.104586
0.104504
0.104422
0.10434
0.104258
0.104176
0.104094
0.104011
0.103929
0.103846
0.103763
0.103681
0.103598
0.103515
0.103432
0.103348
0.103265
0.103182
0.103098
0.103015
0.102931
0.102847
0.102763
0.102679
0.102595
0.102511
0.102427
0.102343
0.102258
0.102174
0.102089
0.102004
0.10192
0.101835
0.10175
0.101665
0.10158
0.101495
0.101409
0.101324
0.101239
0.101153
0.101068
0.100982
0.100897
0.100811
0.100725
0.100639
0.100553
0.100467
0.100381
0.100295
0.100208
0.100122
0.100036
0.0999493
0.0998628
0.0997762
0.0996896
0.0996029
0.0995161
0.0994292
0.0993423
0.0992554
0.0991683
0.0990812
0.0989941
0.0989069
0.0988196
0.0987323
0.0986449
0.0985574
0.0984699
0.0983824
0.0982947
0.098207
0.0981193
0.0980315
0.0979436
0.0978557
0.0977678
0.0976797
0.0975917
0.0975035
0.0974153
0.0973271
0.0972388
0.0971504
0.097062
0.0969735
0.096885
0.0967964
0.0967078
0.0966191
0.0965303
0.0964415
0.0963526
0.0962637
0.0961748
0.0960857
0.0959967
0.0959075
0.0958183
0.0957291
0.0956398
0.0955504
0.095461
0.0953715
0.095282
0.0951924
0.0951028
0.0950131
0.0949234
0.0948336
0.0947437
0.0946538
0.0945638
0.0944738
0.0943837
0.0942936
0.0942034
0.0941131
0.0940228
0.0939324
0.093842
0.0937515
0.0936609
0.0935703
0.0934797
0.0933889
0.0932982
0.0932073
0.0931164
0.0930254
0.0929344
0.0928433
0.0927522
0.092661
0.0925698
0.0924784
0.0923871
0.0922956
0.0922041
0.0921126
0.0920209
0.0919293
0.0918375
0.0917457
0.0916539
0.0915619
0.0914699
0.0913779
0.0912858
0.0911936
0.0911014
0.0910091
0.0909168
0.0908243
0.0907319
0.0906393
0.0905467
0.0904541
0.0903614
0.0902686
0.0901758
0.0900829
0.0899899
0.0898969
0.0898038
0.0897107
0.0896175
0.0895242
0.0894309
0.0893375
0.0892441
0.0891506
0.089057
0.0889634
0.0888697
0.088776
0.0886822
0.0885884
0.0884944
0.0884005
0.0883065
0.0882124
0.0881182
0.0880241
0.0879298
0.0878355
0.0877411
0.0876467
0.0875523
0.0874577
0.0873632
0.0872685
0.0871739
0.0870791
0.0869843
0.0868895
0.0867946
0.0866996
0.0866046
0.0865096
0.0864145
0.0863194
0.0862242
0.0861289
0.0860336
0.0859383
0.0858429
0.0857474
0.085652
0.0855564
0.0854608
0.0853652
0.0852696
0.0851738
0.0850781
0.0849823
0.0848864
0.0847906
0.0846946
0.0845987
0.0845026
0.0844066
0.0843105
0.0842144
0.0841182
0.084022
0.0839257
0.0838294
0.0837331
0.0836367
0.0835403
0.0834439
0.0833474
0.0832509
0.0831544
0.0830578
0.0829612
0.0828645
0.0827678
0.0826711
0.0825744
0.0824776
0.0823808
0.082284
0.0821871
0.0820902
0.0819933
0.0818963
0.0817993
0.0817023
0.0816053
0.0815082
0.0814111
0.081314
0.0812168
0.0811196
0.0810224
0.0809252
0.0808279
0.0807306
0.0806333
0.080536
0.0804386
0.0803413
0.0802438
0.0801464
0.080049
0.0799515
0.079854
0.0797565
0.079659
0.0795614
0.0794638
0.0793662
0.0792686
0.0791709
0.0790733
0.0789756
0.0788779
0.0787802
0.0786824
0.0785847
0.0784869
0.0783891
0.0782913
0.0781935
0.0780956
0.0779977
0.0778999
0.077802
0.077704
0.0776061
0.0775081
0.0774102
0.0773122
0.0772142
0.0771162
0.0770181
0.0769201
0.076822
0.0767239
0.0766258
0.0765277
0.0764296
0.0763314
0.0762333
0.0761351
0.0760369
0.0759387
0.0758405
0.0757423
0.075644
0.0755457
0.0754475
0.0753492
0.0752509
0.0751526
0.0750542
0.0749559
0.0748575
0.0747592
0.0746608
0.0745624
0.074464
0.0743656
0.0742671
0.0741687
0.0740702
0.0739717
0.0738733
0.0737748
0.0736762
0.0735777
0.0734792
0.0733806
0.0732821
0.0731835
0.0730849
0.0729863
0.0728877
0.0727891
0.0726905
0.0725919
0.0724932
0.0723946
0.0722959
0.0721972
0.0720985
0.0719998
0.0719011
0.0718024
0.0717037
0.071605
0.0715062
0.0714075
0.0713087
0.0712099
0.0711112
0.0710124
0.0709136
0.0708148
0.070716
0.0706171
0.0705183
0.0704195
0.0703206
0.0702218
0.0701229
0.0700241
0.0699252
0.0698263
0.0697275
0.0696286
0.0695297
0.0694308
0.0693319
0.069233
0.0691341
0.0690352
0.0689363
0.0688373
0.0687384
0.0686395
0.0685406
0.0684416
0.0683427
0.0682438
0.0681448
0.0680459
0.067947
0.067848
0.0677491
0.0676501
0.0675512
0.0674523
0.0673533
0.0672544
0.0671555
0.0670565
0.0669576
0.0668587
0.0667597
0.0666608
0.0665619
0.066463
0.066364
0.0662651
0.0661662
0.0660673
0.0659684
0.0658695
0.0657706
0.0656718
0.0655729
0.065474
0.0653752
0.0652763
0.0651775
0.0650786
0.0649798
0.064881
0.0647822
0.0646833
0.0645846
0.0644858
0.064387
0.0642882
0.0641895
0.0640907
0.063992
0.0638933
0.0637946
0.0636959
0.0635972
0.0634985
0.0633999
0.0633012
0.0632026
0.063104
0.0630054
0.0629068
0.0628082
0.0627097
0.0626112
0.0625126
0.0624141
0.0623156
0.0622172
0.0621187
0.0620203
0.0619219
0.0618235
0.0617251
0.0616267
0.0615284
0.0614301
0.0613318
0.0612335
0.0611352
0.061037
0.0609388
0.0608406
0.0607424
0.0606442
0.0605461
0.060448
0.0603499
0.0602518
0.0601538
0.0600558
0.0599578
0.0598598
0.0597619
0.0596639
0.059566
0.0594682
0.0593703
0.0592725
0.0591747
0.0590769
0.0589792
0.0588814
0.0587838
0.0586861
0.0585884
0.0584908
0.0583932
0.0582957
0.0581982
0.0581007
0.0580032
0.0579057
0.0578083
0.0577109
0.0576136
0.0575162
0.0574189
0.0573217
0.0572244
0.0571272
0.05703
0.0569329
0.0568358
0.0567387
0.0566416
0.0565446
0.0564476
0.0563507
0.0562537
0.0561568
0.05606
0.0559631
0.0558663
0.0557696
0.0556728
0.0555761
0.0554795
0.0553828
0.0552863
0.0551897
0.0550932
0.0549967
0.0549002
0.0548038
0.0547074
0.054611
0.0545147
0.0544184
0.0543222
0.054226
0.0541298
0.0540336
0.0539375
0.0538415
0.0537454
0.0536494
0.0535535
0.0534576
0.0533617
0.0532659
0.05317
0.0530743
0.0529786
0.0528829
0.0527872
0.0526916
0.052596
0.0525005
0.052405
0.0523095
0.0522141
0.0521188
0.0520234
0.0519281
0.0518329
0.0517377
0.0516425
0.0515474
0.0514523
0.0513572
0.0512622
0.0511673
0.0510724
0.0509775
0.0508827
0.0507879
0.0506931
0.0505984
0.0505038
0.0504092
0.0503146
0.0502201
0.0501256
0.0500312
0.0499368
0.0498424
0.0497481
0.0496539
0.0495597
0.0494655
0.0493714
0.0492773
0.0491833
0.0490893
0.0489954
0.0489015
0.0488077
0.0487139
0.0486202
0.0485265
0.0484329
0.0483393
0.0482458
0.0481523
0.0480588
0.0479654
0.0478721
0.0477788
0.0476856
0.0475924
0.0474993
0.0474062
0.0473132
0.0472202
0.0471273
0.0470344
0.0469416
0.0468488
0.0467561
0.0466635
0.0465709
0.0464783
0.0463858
0.0462934
0.046201
0.0461087
0.0460164
0.0459242
0.045832
0.0457399
0.0456479
0.0455559
0.0454639
0.0453721
0.0452803
0.0451885
0.0450968
0.0450051
0.0449136
0.044822
0.0447306
0.0446392
0.0445478
0.0444565
0.0443653
0.0442741
0.044183
0.044092
0.044001
0.0439101
0.0438192
0.0437284
0.0436377
0.043547
0.0434564
0.0433658
0.0432753
0.0431849
0.0430946
0.0430043
0.042914
0.0428239
0.0427338
0.0426437
0.0425538
0.0424638
0.042374
0.0422842
0.0421945
0.0421049
0.0420153
0.0419258
0.0418364
0.041747
0.0416577
0.0415684
0.0414793
0.0413902
0.0413011
0.0412121
0.0411232
0.0410344
0.0409457
0.040857
0.0407684
0.0406798
0.0405913
0.0405029
0.0404146
0.0403263
0.0402381
0.04015
0.0400619
0.0399739
0.039886
0.0397982
0.0397104
0.0396227
0.0395351
0.0394476
0.0393601
0.0392727
0.0391854
0.0390981
0.0390109
0.0389238
0.0388368
0.0387498
0.0386629
0.0385761
0.0384894
0.0384027
0.0383162
0.0382297
0.0381432
0.0380569
0.0379706
0.0378844
0.0377983
0.0377122
0.0376263
0.0375404
0.0374546
0.0373688
0.0372832
0.0371976
0.0371121
0.0370267
0.0369413
0.036856
0.0367709
0.0366858
0.0366007
0.0365158
0.0364309
0.0363461
0.0362614
0.0361768
0.0360922
0.0360078
0.0359234
0.0358391
0.0357549
0.0356707
0.0355867
0.0355027
0.0354188
0.035335
0.0352513
0.0351676
0.035084
0.0350006
0.0349172
0.0348339
0.0347506
0.0346675
0.0345844
0.0345014
0.0344185
0.0343357
0.034253
0.0341704
0.0340878
0.0340053
0.033923
0.0338407
0.0337585
0.0336763
0.0335943
0.0335123
0.0334305
0.0333487
0.033267
0.0331854
0.0331039
0.0330225
0.0329411
0.0328599
0.0327787
0.0326976
0.0326167
0.0325358
0.0324549
0.0323742
0.0322936
0.0322131
0.0321326
0.0320523
0.031972
0.0318918
0.0318117
0.0317317
0.0316518
0.031572
0.0314923
0.0314126
0.0313331
0.0312537
0.0311743
0.031095
0.0310159
0.0309368
0.0308578
0.0307789
0.0307001
0.0306214
0.0305428
0.0304643
0.0303859
0.0303076
0.0302293
0.0301512
0.0300731
0.0299952
0.0299173
0.0298396
0.0297619
0.0296844
0.0296069
0.0295295
0.0294523
0.0293751
0.029298
0.029221
0.0291441
0.0290673
0.0289907
0.0289141
0.0288376
0.0287612
0.0286849
0.0286087
0.0285326
0.0284566
0.0283807
0.0283049
0.0282292
0.0281536
0.0280781
0.0280027
0.0279274
0.0278522
0.0277771
0.0277021
0.0276272
0.0275524
0.0274778
0.0274032
0.0273287
0.0272543
0.02718
0.0271058
0.0270318
0.0269578
0.0268839
0.0268102
0.0267365
0.026663
0.0265895
0.0265162
0.0264429
0.0263698
0.0262967
0.0262238
0.026151
0.0260783
0.0260057
0.0259332
0.0258608
0.0257885
0.0257163
0.0256442
0.0255722
0.0255004
0.0254286
0.025357
0.0252854
0.025214
0.0251426
0.0250714
0.0250003
0.0249293
0.0248584
0.0247876
0.024717
0.0246464
0.0245759
0.0245056
0.0244353
0.0243652
0.0242952
0.0242253
0.0241555
0.0240858
0.0240162
0.0239467
0.0238774
0.0238081
0.023739
0.02367
0.0236011
0.0235323
0.0234636
0.023395
0.0233265
0.0232582
0.02319
0.0231218
0.0230538
0.0229859
0.0229181
0.0228505
0.0227829
0.0227155
0.0226481
0.0225809
0.0225138
0.0224468
0.02238
0.0223132
0.0222466
0.02218
0.0221136
0.0220473
0.0219811
0.0219151
0.0218491
0.0217833
0.0217176
0.021652
0.0215865
0.0215211
0.0214559
0.0213907
0.0213257
0.0212608
0.021196
0.0211314
0.0210668
0.0210024
0.0209381
0.0208739
0.0208098
0.0207459
0.020682
0.0206183
0.0205547
0.0204912
0.0204279
0.0203646
0.0203015
0.0202385
0.0201756
0.0201128
0.0200502
0.0199877
0.0199253
0.019863
0.0198008
0.0197388
0.0196769
0.0196151
0.0195534
0.0194918
0.0194304
0.0193691
0.0193079
0.0192468
0.0191859
0.0191251
0.0190644
0.0190038
0.0189433
0.018883
0.0188228
0.0187627
0.0187028
0.0186429
0.0185832
0.0185236
0.0184641
0.0184048
0.0183456
0.0182865
0.0182275
0.0181687
0.01811
0.0180514
0.0179929
0.0179345
0.0178763
0.0178182
0.0177603
0.0177024
0.0176447
0.0175871
0.0175296
0.0174723
0.0174151
0.017358
0.0173011
0.0172442
0.0171875
0.0171309
0.0170745
0.0170182
0.016962
0.0169059
0.01685
0.0167942
0.0167385
0.0166829
0.0166275
0.0165722
0.0165171
0.016462
0.0164071
0.0163523
0.0162977
0.0162432
0.0161888
0.0161345
0.0160804
0.0160264
0.0159725
0.0159188
0.0158652
0.0158117
0.0157583
0.0157051
0.015652
0.0155991
0.0155462
0.0154936
0.015441
0.0153886
0.0153363
0.0152841
0.0152321
0.0151802
0.0151284
0.0150768
0.0150253
0.0149739
0.0149226
0.0148715
0.0148206
0.0147697
0.014719
0.0146685
0.014618
0.0145677
0.0145175
0.0144675
0.0144176
0.0143678
0.0143182
0.0142687
0.0142193
0.0141701
0.014121
0.0140721
0.0140232
0.0139745
0.013926
0.0138776
0.0138293
0.0137811
0.0137331
0.0136853
0.0136375
0.0135899
0.0135425
0.0134951
0.0134479
0.0134009
0.013354
0.0133072
0.0132605
0.013214
0.0131677
0.0131214
0.0130753
0.0130294
0.0129836
0.0129379
0.0128923
0.0128469
0.0128017
0.0127565
0.0127115
0.0126667
0.012622
0.0125774
0.012533
0.0124887
0.0124445
0.0124005
0.0123566
0.0123129
0.0122693
0.0122258
0.0121825
0.0121393
0.0120963
0.0120534
0.0120106
0.011968
0.0119255
0.0118832
0.011841
0.0117989
0.011757
0.0117152
0.0116736
0.0116321
0.0115907
0.0115495
0.0115084
0.0114675
0.0114267
0.0113861
0.0113456
0.0113052
0.011265
0.0112249
0.011185
0.0111452
0.0111055
0.011066
0.0110267
0.0109874
0.0109484
0.0109094
0.0108706
0.010832
0.0107935
0.0107551
0.0107169
0.0106788
0.0106409
0.0106031
0.0105654
0.0105279
0.0104906
0.0104533
0.0104163
0.0103793
0.0103426
0.0103059
0.0102694
0.0102331
0.0101969
0.0101608
0.0101249
0.0100891
0.0100535
0.010018
0.00998267
0.00994747
0.00991243
0.00987753
0.00984277
0.00980816
0.0097737
0.00973938
0.0097052
0.00967118
0.00963729
0.00960356
0.00956997
0.00953653
0.00950323
0.00947008
0.00943707
0.00940422
0.0093715
0.00933894
0.00930652
0.00927425
0.00924213
0.00921015
0.00917832
0.00914664
0.0091151
0.00908371
0.00905247
0.00902138
0.00899043
0.00895963
0.00892898
0.00889848
0.00886813
0.00883792
0.00880786
0.00877795
0.00874818
0.00871857
0.0086891
0.00865978
0.00863061
0.00860159
0.00857272
0.008544
0.00851542
0.00848699
0.00845872
0.00843059
0.00840261
0.00837477
0.00834709
0.00831956
0.00829218
0.00826494
0.00823786
0.00821092
0.00818414
0.0081575
0.00813101
0.00810468
0.00807849
0.00805245
0.00802657
0.00800083
0.00797524
0.00794981
0.00792452
0.00789938
0.0078744
0.00784956
0.00782488
0.00780034
0.00777596
0.00775172
0.00772764
0.00770371
0.00767993
0.0076563
0.00763282
0.00760949
0.00758631
0.00756328
0.00754041
0.00751769
0.00749511
0.00747269
0.00745042
0.0074283
0.00740634
0.00738452
0.00736286
0.00734134
0.00731998
0.00729878
0.00727772
0.00725681
0.00723606
0.00721546
0.00719501
0.00717471
0.00715457
0.00713458
0.00711474
0.00709505
0.00707551
0.00705613
0.0070369
0.00701782
0.0069989
0.00698012
0.0069615
0.00694304
0.00692472
0.00690656
0.00688855
0.00687069
0.00685299
0.00683544
0.00681804
0.0068008
0.0067837
0.00676677
0.00674998
0.00673335
0.00671687
0.00670055
0.00668437
0.00666835
0.00665249
0.00663678
0.00662122
0.00660581
0.00659056
0.00657547
0.00656052
0.00654573
0.00653109
0.00651661
0.00650228
0.00648811
0.00647409
0.00646022
0.00644651
0.00643295
0.00641954
0.00640629
0.00639319
0.00638025
0.00636746
0.00635482
0.00634234
0.00633002
0.00631784
0.00630583
0.00629396
0.00628225
0.0062707
0.0062593
0.00624805
0.00623696
0.00622602
0.00621524
0.00620461
0.00619414
0.00618382
0.00617365
0.00616364
0.00615379
0.00614409
0.00613454
0.00612515
0.00611591
0.00610683
0.0060979
0.00608913
0.00608051
0.00607205
0.00606374
0.00605559
0.00604759
0.00603975
0.00603206
0.00602453
0.00601715
0.00600992
0.00600286
0.00599594
0.00598919
0.00598258
0.00597613
0.00596984
0.0059637
0.00595772
0.00595189
0.00594622
0.0059407
0.00593534
0.00593013
0.00592508
0.00592019
0.00591544
0.00591086
0.00590643
0.00590215
0.00589803
0.00589407
0.00589026
0.0058866
0.0058831
0.00587976
0.00587657
0.00587354
0.00587066
0.00586794
0.00586537
0.00586296
0.0058607
0.0058586
0.00585665
0.00585486
0.00585323
0.00585175
0.00585042
0.00584925
0.00584824
0.00584738
0.00584668
0.00584613
0.00584574
0.0058455
0.00584542
0.0058455
0.00584573
0.00584611
0.00584665
0.00584735
0.0058482
0.0058492
0.00585037
0.00585168
0.00585315
0.00585478
0.00585657
0.0058585
0.0058606
0.00586285
0.00586525
0.00586781
0.00587053
0.0058734
0.00587643
0.00587961
0.00588294
0.00588644
0.00589008
0.00589389
0.00589784
0.00590196
0.00590622
0.00591065
0.00591523
0.00591996
0.00592485
0.00592989
0.00593509
0.00594045
0.00594596
0.00595162
0.00595745
0.00596342
0.00596955
0.00597584
0.00598228
0.00598887
0.00599562
0.00600253
0.00600959
0.00601681
0.00602418
0.0060317
0.00603939
0.00604722
0.00605521
0.00606336
0.00607166
0.00608011
0.00608872
0.00609749
0.00610641
0.00611548
0.00612471
0.0061341
0.00614363
0.00615333
0.00616318
0.00617318
0.00618334
0.00619365
0.00620411
0.00621474
0.00622551
0.00623644
0.00624753
0.00625876
0.00627016
0.00628171
0.00629341
0.00630526
0.00631727
0.00632944
0.00634176
0.00635423
0.00636686
0.00637964
0.00639258
0.00640567
0.00641891
0.00643231
0.00644586
0.00645956
0.00647342
0.00648744
0.00650161
0.00651593
0.0065304
0.00654503
0.00655981
0.00657475
0.00658984
0.00660508
0.00662048
0.00663603
0.00665173
0.00666759
0.0066836
0.00669976
0.00671608
0.00673255
0.00674918
0.00676595
0.00678288
0.00679997
0.0068172
0.00683459
0.00685213
0.00686983
0.00688768
0.00690568
0.00692383
0.00694214
0.0069606
0.00697921
0.00699797
0.00701689
0.00703596
0.00705518
0.00707456
0.00709409
0.00711376
0.0071336
0.00715358
0.00717372
0.007194
0.00721445
0.00723504
0.00725578
0.00727668
0.00729773
0.00731893
0.00734028
0.00736178
0.00738344
0.00740524
0.0074272
0.00744931
0.00747157
0.00749399
0.00751655
0.00753927
0.00756213
0.00758515
0.00760832
0.00763164
0.00765511
0.00767873
0.00770251
0.00772643
0.0077505
0.00777473
0.0077991
0.00782363
0.00784831
0.00787314
0.00789811
0.00792324
0.00794852
0.00797395
0.00799953
0.00802526
0.00805114
0.00807716
0.00810334
0.00812967
0.00815615
0.00818278
0.00820956
0.00823648
0.00826356
0.00829079
0.00831816
0.00834569
0.00837336
0.00840118
0.00842916
0.00845728
0.00848555
0.00851397
0.00854254
0.00857125
0.00860012
0.00862913
0.0086583
0.00868761
0.00871707
0.00874668
0.00877643
0.00880634
0.00883639
0.00886659
0.00889694
0.00892743
0.00895808
0.00898887
0.00901981
0.0090509
0.00908213
0.00911351
0.00914504
0.00917672
0.00920854
0.00924051
0.00927263
0.0093049
0.00933731
0.00936987
0.00940257
0.00943542
0.00946842
0.00950157
0.00953486
0.0095683
0.00960188
0.00963561
0.00966949
0.00970351
0.00973767
0.00977199
0.00980645
0.00984105
0.0098758
0.0099107
0.00994574
0.00998093
0.0100163
0.0100517
0.0100874
0.0101231
0.010159
0.0101951
0.0102313
0.0102676
0.0103041
0.0103408
0.0103775
0.0104145
0.0104515
0.0104887
0.0105261
0.0105636
0.0106012
0.010639
0.010677
0.010715
0.0107533
0.0107916
0.0108301
0.0108688
0.0109076
0.0109465
0.0109856
0.0110248
0.0110641
0.0111036
0.0111433
0.0111831
0.011223
0.0112631
0.0113033
0.0113437
0.0113842
0.0114248
0.0114656
0.0115065
0.0115476
0.0115888
0.0116301
0.0116716
0.0117132
0.011755
0.0117969
0.011839
0.0118812
0.0119235
0.011966
0.0120086
0.0120513
0.0120942
0.0121373
0.0121804
0.0122238
0.0122672
0.0123108
0.0123545
0.0123984
0.0124424
0.0124866
0.0125309
0.0125753
0.0126199
0.0126646
0.0127094
0.0127544
0.0127995
0.0128448
0.0128902
0.0129357
0.0129814
0.0130272
0.0130731
0.0131192
0.0131654
0.0132118
0.0132583
0.0133049
0.0133517
0.0133986
0.0134457
0.0134929
0.0135402
0.0135876
0.0136352
0.013683
0.0137308
0.0137788
0.013827
0.0138752
0.0139236
0.0139722
0.0140209
0.0140697
0.0141186
0.0141677
0.0142169
0.0142663
0.0143158
0.0143654
0.0144152
0.014465
0.0145151
0.0145652
0.0146155
0.014666
0.0147165
0.0147672
0.014818
0.014869
0.0149201
0.0149713
0.0150227
0.0150742
0.0151258
0.0151776
0.0152295
0.0152815
0.0153336
0.0153859
0.0154383
0.0154909
0.0155436
0.0155964
0.0156493
0.0157024
0.0157556
0.015809
0.0158624
0.015916
0.0159698
0.0160236
0.0160776
0.0161317
0.016186
0.0162404
0.0162949
0.0163495
0.0164043
0.0164592
0.0165142
0.0165694
0.0166247
0.0166801
0.0167356
0.0167913
0.0168471
0.016903
0.0169591
0.0170153
0.0170716
0.017128
0.0171846
0.0172413
0.0172981
0.0173551
0.0174121
0.0174693
0.0175267
0.0175841
0.0176417
0.0176994
0.0177573
0.0178152
0.0178733
0.0179315
0.0179899
0.0180483
0.0181069
0.0181656
0.0182245
0.0182835
0.0183425
0.0184018
0.0184611
0.0185206
0.0185801
0.0186399
0.0186997
0.0187597
0.0188197
0.0188799
0.0189403
0.0190007
0.0190613
0.019122
0.0191828
0.0192438
0.0193048
0.019366
0.0194273
0.0194888
0.0195503
0.019612
0.0196738
0.0197357
0.0197978
0.0198599
0.0199222
0.0199846
0.0200471
0.0201098
0.0201725
0.0202354
0.0202984
0.0203615
0.0204248
0.0204881
0.0205516
0.0206152
0.0206789
0.0207428
0.0208067
0.0208708
0.020935
0.0209993
0.0210637
0.0211283
0.021193
0.0212577
0.0213226
0.0213877
0.0214528
0.021518
0.0215834
0.0216489
0.0217145
0.0217802
0.021846
0.021912
0.0219781
0.0220442
0.0221105
0.022177
0.0222435
0.0223101
0.0223769
0.0224437
0.0225107
0.0225778
0.022645
0.0227124
0.0227798
0.0228474
0.022915
0.0229828
0.0230507
0.0231187
0.0231868
0.0232551
0.0233234
0.0233919
0.0234605
0.0235291
0.0235979
0.0236668
0.0237359
0.023805
0.0238742
0.0239436
0.024013
0.0240826
0.0241523
0.0242221
0.024292
0.024362
0.0244321
0.0245024
0.0245727
0.0246431
0.0247137
0.0247844
0.0248551
0.024926
0.024997
0.0250681
0.0251393
0.0252107
0.0252821
0.0253536
0.0254253
0.025497
0.0255689
0.0256408
0.0257129
0.0257851
0.0258573
0.0259297
0.0260022
0.0260748
0.0261475
0.0262203
0.0262932
0.0263663
0.0264394
0.0265126
0.0265859
0.0266594
0.0267329
0.0268066
0.0268803
0.0269542
0.0270281
0.0271022
0.0271763
0.0272506
0.027325
0.0273994
0.027474
0.0275487
0.0276235
0.0276983
0.0277733
0.0278484
0.0279236
0.0279989
0.0280742
0.0281497
0.0282253
0.028301
0.0283768
0.0284527
0.0285286
0.0286047
0.0286809
0.0287572
0.0288336
0.02891
0.0289866
0.0290633
0.0291401
0.0292169
0.0292939
0.029371
0.0294481
0.0295254
0.0296028
0.0296802
0.0297578
0.0298354
0.0299132
0.029991
0.0300689
0.030147
0.0302251
0.0303033
0.0303816
0.03046
0.0305385
0.0306172
0.0306958
0.0307746
0.0308535
0.0309325
0.0310116
0.0310907
0.03117
0.0312493
0.0313288
0.0314083
0.0314879
0.0315677
0.0316475
0.0317274
0.0318074
0.0318875
0.0319676
0.0320479
0.0321283
0.0322087
0.0322893
0.0323699
0.0324506
0.0325314
0.0326123
0.0326933
0.0327744
0.0328556
0.0329368
0.0330182
0.0330996
0.0331811
0.0332627
0.0333444
0.0334262
0.0335081
0.03359
0.0336721
0.0337542
0.0338364
0.0339187
0.0340011
0.0340836
0.0341662
0.0342488
0.0343316
0.0344144
0.0344973
0.0345803
0.0346633
0.0347465
0.0348297
0.0349131
0.0349965
0.03508
0.0351635
0.0352472
0.0353309
0.0354148
0.0354987
0.0355827
0.0356667
0.0357509
0.0358351
0.0359194
0.0360038
0.0360883
0.0361729
0.0362575
0.0363422
0.036427
0.0365119
0.0365969
0.0366819
0.036767
0.0368522
0.0369375
0.0370229
0.0371083
0.0371938
0.0372794
0.0373651
0.0374508
0.0375367
0.0376226
0.0377085
0.0377946
0.0378807
0.0379669
0.0380532
0.0381396
0.038226
0.0383125
0.0383991
0.0384858
0.0385725
0.0386593
0.0387462
0.0388332
0.0389202
0.0390073
0.0390945
0.0391817
0.0392691
0.0393565
0.0394439
0.0395315
0.0396191
0.0397068
0.0397946
0.0398824
0.0399703
0.0400583
0.0401463
0.0402344
0.0403226
0.0404109
0.0404992
0.0405876
0.0406761
0.0407646
0.0408532
0.0409419
0.0410306
0.0411195
0.0412083
0.0412973
0.0413863
0.0414754
0.0415646
0.0416538
0.0417431
0.0418324
0.0419218
0.0420113
0.0421009
0.0421905
0.0422802
0.0423699
0.0424598
0.0425496
0.0426396
0.0427296
0.0428197
0.0429098
0.043
0.0430903
0.0431806
0.043271
0.0433615
0.043452
0.0435426
0.0436332
0.0437239
0.0438147
0.0439055
0.0439964
0.0440874
0.0441784
0.0442695
0.0443606
0.0444518
0.044543
0.0446344
0.0447257
0.0448172
0.0449087
0.0450002
0.0450918
0.0451835
0.0452752
0.045367
0.0454589
0.0455508
0.0456427
0.0457347
0.0458268
0.045919
0.0460111
0.0461034
0.0461957
0.046288
0.0463805
0.0464729
0.0465655
0.046658
0.0467507
0.0468433
0.0469361
0.0470289
0.0471217
0.0472146
0.0473076
0.0474006
0.0474937
0.0475868
0.0476799
0.0477732
0.0478664
0.0479598
0.0480531
0.0481466
0.04824
0.0483336
0.0484271
0.0485208
0.0486144
0.0487082
0.048802
0.0488958
0.0489897
0.0490836
0.0491776
0.0492716
0.0493657
0.0494598
0.0495539
0.0496482
0.0497424
0.0498367
0.0499311
0.0500255
0.0501199
0.0502144
0.050309
0.0504036
0.0504982
0.0505929
0.0506876
0.0507824
0.0508772
0.050972
0.0510669
0.0511619
0.0512569
0.0513519
0.051447
0.0515421
0.0516372
0.0517324
0.0518277
0.051923
0.0520183
0.0521137
0.0522091
0.0523045
0.0524
0.0524956
0.0525911
0.0526867
0.0527824
0.0528781
0.0529738
0.0530696
0.0531654
0.0532613
0.0533571
0.0534531
0.053549
0.053645
0.0537411
0.0538371
0.0539333
0.0540294
0.0541256
0.0542218
0.0543181
0.0544144
0.0545107
0.0546071
0.0547035
0.0547999
0.0548964
0.0549929
0.0550894
0.055186
0.0552826
0.0553792
0.0554759
0.0555726
0.0556693
0.0557661
0.0558629
0.0559598
0.0560566
0.0561535
0.0562504
0.0563474
0.0564444
0.0565414
0.0566385
0.0567356
0.0568327
0.0569298
0.057027
0.0571242
0.0572214
0.0573187
0.057416
0.0575133
0.0576106
0.057708
0.0578054
0.0579028
0.0580003
0.0580977
0.0581952
0.0582928
0.0583903
0.0584879
0.0585855
0.0586831
0.0587808
0.0588785
0.0589762
0.0590739
0.0591717
0.0592695
0.0593673
0.0594651
0.0595629
0.0596608
0.0597587
0.0598566
0.0599546
0.0600525
0.0601505
0.0602485
0.0603466
0.0604446
0.0605427
0.0606408
0.0607389
0.060837
0.0609351
0.0610333
0.0611315
0.0612297
0.0613279
0.0614262
0.0615244
0.0616227
0.061721
0.0618193
0.0619177
0.062016
0.0621144
0.0622128
0.0623112
0.0624096
0.062508
0.0626064
0.0627049
0.0628034
0.0629019
0.0630004
0.0630989
0.0631974
0.063296
0.0633946
0.0634931
0.0635917
0.0636903
0.0637889
0.0638876
0.0639862
0.0640849
0.0641835
0.0642822
0.0643809
0.0644796
0.0645783
0.064677
0.0647757
0.0648745
0.0649732
0.065072
0.0651707
0.0652695
0.0653683
0.0654671
0.0655659
0.0656647
0.0657635
0.0658624
0.0659612
0.06606
0.0661589
0.0662577
0.0663566
0.0664555
0.0665543
0.0666532
0.0667521
0.066851
0.0669499
0.0670488
0.0671477
0.0672466
0.0673455
0.0674444
0.0675433
0.0676422
0.0677411
0.0678401
0.067939
0.0680379
0.0681369
0.0682358
0.0683347
0.0684337
0.0685326
0.0686315
0.0687305
0.0688294
0.0689284
0.0690273
0.0691262
0.0692252
0.0693241
0.069423
0.069522
0.0696209
0.0697198
0.0698188
0.0699177
0.0700166
0.0701155
0.0702145
0.0703134
0.0704123
0.0705112
0.0706101
0.070709
0.0708079
0.0709068
0.0710056
0.0711045
0.0712034
0.0713023
0.0714011
0.0715
0.0715988
0.0716977
0.0717965
0.0718953
0.0719941
0.0720929
0.0721917
0.0722905
0.0723893
0.0724881
0.0725869
0.0726856
0.0727844
0.0728831
0.0729818
0.0730806
0.0731793
0.073278
0.0733767
0.0734753
0.073574
0.0736726
0.0737713
0.0738699
0.0739685
0.0740671
0.0741657
0.0742643
0.0743629
0.0744614
0.0745599
0.0746585
0.074757
0.0748555
0.0749539
0.0750524
0.0751509
0.0752493
0.0753477
0.0754461
0.0755445
0.0756429
0.0757412
0.0758395
0.0759379
0.0760362
0.0761344
0.0762327
0.0763309
0.0764292
0.0765274
0.0766256
0.0767237
0.0768219
0.07692
0.0770181
0.0771162
0.0772143
0.0773123
0.0774104
0.0775084
0.0776063
0.0777043
0.0778023
0.0779002
0.0779981
0.0780959
0.0781938
0.0782916
0.0783894
0.0784872
0.078585
0.0786827
0.0787804
0.0788781
0.0789758
0.0790734
0.079171
0.0792686
0.0793661
0.0794637
0.0795612
0.0796587
0.0797561
0.0798535
0.0799509
0.0800483
0.0801457
0.080243
0.0803403
0.0804375
0.0805347
0.0806319
0.0807291
0.0808263
0.0809234
0.0810205
0.0811175
0.0812145
0.0813115
0.0814085
0.0815054
0.0816023
0.0816992
0.081796
0.0818928
0.0819896
0.0820863
0.082183
0.0822797
0.0823764
0.082473
0.0825695
0.0826661
0.0827626
0.0828591
0.0829555
0.0830519
0.0831483
0.0832446
0.0833409
0.0834372
0.0835334
0.0836296
0.0837257
0.0838218
0.0839179
0.084014
0.08411
0.0842059
0.0843018
0.0843977
0.0844936
0.0845894
0.0846852
0.0847809
0.0848766
0.0849723
0.0850679
0.0851634
0.085259
0.0853545
0.0854499
0.0855453
0.0856407
0.085736
0.0858313
0.0859266
0.0860218
0.0861169
0.0862121
0.0863071
0.0864022
0.0864972
0.0865921
0.086687
0.0867819
0.0868767
0.0869715
0.0870662
0.0871609
0.0872555
0.0873501
0.0874446
0.0875391
0.0876336
0.087728
0.0878223
0.0879166
0.0880109
0.0881051
0.0881993
0.0882934
0.0883875
0.0884815
0.0885755
0.0886694
0.0887633
0.0888571
0.0889509
0.0890446
0.0891383
0.089232
0.0893255
0.0894191
0.0895125
0.089606
0.0896994
0.0897927
0.089886
0.0899792
0.0900723
0.0901655
0.0902585
0.0903515
0.0904445
0.0905374
0.0906303
0.0907231
0.0908158
0.0909085
0.0910011
0.0910937
0.0911862
0.0912787
0.0913711
0.0914635
0.0915558
0.091648
0.0917402
0.0918323
0.0919244
0.0920164
0.0921084
0.0922003
0.0922922
0.092384
0.0924757
0.0925674
0.092659
0.0927505
0.092842
0.0929335
0.0930249
0.0931162
0.0932074
0.0932986
0.0933898
0.0934809
0.0935719
0.0936628
0.0937537
0.0938446
0.0939353
0.094026
0.0941167
0.0942073
0.0942978
0.0943883
0.0944787
0.094569
0.0946593
0.0947495
0.0948396
0.0949297
0.0950197
0.0951096
0.0951995
0.0952894
0.0953791
0.0954688
0.0955584
0.095648
0.0957375
0.0958269
0.0959163
0.0960055
0.0960948
0.0961839
0.096273
0.096362
0.096451
0.0965399
0.0966287
0.0967174
0.0968061
0.0968947
0.0969833
0.0970717
0.0971601
0.0972485
0.0973367
0.0974249
0.0975131
0.0976011
0.0976891
0.097777
0.0978648
0.0979526
0.0980403
0.0981279
0.0982155
0.0983029
0.0983903
0.0984777
0.0985649
0.0986521
0.0987392
0.0988263
0.0989132
0.0990001
0.0990869
0.0991737
0.0992603
0.0993469
0.0994334
0.0995199
0.0996062
0.0996925
0.0997787
0.0998649
0.0999509
0.100037
0.100123
0.100209
0.100294
0.10038
0.100466
0.100551
0.100637
0.100722
0.100807
0.100892
0.100978
0.101063
0.101148
0.101232
0.101317
0.101402
0.101487
0.101571
0.101656
0.10174
0.101824
0.101909
0.101993
0.102077
0.102161
0.102245
0.102329
0.102412
0.102496
0.10258
0.102663
0.102747
0.10283
0.102913
0.102996
0.103079
0.103162
0.103245
0.103328
0.103411
0.103493
0.103576
0.103659
0.103741
0.103823
0.103905
0.103988
0.10407
0.104152
0.104233
0.104315
0.104397
0.104479
0.10456
0.104642
0.104723
0.104804
0.104885
0.104966
0.105047
0.105128
0.105209
0.10529
0.10537
0.105451
0.105531
0.105612
0.105692
0.105772
0.105852
0.105932
0.106012
0.106092
0.106172
0.106251
0.106331
0.10641
0.10649
0.106569
0.106648
0.106727
0.106806
0.106885
0.106964
0.107043
0.107121
0.1072
0.107278
0.107357
0.107435
0.107513
0.107591
0.107669
0.107747
0.107824
0.107902
0.10798
0.108057
0.108135
0.108212
0.108289
0.108366
0.108443
0.10852
0.108597
0.108673
0.10875
0.108826
0.108903
0.108979
0.109055
0.109131
0.109207
0.109283
0.109359
0.109435
0.10951
0.109586
0.109661
0.109736
0.109812
0.109887
0.109962
0.110037
0.110111
0.110186
0.110261
0.110335
0.110409
0.110484
0.110558
0.110632
0.110706
0.11078
0.110854
0.110927
0.111001
0.111074
0.111147
0.111221
0.111294
0.111367
0.11144
0.111513
0.111585
0.111658
0.11173
0.111803
0.111875
0.111947
0.112019
0.112091
0.112163
0.112235
0.112307
0.112378
0.11245
0.112521
0.112592
0.112663
0.112734
0.112805
0.112876
0.112947
0.113017
0.113088
0.113158
0.113228
0.113298
0.113368
0.113438
0.113508
0.113578
0.113647
0.113717
0.113786
0.113855
0.113924
0.113993
0.114062
0.114131
0.1142
0.114268
0.114337
0.114405
0.114474
0.114542
0.11461
0.114678
0.114745
0.114813
0.114881
0.114948
0.115015
0.115083
0.11515
0.115217
0.115284
0.11535
0.115417
0.115483
0.11555
0.115616
0.115682
0.115748
0.115814
0.11588
0.115946
0.116012
0.116077
0.116142
0.116208
0.116273
0.116338
0.116403
0.116468
0.116532
0.116597
0.116661
0.116726
0.11679
0.116854
0.116918
0.116982
0.117045
0.117109
0.117172
0.117236
0.117299
0.117362
0.117425
0.117488
0.117551
0.117614
0.117676
0.117738
0.117801
0.117863
0.117925
0.117987
0.118049
0.11811
0.118172
0.118233
0.118295
0.118356
0.118417
0.118478
0.118539
0.118599
0.11866
0.11872
0.118781
0.118841
0.118901
0.118961
0.119021
0.119081
0.11914
0.1192
0.119259
0.119318
0.119377
0.119436
0.119495
0.119554
0.119612
0.119671
0.119729
0.119788
0.119846
0.119904
0.119961
0.120019
0.120077
0.120134
0.120192
0.120249
0.120306
0.120363
0.12042
0.120476
0.120533
0.120589
0.120646
0.120702
0.120758
0.120814
0.12087
0.120925
0.120981
0.121036
0.121092
0.121147
0.121202
0.121257
0.121312
0.121366
0.121421
0.121475
0.121529
0.121583
0.121637
0.121691
0.121745
0.121799
0.121852
0.121905
0.121959
0.122012
0.122065
0.122118
0.12217
0.122223
0.122275
0.122328
0.12238
0.122432
0.122484
0.122535
0.122587
0.122638
0.12269
0.122741
0.122792
0.122843
0.122894
0.122945
0.122995
0.123046
0.123096
0.123146
0.123196
0.123246
0.123296
0.123345
0.123395
0.123444
0.123494
0.123543
0.123592
0.12364
0.123689
0.123738
0.123786
0.123834
0.123883
0.123931
0.123978
0.124026
0.124074
0.124121
0.124169
0.124216
0.124263
0.12431
0.124356
0.124403
0.12445
0.124496
0.124542
0.124588
0.124634
0.12468
0.124726
0.124771
0.124817
0.124862
0.124907
0.124952
0.124997
0.125042
0.125086
0.125131
0.125175
0.125219
0.125263
0.125307
0.125351
0.125394
0.125438
0.125481
0.125524
0.125567
0.12561
0.125653
0.125696
0.125738
0.12578
0.125823
0.125865
0.125907
0.125948
0.12599
0.126032
0.126073
0.126114
0.126155
0.126196
0.126237
0.126278
0.126318
0.126358
0.126399
0.126439
0.126479
0.126518
0.126558
0.126598
0.126637
0.126676
0.126715
0.126754
0.126793
0.126832
0.12687
0.126909
0.126947
0.126985
0.127023
0.127061
0.127098
0.127136
0.127173
0.12721
0.127247
0.127284
0.127321
0.127358
0.127394
0.127431
0.127467
0.127503
0.127539
0.127575
0.12761
0.127646
0.127681
0.127716
0.127751
0.127786
0.127821
0.127856
0.12789
0.127924
0.127959
0.127993
0.128026
0.12806
0.128094
0.128127
0.128161
0.128194
0.128227
0.12826
0.128292
0.128325
0.128357
0.128389
0.128422
0.128454
0.128485
0.128517
0.128549
0.12858
0.128611
0.128642
0.128673
0.128704
0.128735
0.128765
0.128796
0.128826
0.128856
0.128886
0.128916
0.128945
0.128975
0.129004
0.129033
0.129062
0.129091
0.12912
0.129148
0.129177
0.129205
0.129233
0.129261
0.129289
0.129317
0.129344
0.129372
0.129399
0.129426
0.129453
0.12948
0.129506
0.129533
0.129559
0.129585
0.129611
0.129637
0.129663
0.129689
0.129714
0.129739
0.129764
0.129789
0.129814
0.129839
0.129863
0.129888
0.129912
0.129936
0.12996
0.129984
0.130007
0.130031
0.130054
0.130077
0.1301
0.130123
0.130146
0.130169
0.130191
0.130213
0.130235
0.130257
0.130279
0.130301
0.130322
0.130344
0.130365
0.130386
0.130407
0.130428
0.130448
0.130469
0.130489
0.130509
0.130529
0.130549
0.130569
0.130588
0.130608
0.130627
0.130646
0.130665
0.130684
0.130702
0.130721
0.130739
0.130757
0.130775
0.130793
0.130811
0.130828
0.130846
0.130863
0.13088
0.130897
0.130914
0.13093
0.130947
0.130963
0.130979
0.130995
0.131011
0.131027
0.131042
0.131058
0.131073
0.131088
0.131103
0.131118
0.131133
0.131147
0.131161
0.131176
0.13119
0.131203
0.131217
0.131231
0.131244
0.131257
0.13127
0.131283
0.131296
0.131309
0.131321
0.131334
0.131346
0.131358
0.13137
0.131381
0.131393
0.131404
0.131416
0.131427
0.131438
0.131448
0.131459
0.13147
0.13148
0.13149
0.1315
0.13151
0.13152
0.131529
0.131539
0.131548
0.131557
0.131566
0.131575
0.131583
0.131592
0.1316
0.131608
0.131616
0.131624
0.131632
0.131639
0.131647
0.131654
0.131661
0.131668
0.131675
0.131681
0.131688
0.131694
0.1317
0.131706
0.131712
0.131717
0.131723
0.131728
0.131734
0.131739
0.131744
0.131748
0.131753
0.131757
0.131762
0.131766
0.13177
0.131773
0.131777
0.131781
0.131784
0.131787
0.13179
0.131793
0.131796
0.131798
0.131801
0.131803
0.131805
0.131807
0.131809
0.13181
0.131812
0.131813
0.131814
0.131815
0.131816
0.131817
0.131818
0.131818
0.131818
0.131818
0.131818
0.131818
0.131818
0.131817
0.131816
0.131816
0.131815
0.131813
0.131812
0.131811
0.131809
0.131807
0.131805
0.131803
0.131801
0.131798
0.131796
0.131793
0.13179
0.131787
0.131784
0.131781
0.131777
0.131774
0.13177
0.131766
0.131762
0.131757
0.131753
0.131748
0.131744
0.131739
0.131734
0.131729
0.131723
0.131718
0.131712
0.131706
0.1317
0.131694
0.131688
0.131681
0.131675
0.131668
0.131661
0.131654
0.131647
0.13164
0.131632
0.131624
0.131616
0.131609
0.1316
0.131592
0.131584
0.131575
0.131566
0.131557
0.131548
0.131539
0.13153
0.13152
0.13151
0.131501
0.131491
0.13148
0.13147
0.13146
0.131449
0.131438
0.131427
0.131416
0.131405
0.131394
0.131382
0.13137
0.131358
0.131346
0.131334
0.131322
0.131309
0.131297
0.131284
0.131271
0.131258
0.131245
0.131231
0.131218
0.131204
0.13119
0.131176
0.131162
0.131148
0.131133
0.131119
0.131104
0.131089
0.131074
0.131059
0.131043
0.131028
0.131012
0.130996
0.13098
0.130964
0.130948
0.130931
0.130915
0.130898
0.130881
0.130864
0.130846
0.130829
0.130812
0.130794
0.130776
0.130758
0.13074
0.130722
0.130703
0.130684
0.130666
0.130647
0.130628
0.130609
0.130589
0.13057
0.13055
0.13053
0.13051
0.13049
0.13047
0.130449
0.130429
0.130408
0.130387
0.130366
0.130345
0.130323
0.130302
0.13028
0.130258
0.130236
0.130214
0.130192
0.13017
0.130147
0.130124
0.130102
0.130079
0.130055
0.130032
0.130009
0.129985
0.129961
0.129937
0.129913
0.129889
0.129865
0.12984
0.129815
0.129791
0.129766
0.12974
0.129715
0.12969
0.129664
0.129638
0.129613
0.129587
0.12956
0.129534
0.129508
0.129481
0.129454
0.129427
0.1294
0.129373
0.129346
0.129318
0.12929
0.129263
0.129235
0.129206
0.129178
0.12915
0.129121
0.129092
0.129064
0.129035
0.129005
0.128976
0.128947
0.128917
0.128887
0.128857
0.128827
0.128797
0.128767
0.128736
0.128706
0.128675
0.128644
0.128613
0.128582
0.12855
0.128519
0.128487
0.128455
0.128423
0.128391
0.128359
0.128326
0.128294
0.128261
0.128228
0.128195
0.128162
0.128129
0.128095
0.128062
0.128028
0.127994
0.12796
0.127926
0.127892
0.127857
0.127823
0.127788
0.127753
0.127718
0.127683
0.127647
0.127612
0.127576
0.127541
0.127505
0.127469
0.127432
0.127396
0.12736
0.127323
0.127286
0.127249
0.127212
0.127175
0.127138
0.1271
0.127062
0.127025
0.126987
0.126949
0.12691
0.126872
0.126834
0.126795
0.126756
0.126717
0.126678
0.126639
0.1266
0.12656
0.12652
0.126481
0.126441
0.126401
0.12636
0.12632
0.12628
0.126239
0.126198
0.126157
0.126116
0.126075
0.126034
0.125992
0.12595
0.125909
0.125867
0.125825
0.125783
0.12574
0.125698
0.125655
0.125612
0.125569
0.125526
0.125483
0.12544
0.125396
0.125353
0.125309
0.125265
0.125221
0.125177
0.125133
0.125088
0.125044
0.124999
0.124954
0.124909
0.124864
0.124819
0.124774
0.124728
0.124682
0.124637
0.124591
0.124544
0.124498
0.124452
0.124405
0.124359
0.124312
0.124265
0.124218
0.124171
0.124124
0.124076
0.124028
0.123981
0.123933
0.123885
0.123837
0.123788
0.12374
0.123692
0.123643
0.123594
0.123545
0.123496
0.123447
0.123397
0.123348
0.123298
0.123249
0.123199
0.123149
0.123098
0.123048
0.122998
0.122947
0.122896
0.122846
0.122795
0.122744
0.122692
0.122641
0.12259
0.122538
0.122486
0.122434
0.122382
0.12233
0.122278
0.122225
0.122173
0.12212
0.122067
0.122014
0.121961
0.121908
0.121855
0.121801
0.121748
0.121694
0.12164
0.121586
0.121532
0.121478
0.121423
0.121369
0.121314
0.121259
0.121205
0.121149
0.121094
0.121039
0.120984
0.120928
0.120872
0.120817
0.120761
0.120705
0.120648
0.120592
0.120536
0.120479
0.120422
0.120366
0.120309
0.120252
0.120194
0.120137
0.12008
0.120022
0.119964
0.119906
0.119848
0.11979
0.119732
0.119674
0.119615
0.119557
0.119498
0.119439
0.11938
0.119321
0.119262
0.119203
0.119143
0.119084
0.119024
0.118964
0.118904
0.118844
0.118784
0.118723
0.118663
0.118602
0.118542
0.118481
0.11842
0.118359
0.118298
0.118236
0.118175
0.118113
0.118052
0.11799
0.117928
0.117866
0.117804
0.117742
0.117679
0.117617
0.117554
0.117491
0.117428
0.117365
0.117302
0.117239
0.117176
0.117112
0.117048
0.116985
0.116921
0.116857
0.116793
0.116729
0.116664
0.1166
0.116535
0.116471
0.116406
0.116341
0.116276
0.116211
0.116146
0.11608
0.116015
0.115949
0.115883
0.115818
0.115752
0.115686
0.115619
0.115553
0.115487
0.11542
0.115354
0.115287
0.11522
0.115153
0.115086
0.115019
0.114951
0.114884
0.114816
0.114749
0.114681
0.114613
0.114545
0.114477
0.114409
0.11434
0.114272
0.114203
0.114135
0.114066
0.113997
0.113928
0.113859
0.113789
0.11372
0.113651
0.113581
0.113511
0.113442
0.113372
0.113302
0.113232
0.113161
0.113091
0.113021
0.11295
0.112879
0.112809
0.112738
0.112667
0.112596
0.112524
0.112453
0.112382
0.11231
0.112238
0.112167
0.112095
0.112023
0.111951
0.111879
0.111806
0.111734
0.111661
0.111589
0.111516
0.111443
0.11137
0.111297
0.111224
0.111151
0.111078
0.111004
0.110931
0.110857
0.110783
0.11071
0.110636
0.110562
0.110487
0.110413
0.110339
0.110264
0.11019
0.110115
0.11004
0.109965
0.10989
0.109815
0.10974
0.109665
0.109589
0.109514
0.109438
0.109363
0.109287
0.109211
0.109135
0.109059
0.108983
0.108907
0.10883
0.108754
0.108677
0.1086
0.108524
0.108447
0.10837
0.108293
0.108216
0.108138
0.108061
0.107983
0.107906
0.107828
0.107751
0.107673
0.107595
0.107517
0.107439
0.10736
0.107282
0.107204
0.107125
0.107047
0.106968
0.106889
0.10681
0.106731
0.106652
0.106573
0.106494
0.106414
0.106335
0.106255
0.106176
0.106096
0.106016
0.105936
0.105856
0.105776
0.105696
0.105616
0.105535
0.105455
0.105374
0.105294
0.105213
0.105132
0.105051
0.10497
0.104889
0.104808
0.104727
0.104646
0.104564
0.104483
0.104401
0.104319
0.104238
0.104156
0.104074
0.103992
0.103909
0.103827
0.103745
0.103663
0.10358
0.103498
0.103415
0.103332
0.103249
0.103166
0.103083
0.103
0.102917
0.102834
0.102751
0.102667
0.102584
0.1025
0.102417
0.102333
0.102249
0.102165
0.102081
0.101997
0.101913
0.101829
0.101744
0.10166
0.101575
0.101491
0.101406
0.101321
0.101237
0.101152
0.101067
0.100982
0.100897
0.100811
0.100726
0.100641
0.100555
0.10047
0.100384
0.100299
0.100213
0.100127
0.100041
0.0999552
0.0998691
0.099783
0.0996968
0.0996105
0.0995241
0.0994377
0.0993512
0.0992646
0.0991779
0.0990912
0.0990044
0.0989175
0.0988305
0.0987435
0.0986564
0.0985692
0.098482
0.0983946
0.0983072
0.0982198
0.0981322
0.0980446
0.0979569
0.0978692
0.0977813
0.0976934
0.0976054
0.0975174
0.0974293
0.0973411
0.0972528
0.0971645
0.0970761
0.0969876
0.0968991
0.0968105
0.0967218
0.0966331
0.0965442
0.0964554
0.0963664
0.0962774
0.0961883
0.0960992
0.0960099
0.0959206
0.0958313
0.0957419
0.0956524
0.0955628
0.0954732
0.0953835
0.0952938
0.095204
0.0951141
0.0950241
0.0949341
0.094844
0.0947539
0.0946637
0.0945734
0.0944831
0.0943927
0.0943022
0.0942117
0.0941211
0.0940305
0.0939398
0.093849
0.0937582
0.0936673
0.0935763
0.0934853
0.0933943
0.0933031
0.0932119
0.0931207
0.0930293
0.092938
0.0928465
0.092755
0.0926635
0.0925719
0.0924802
0.0923885
0.0922967
0.0922048
0.0921129
0.092021
0.091929
0.0918369
0.0917447
0.0916526
0.0915603
0.091468
0.0913757
0.0912832
0.0911908
0.0910983
0.0910057
0.090913
0.0908204
0.0907276
0.0906348
0.090542
0.0904491
0.0903561
0.0902631
0.09017
0.0900769
0.0899838
0.0898905
0.0897973
0.0897039
0.0896106
0.0895171
0.0894237
0.0893301
0.0892366
0.0891429
0.0890493
0.0889555
0.0888618
0.0887679
0.088674
0.0885801
0.0884861
0.0883921
0.0882981
0.0882039
0.0881098
0.0880156
0.0879213
0.087827
0.0877326
0.0876382
0.0875438
0.0874493
0.0873547
0.0872601
0.0871655
0.0870708
0.0869761
0.0868813
0.0867865
0.0866917
0.0865968
0.0865018
0.0864068
0.0863118
0.0862167
0.0861216
0.0860265
0.0859313
0.085836
0.0857407
0.0856454
0.08555
0.0854546
0.0853592
0.0852637
0.0851682
0.0850726
0.084977
0.0848813
0.0847856
0.0846899
0.0845941
0.0844983
0.0844025
0.0843066
0.0842106
0.0841147
0.0840187
0.0839226
0.0838266
0.0837305
0.0836343
0.0835381
0.0834419
0.0833456
0.0832493
0.083153
0.0830566
0.0829602
0.0828638
0.0827673
0.0826708
0.0825743
0.0824777
0.0823811
0.0822845
0.0821878
0.0820911
0.0819944
0.0818976
0.0818008
0.081704
0.0816071
0.0815102
0.0814133
0.0813163
0.0812193
0.0811223
0.0810252
0.0809282
0.080831
0.0807339
0.0806367
0.0805395
0.0804423
0.080345
0.0802478
0.0801504
0.0800531
0.0799557
0.0798583
0.0797609
0.0796635
0.079566
0.0794685
0.0793709
0.0792734
0.0791758
0.0790782
0.0789806
0.0788829
0.0787852
0.0786875
0.0785898
0.078492
0.0783942
0.0782964
0.0781986
0.0781008
0.0780029
0.077905
0.0778071
0.0777091
0.0776112
0.0775132
0.0774152
0.0773172
0.0772191
0.077121
0.0770229
0.0769248
0.0768267
0.0767286
0.0766304
0.0765322
0.076434
0.0763358
0.0762375
0.0761393
0.076041
0.0759427
0.0758444
0.075746
0.0756477
0.0755493
0.0754509
0.0753525
0.0752541
0.0751557
0.0750573
0.0749588
0.0748603
0.0747618
0.0746633
0.0745648
0.0744663
0.0743677
0.0742691
0.0741706
0.074072
0.0739734
0.0738748
0.0737761
0.0736775
0.0735788
0.0734802
0.0733815
0.0732828
0.0731841
0.0730854
0.0729867
0.072888
0.0727892
0.0726905
0.0725917
0.072493
0.0723942
0.0722954
0.0721966
0.0720978
0.071999
0.0719002
0.0718014
0.0717025
0.0716037
0.0715048
0.071406
0.0713071
0.0712083
0.0711094
0.0710105
0.0709116
0.0708127
0.0707138
0.0706149
0.070516
0.0704171
0.0703182
0.0702193
0.0701204
0.0700215
0.0699226
0.0698236
0.0697247
0.0696258
0.0695268
0.0694279
0.069329
0.06923
0.0691311
0.0690322
0.0689332
0.0688343
0.0687353
0.0686364
0.0685375
0.0684385
0.0683396
0.0682407
0.0681417
0.0680428
0.0679439
0.0678449
0.067746
0.0676471
0.0675482
0.0674493
0.0673503
0.0672514
0.0671525
0.0670536
0.0669547
0.0668558
0.0667569
0.0666581
0.0665592
0.0664603
0.0663614
0.0662626
0.0661637
0.0660649
0.065966
0.0658672
0.0657684
0.0656696
0.0655708
0.065472
0.0653732
0.0652744
0.0651756
0.0650768
0.0649781
0.0648793
0.0647806
0.0646819
0.0645831
0.0644844
0.0643857
0.0642871
0.0641884
0.0640897
0.0639911
0.0638924
0.0637938
0.0636952
0.0635966
0.063498
0.0633994
0.0633008
0.0632023
0.0631038
0.0630052
0.0629067
0.0628082
0.0627098
0.0626113
0.0625128
0.0624144
0.062316
0.0622176
0.0621192
0.0620208
0.0619225
0.0618242
0.0617258
0.0616275
0.0615293
0.061431
0.0613328
0.0612345
0.0611363
0.0610381
0.06094
0.0608418
0.0607437
0.0606456
0.0605475
0.0604494
0.0603514
0.0602533
0.0601553
0.0600574
0.0599594
0.0598615
0.0597635
0.0596656
0.0595678
0.0594699
0.0593721
0.0592743
0.0591765
0.0590787
0.058981
0.0588833
0.0587856
0.058688
0.0585903
0.0584927
0.0583951
0.0582976
0.0582
0.0581025
0.058005
0.0579076
0.0578102
0.0577128
0.0576154
0.0575181
0.0574207
0.0573235
0.0572262
0.057129
0.0570318
0.0569346
0.0568374
0.0567403
0.0566432
0.0565462
0.0564492
0.0563522
0.0562552
0.0561583
0.0560614
0.0559645
0.0558677
0.0557709
0.0556741
0.0555774
0.0554807
0.055384
0.0552873
0.0551907
0.0550942
0.0549976
0.0549011
0.0548046
0.0547082
0.0546118
0.0545154
0.0544191
0.0543228
0.0542265
0.0541303
0.0540341
0.053938
0.0538419
0.0537458
0.0536498
0.0535537
0.0534578
0.0533619
0.053266
0.0531701
0.0530743
0.0529785
0.0528828
0.0527871
0.0526914
0.0525958
0.0525003
0.0524047
0.0523092
0.0522138
0.0521184
0.052023
0.0519277
0.0518324
0.0517371
0.0516419
0.0515468
0.0514516
0.0513566
0.0512615
0.0511665
0.0510716
0.0509767
0.0508818
0.050787
0.0506923
0.0505975
0.0505028
0.0504082
0.0503136
0.0502191
0.0501246
0.0500301
0.0499357
0.0498414
0.0497471
0.0496528
0.0495586
0.0494644
0.0493703
0.0492762
0.0491822
0.0490882
0.0489943
0.0489004
0.0488066
0.0487128
0.0486191
0.0485254
0.0484317
0.0483382
0.0482446
0.0481512
0.0480577
0.0479644
0.047871
0.0477778
0.0476845
0.0475914
0.0474982
0.0474052
0.0473122
0.0472192
0.0471263
0.0470335
0.0469407
0.0468479
0.0467552
0.0466626
0.04657
0.0464775
0.046385
0.0462926
0.0462002
0.0461079
0.0460157
0.0459235
0.0458314
0.0457393
0.0456473
0.0455553
0.0454634
0.0453715
0.0452797
0.045188
0.0450963
0.0450047
0.0449132
0.0448217
0.0447302
0.0446389
0.0445475
0.0444563
0.0443651
0.0442739
0.0441829
0.0440918
0.0440009
0.04391
0.0438192
0.0437284
0.0436377
0.043547
0.0434564
0.0433659
0.0432755
0.0431851
0.0430947
0.0430044
0.0429142
0.0428241
0.042734
0.042644
0.0425541
0.0424642
0.0423744
0.0422846
0.0421949
0.0421053
0.0420157
0.0419262
0.0418368
0.0417475
0.0416582
0.0415689
0.0414798
0.0413907
0.0413017
0.0412127
0.0411238
0.041035
0.0409463
0.0408576
0.040769
0.0406804
0.040592
0.0405036
0.0404152
0.040327
0.0402388
0.0401506
0.0400626
0.0399746
0.0398867
0.0397989
0.0397111
0.0396234
0.0395358
0.0394482
0.0393608
0.0392734
0.039186
0.0390988
0.0390116
0.0389245
0.0388374
0.0387505
0.0386636
0.0385768
0.03849
0.0384034
0.0383168
0.0382303
0.0381438
0.0380575
0.0379712
0.037885
0.0377988
0.0377128
0.0376268
0.0375409
0.0374551
0.0373693
0.0372836
0.037198
0.0371125
0.0370271
0.0369417
0.0368564
0.0367712
0.0366861
0.0366011
0.0365161
0.0364312
0.0363464
0.0362617
0.036177
0.0360925
0.036008
0.0359236
0.0358393
0.035755
0.0356709
0.0355868
0.0355028
0.0354189
0.0353351
0.0352513
0.0351677
0.0350841
0.0350006
0.0349172
0.0348338
0.0347506
0.0346674
0.0345844
0.0345014
0.0344185
0.0343356
0.0342529
0.0341702
0.0340877
0.0340052
0.0339228
0.0338405
0.0337583
0.0336761
0.0335941
0.0335121
0.0334302
0.0333484
0.0332667
0.0331851
0.0331036
0.0330222
0.0329408
0.0328596
0.0327784
0.0326973
0.0326163
0.0325354
0.0324546
0.0323739
0.0322932
0.0322127
0.0321322
0.0320519
0.0319716
0.0318914
0.0318113
0.0317313
0.0316514
0.0315716
0.0314919
0.0314122
0.0313327
0.0312532
0.0311739
0.0310946
0.0310155
0.0309364
0.0308574
0.0307785
0.0306997
0.030621
0.0305424
0.0304639
0.0303855
0.0303072
0.0302289
0.0301508
0.0300728
0.0299948
0.029917
0.0298392
0.0297616
0.029684
0.0296066
0.0295292
0.0294519
0.0293748
0.0292977
0.0292207
0.0291438
0.0290671
0.0289904
0.0289138
0.0288373
0.0287609
0.0286847
0.0286085
0.0285324
0.0284564
0.0283805
0.0283047
0.028229
0.0281534
0.028078
0.0280026
0.0279273
0.0278521
0.027777
0.027702
0.0276271
0.0275524
0.0274777
0.0274031
0.0273286
0.0272543
0.02718
0.0271058
0.0270318
0.0269578
0.0268839
0.0268102
0.0267365
0.026663
0.0265896
0.0265162
0.026443
0.0263699
0.0262968
0.0262239
0.0261511
0.0260784
0.0260058
0.0259333
0.0258609
0.0257886
0.0257164
0.0256444
0.0255724
0.0255005
0.0254288
0.0253571
0.0252856
0.0252142
0.0251428
0.0250716
0.0250005
0.0249295
0.0248586
0.0247879
0.0247172
0.0246466
0.0245762
0.0245058
0.0244356
0.0243654
0.0242954
0.0242255
0.0241557
0.024086
0.0240165
0.023947
0.0238776
0.0238084
0.0237393
0.0236702
0.0236013
0.0235325
0.0234638
0.0233953
0.0233268
0.0232584
0.0231902
0.0231221
0.0230541
0.0229862
0.0229184
0.0228507
0.0227831
0.0227157
0.0226484
0.0225811
0.022514
0.022447
0.0223802
0.0223134
0.0222468
0.0221802
0.0221138
0.0220475
0.0219813
0.0219152
0.0218493
0.0217834
0.0217177
0.0216521
0.0215866
0.0215213
0.021456
0.0213909
0.0213258
0.0212609
0.0211961
0.0211315
0.0210669
0.0210025
0.0209382
0.020874
0.0208099
0.0207459
0.0206821
0.0206183
0.0205547
0.0204913
0.0204279
0.0203646
0.0203015
0.0202385
0.0201756
0.0201128
0.0200502
0.0199877
0.0199253
0.019863
0.0198008
0.0197388
0.0196768
0.019615
0.0195533
0.0194918
0.0194304
0.019369
0.0193078
0.0192468
0.0191858
0.019125
0.0190643
0.0190037
0.0189432
0.0188829
0.0188227
0.0187626
0.0187026
0.0186428
0.0185831
0.0185235
0.018464
0.0184047
0.0183454
0.0182864
0.0182274
0.0181685
0.0181098
0.0180512
0.0179927
0.0179344
0.0178762
0.0178181
0.0177601
0.0177023
0.0176446
0.017587
0.0175295
0.0174722
0.0174149
0.0173579
0.0173009
0.0172441
0.0171874
0.0171308
0.0170744
0.017018
0.0169618
0.0169058
0.0168498
0.016794
0.0167384
0.0166828
0.0166274
0.0165721
0.0165169
0.0164619
0.016407
0.0163522
0.0162976
0.016243
0.0161887
0.0161344
0.0160803
0.0160263
0.0159724
0.0159187
0.0158651
0.0158116
0.0157582
0.015705
0.0156519
0.015599
0.0155462
0.0154935
0.0154409
0.0153885
0.0153362
0.015284
0.015232
0.0151801
0.0151283
0.0150767
0.0150252
0.0149738
0.0149226
0.0148715
0.0148205
0.0147697
0.014719
0.0146684
0.014618
0.0145677
0.0145175
0.0144675
0.0144176
0.0143678
0.0143182
0.0142687
0.0142194
0.0141701
0.014121
0.0140721
0.0140233
0.0139746
0.013926
0.0138776
0.0138293
0.0137812
0.0137332
0.0136853
0.0136376
0.01359
0.0135425
0.0134952
0.013448
0.0134009
0.013354
0.0133072
0.0132606
0.0132141
0.0131677
0.0131215
0.0130754
0.0130295
0.0129836
0.012938
0.0128924
0.012847
0.0128017
0.0127566
0.0127116
0.0126668
0.0126221
0.0125775
0.012533
0.0124887
0.0124446
0.0124006
0.0123567
0.012313
0.0122694
0.0122259
0.0121826
0.0121394
0.0120963
0.0120534
0.0120107
0.0119681
0.0119256
0.0118832
0.011841
0.011799
0.0117571
0.0117153
0.0116737
0.0116322
0.0115908
0.0115496
0.0115085
0.0114676
0.0114268
0.0113861
0.0113456
0.0113053
0.0112651
0.011225
0.011185
0.0111452
0.0111056
0.0110661
0.0110267
0.0109875
0.0109484
0.0109095
0.0108707
0.010832
0.0107935
0.0107551
0.0107169
0.0106788
0.0106409
0.0106031
0.0105654
0.0105279
0.0104906
0.0104534
0.0104163
0.0103794
0.0103426
0.0103059
0.0102694
0.0102331
0.0101969
0.0101608
0.0101249
0.0100891
0.0100535
0.010018
0.00998266
0.00994746
0.00991241
0.00987751
0.00984275
0.00980814
0.00977367
0.00973935
0.00970518
0.00967115
0.00963727
0.00960353
0.00956994
0.00953649
0.00950319
0.00947004
0.00943704
0.00940418
0.00937146
0.0093389
0.00930648
0.00927421
0.00924208
0.0092101
0.00917827
0.00914659
0.00911505
0.00908366
0.00905242
0.00902133
0.00899038
0.00895958
0.00892893
0.00889843
0.00886807
0.00883786
0.0088078
0.00877789
0.00874813
0.00871851
0.00868905
0.00865973
0.00863056
0.00860154
0.00857267
0.00854394
0.00851537
0.00848694
0.00845866
0.00843053
0.00840255
0.00837472
0.00834704
0.00831951
0.00829213
0.00826489
0.00823781
0.00821087
0.00818409
0.00815745
0.00813097
0.00810463
0.00807845
0.00805241
0.00802653
0.00800079
0.0079752
0.00794977
0.00792448
0.00789935
0.00787436
0.00784953
0.00782484
0.00780031
0.00777593
0.00775169
0.00772761
0.00770368
0.0076799
0.00765627
0.00763279
0.00760947
0.00758629
0.00756327
0.00754039
0.00751767
0.0074951
0.00747268
0.00745041
0.00742829
0.00740633
0.00738451
0.00736285
0.00734134
0.00731998
0.00729877
0.00727772
0.00725682
0.00723606
0.00721546
0.00719502
0.00717472
0.00715458
0.00713459
0.00711475
0.00709506
0.00707553
0.00705614
0.00703691
0.00701784
0.00699891
0.00698014
0.00696152
0.00694306
0.00692474
0.00690658
0.00688857
0.00687072
0.00685301
0.00683546
0.00681807
0.00680082
0.00678373
0.00676679
0.00675001
0.00673338
0.0067169
0.00670058
0.0066844
0.00666839
0.00665252
0.00663681
0.00662125
0.00660585
0.0065906
0.0065755
0.00656055
0.00654576
0.00653113
0.00651665
0.00650232
0.00648814
0.00647412
0.00646025
0.00644654
0.00643298
0.00641957
0.00640632
0.00639322
0.00638028
0.00636749
0.00635486
0.00634237
0.00633005
0.00631787
0.00630586
0.00629399
0.00628228
0.00627073
0.00625932
0.00624808
0.00623699
0.00622605
0.00621526
0.00620463
0.00619416
0.00618384
0.00617368
0.00616366
0.00615381
0.00614411
0.00613456
0.00612517
0.00611593
0.00610685
0.00609792
0.00608915
0.00608053
0.00607206
0.00606376
0.0060556
0.0060476
0.00603976
0.00603207
0.00602454
0.00601716
0.00600993
0.00600286
0.00599595
0.00598919
0.00598259
0.00597614
0.00596984
0.00596371
0.00595772
0.00595189
0.00594622
0.0059407
0.00593534
0.00593013
0.00592508
0.00592018
0.00591544
0.00591085
0.00590642
0.00590215
0.00589802
0.00589406
0.00589025
0.00588659
0.00588309
0.00587975
0.00587656
0.00587353
0.00587065
0.00586792
0.00586536
0.00586294
0.00586069
0.00585858
0.00585664
0.00585485
0.00585321
0.00585173
0.00585041
0.00584924
0.00584822
0.00584736
0.00584666
0.00584611
0.00584572
0.00584548
0.0058454
0.00584548
0.0058457
0.00584608
0.00584661
0.00584729
0.00584812
0.00584908
0.00585019
0.00585144
0.00585282
0.00585434
0.00585599
0.00585776
0.00585966
0.00586168
0.00586382
0.00586607
0.00586844
0.00587091
0.00587349
0.00587617
0.00587894
0.00588181
0.00588477
0.00588781
0.00589094
0.00589414
0.00589742
0.00590076
0.00590418
0.00590765
0.00591118
0.00591477
0.0059184
0.00592208
0.0059258
0.00592956
0.00593335
0.00593717
0.00594102
0.00594488
0.00594876
0.00595266
0.00595656
0.00596047
0.00596437
0.00596828
0.00597217
0.00597606
0.00597993
0.00598378
0.00598761
0.00599141
0.00599519
0.00599893
0.00600263
0.0060063
0.00600992
0.00601349
0.00601702
0.0060205
0.00602391
0.00602728
0.00603058
0.00603381
0.00603698
0.00604008
0.00604311
0.00604607
0.00604895
0.00605176
0.00605448
0.00605712
0.00605968
0.00606216
0.00606454
0.00606684
0.00606905
0.00607117
0.00607319
0.00607512
0.00607696
0.0060787
0.00608035
0.0060819
0.00608335
0.0060847
0.00608596
0.00608711
0.00608817
0.00608913
0.00608999
0.00609075
0.00609142
0.00609198
0.00609245
0.00609282
0.00609309
0.00609327
0.00609336
0.00609335
0.00609324
0.00609304
0.00609276
0.00609238
0.00609191
0.00609136
0.00609072
0.00609
0.00608919
0.00608831
0.00608734
0.0060863
0.00608518
0.00608398
0.00608271
0.00608138
0.00607997
0.0060785
0.00607697
0.00607537
0.00607372
0.00607201
0.00607024
0.00606842
0.00606655
0.00606463
0.00606267
0.00606066
0.00605862
0.00605653
0.00605441
0.00605226
0.00605007
0.00604786
0.00604562
0.00604336
0.00604108
0.00603878
0.00603646
0.00603413
0.00603179
0.00602944
0.00602709
0.00602473
0.00602237
0.00602001
0.00601766
0.00601531
0.00601297
0.00601064
0.00600832
0.00600601
0.00600373
0.00600146
0.00599922
0.00599699
0.0059948
0.00599263
0.00599049
0.00598838
0.0059863
0.00598426
0.00598225
0.00598028
0.00597835
0.00597646
0.00597462
0.00597282
0.00597106
0.00596935
0.00596769
0.00596607
0.00596451
0.005963
0.00596154
0.00596013
0.00595878
0.00595748
0.00595623
0.00595505
0.00595392
0.00595285
0.00595183
0.00595087
0.00594998
0.00594914
0.00594836
0.00594764
0.00594698
0.00594638
0.00594584
0.00594535
0.00594493
0.00594457
0.00594426
0.00594402
0.00594383
0.0059437
0.00594363
0.00594362
0.00594366
0.00594376
0.00594391
0.00594412
0.00594438
0.0059447
0.00594507
0.00594549
0.00594595
0.00594647
0.00594704
0.00594765
0.00594831
0.00594902
0.00594977
0.00595056
0.00595139
0.00595227
0.00595318
0.00595413
0.00595511
0.00595614
0.00595719
0.00595828
0.0059594
0.00596055
0.00596172
0.00596292
0.00596415
0.0059654
0.00596667
0.00596797
0.00596928
0.00597061
0.00597196
0.00597332
0.00597469
0.00597608
0.00597747
0.00597888
0.00598029
0.00598171
0.00598313
0.00598455
0.00598598
0.0059874
0.00598882
0.00599024
0.00599166
0.00599307
0.00599447
0.00599587
0.00599725
0.00599862
0.00599998
0.00600133
0.00600266
0.00600398
0.00600528
0.00600656
0.00600782
0.00600906
0.00601028
0.00601148
0.00601265
0.0060138
0.00601493
0.00601603
0.0060171
0.00601814
0.00601915
0.00602014
0.0060211
0.00602202
0.00602291
0.00602377
0.0060246
0.0060254
0.00602616
0.00602689
0.00602759
0.00602825
0.00602887
0.00602946
0.00603002
0.00603054
0.00603102
0.00603147
0.00603188
0.00603226
0.0060326
0.0060329
0.00603317
0.0060334
0.0060336
0.00603376
0.00603388
0.00603397
0.00603403
0.00603405
0.00603404
0.00603399
0.00603391
0.00603379
0.00603365
0.00603347
0.00603326
0.00603302
0.00603274
0.00603244
0.00603211
0.00603175
0.00603136
0.00603095
0.0060305
0.00603003
0.00602954
0.00602902
0.00602848
0.00602791
0.00602732
0.00602671
0.00602608
0.00602544
0.00602477
0.00602408
0.00602338
0.00602265
0.00602192
0.00602117
0.0060204
0.00601963
0.00601884
0.00601804
0.00601723
0.00601641
0.00601558
0.00601475
0.00601391
0.00601306
0.00601221
0.00601136
0.0060105
0.00600964
0.00600878
0.00600792
0.00600706
0.0060062
0.00600535
0.00600449
0.00600364
0.0060028
0.00600196
0.00600113
0.00600031
0.00599949
0.00599868
0.00599788
0.00599709
0.00599632
0.00599555
0.0059948
0.00599405
0.00599333
0.00599261
0.00599191
0.00599123
0.00599056
0.00598991
0.00598927
0.00598865
0.00598805
0.00598747
0.0059869
0.00598636
0.00598583
0.00598532
0.00598483
0.00598436
0.00598392
0.00598349
0.00598308
0.0059827
0.00598233
0.00598199
0.00598167
0.00598137
0.00598109
0.00598083
0.0059806
0.00598039
0.00598019
0.00598003
0.00597988
0.00597975
0.00597965
0.00597956
0.0059795
0.00597946
0.00597944
0.00597944
0.00597946
0.0059795
0.00597956
0.00597965
0.00597975
0.00597987
0.00598001
0.00598016
0.00598034
0.00598053
0.00598075
0.00598097
0.00598122
0.00598148
0.00598176
0.00598205
0.00598236
0.00598268
0.00598302
0.00598337
0.00598373
0.00598411
0.0059845
0.0059849
0.00598531
0.00598573
0.00598616
0.0059866
0.00598705
0.00598751
0.00598798
0.00598845
0.00598893
0.00598942
0.00598991
0.00599041
0.00599091
0.00599142
0.00599193
0.00599244
0.00599295
0.00599347
0.00599399
0.00599451
0.00599503
0.00599555
0.00599607
0.00599659
0.0059971
0.00599761
0.00599813
0.00599863
0.00599914
0.00599964
0.00600013
0.00600062
0.00600111
0.00600158
0.00600206
0.00600252
0.00600298
0.00600343
0.00600387
0.00600431
0.00600473
0.00600515
0.00600556
0.00600595
0.00600634
0.00600672
0.00600709
0.00600744
0.00600779
0.00600812
0.00600844
0.00600876
0.00600905
0.00600934
0.00600962
0.00600988
0.00601013
0.00601037
0.00601059
0.0060108
0.006011
0.00601119
0.00601136
0.00601152
0.00601167
0.0060118
0.00601192
0.00601203
0.00601212
0.0060122
0.00601227
0.00601233
0.00601237
0.0060124
0.00601241
0.00601242
0.00601241
0.00601239
0.00601236
0.00601231
0.00601225
0.00601219
0.00601211
0.00601202
0.00601191
0.0060118
0.00601168
0.00601154
0.0060114
0.00601124
0.00601108
0.0060109
0.00601072
0.00601053
0.00601033
0.00601012
0.0060099
0.00600968
0.00600945
0.00600921
0.00600896
0.00600871
0.00600845
0.00600819
0.00600792
0.00600764
0.00600736
0.00600708
0.00600679
0.0060065
0.0060062
0.0060059
0.0060056
0.00600529
0.00600499
0.00600468
0.00600437
0.00600406
0.00600374
0.00600343
0.00600312
0.0060028
0.00600249
0.00600217
0.00600186
0.00600155
0.00600124
0.00600094
0.00600063
0.00600033
0.00600003
0.00599973
0.00599944
0.00599915
0.00599886
0.00599858
0.0059983
0.00599803
0.00599776
0.00599749
0.00599723
0.00599698
0.00599673
0.00599649
0.00599625
0.00599602
0.0059958
0.00599558
0.00599537
0.00599517
0.00599497
0.00599478
0.0059946
0.00599442
0.00599425
0.00599409
0.00599394
0.00599379
0.00599365
0.00599352
0.0059934
0.00599328
0.00599318
0.00599308
0.00599299
0.0059929
0.00599283
0.00599276
0.0059927
0.00599265
0.0059926
0.00599257
0.00599254
0.00599252
0.00599251
0.0059925
0.0059925
0.00599251
0.00599253
0.00599255
0.00599259
0.00599262
0.00599267
0.00599272
0.00599278
0.00599285
0.00599292
0.005993
0.00599309
0.00599318
0.00599327
0.00599338
0.00599348
0.0059936
0.00599372
0.00599384
0.00599397
0.0059941
0.00599424
0.00599439
0.00599453
0.00599468
0.00599484
0.005995
0.00599516
0.00599532
0.00599549
0.00599566
0.00599584
0.00599601
0.00599619
0.00599637
0.00599655
0.00599674
0.00599692
0.00599711
0.00599729
0.00599748
0.00599767
0.00599786
0.00599805
0.00599824
0.00599843
0.00599862
0.00599881
0.00599899
0.00599918
0.00599937
0.00599955
0.00599974
0.00599992
0.0060001
0.00600028
0.00600045
0.00600063
0.0060008
0.00600097
0.00600113
0.0060013
0.00600146
0.00600161
0.00600177
0.00600192
0.00600207
0.00600221
0.00600235
0.00600249
0.00600262
0.00600275
0.00600287
0.006003
0.00600311
0.00600322
0.00600333
0.00600344
0.00600353
0.00600363
0.00600372
0.0060038
0.00600388
0.00600396
0.00600403
0.0060041
0.00600416
0.00600422
0.00600427
0.00600432
0.00600436
0.0060044
0.00600443
0.00600446
0.00600448
0.0060045
0.00600451
0.00600452
0.00600453
0.00600453
0.00600452
0.00600452
0.0060045
0.00600448
0.00600446
0.00600444
0.00600441
0.00600437
0.00600433
0.00600429
0.00600424
0.00600419
0.00600414
0.00600408
0.00600402
0.00600396
0.00600389
0.00600382
0.00600375
0.00600367
0.00600359
0.00600351
0.00600342
0.00600333
0.00600324
0.00600315
0.00600306
0.00600296
0.00600286
0.00600276
0.00600266
0.00600255
0.00600245
0.00600234
0.00600223
0.00600212
0.00600201
0.0060019
0.00600179
0.00600167
0.00600156
0.00600145
0.00600133
0.00600122
0.0060011
0.00600099
0.00600088
0.00600076
0.00600065
0.00600053
0.00600042
0.00600031
0.0060002
0.00600009
0.00599998
0.00599987
0.00599977
0.00599966
0.00599956
0.00599945
0.00599935
0.00599925
0.00599916
0.00599906
0.00599897
0.00599887
0.00599878
0.0059987
0.00599861
0.00599853
0.00599845
0.00599837
0.00599829
0.00599822
0.00599815
0.00599808
0.00599801
0.00599795
0.00599789
0.00599783
0.00599777
0.00599772
0.00599767
0.00599762
0.00599758
0.00599754
0.0059975
0.00599747
0.00599743
0.0059974
0.00599738
0.00599735
0.00599733
0.00599731
0.0059973
0.00599729
0.00599728
0.00599727
0.00599727
0.00599726
0.00599727
0.00599727
0.00599728
0.00599729
0.0059973
0.00599731
0.00599733
0.00599735
0.00599737
0.0059974
0.00599743
0.00599746
0.00599749
0.00599752
0.00599756
0.0059976
0.00599764
0.00599768
0.00599772
0.00599777
0.00599781
0.00599786
0.00599791
0.00599797
0.00599802
0.00599808
0.00599813
0.00599819
0.00599825
0.00599831
0.00599837
0.00599844
0.0059985
0.00599856
0.00599863
0.00599869
0.00599876
0.00599883
0.0059989
0.00599896
0.00599903
0.0059991
0.00599917
0.00599924
0.00599931
0.00599938
0.00599945
0.00599952
0.00599958
0.00599965
0.00599972
0.00599979
0.00599986
0.00599992
0.00599999
0.00600005
0.00600012
0.00600018
0.00600025
0.00600031
0.00600037
0.00600043
0.00600049
0.00600055
0.0060006
0.00600066
0.00600072
0.00600077
0.00600082
0.00600087
0.00600092
0.00600097
0.00600102
0.00600106
0.0060011
0.00600115
0.00600119
0.00600123
0.00600126
0.0060013
0.00600133
0.00600136
0.0060014
0.00600142
0.00600145
0.00600148
0.0060015
0.00600152
0.00600154
0.00600156
0.00600158
0.00600159
0.00600161
0.00600162
0.00600163
0.00600164
0.00600164
0.00600165
0.00600165
0.00600165
0.00600165
0.00600165
0.00600165
0.00600164
0.00600163
0.00600163
0.00600162
0.0060016
0.00600159
0.00600158
0.00600156
0.00600154
0.00600152
0.0060015
0.00600148
0.00600146
0.00600144
0.00600141
0.00600139
0.00600136
0.00600133
0.0060013
0.00600127
0.00600124
0.00600121
0.00600117
0.00600114
0.0060011
0.00600107
0.00600103
0.006001
0.00600096
0.00600092
0.00600088
0.00600084
0.0060008
0.00600076
0.00600072
0.00600068
0.00600064
0.0060006
0.00600056
0.00600052
0.00600047
0.00600043
0.00600039
0.00600035
0.00600031
0.00600027
0.00600022
0.00600018
0.00600014
0.0060001
0.00600006
0.00600002
0.00599998
0.00599994
0.0059999
0.00599987
0.00599983
0.00599979
0.00599975
0.00599972
0.00599968
0.00599965
0.00599961
0.00599958
0.00599955
0.00599952
0.00599948
0.00599945
0.00599943
0.0059994
0.00599937
0.00599934
0.00599932
0.00599929
0.00599927
0.00599925
0.00599922
0.0059992
0.00599918
0.00599916
0.00599915
0.00599913
0.00599911
0.0059991
0.00599908
0.00599907
0.00599906
0.00599905
0.00599904
0.00599903
0.00599902
0.00599902
0.00599901
0.00599901
0.00599901
0.005999
0.005999
0.005999
0.005999
0.00599901
0.00599901
0.00599901
0.00599902
0.00599902
0.00599903
0.00599904
0.00599904
0.00599905
0.00599906
0.00599908
0.00599909
0.0059991
0.00599911
0.00599913
0.00599914
0.00599916
0.00599917
0.00599919
0.00599921
0.00599923
0.00599924
0.00599926
0.00599928
0.0059993
0.00599933
0.00599935
0.00599937
0.00599939
0.00599941
0.00599944
0.00599946
0.00599948
0.00599951
0.00599953
0.00599955
0.00599958
0.0059996
0.00599963
0.00599965
0.00599968
0.0059997
0.00599973
0.00599975
0.00599978
0.00599981
0.00599983
0.00599986
0.00599988
0.0059999
0.00599993
0.00599995
0.00599998
0.006
0.00600003
0.00600005
0.00600007
0.0060001
0.00600012
0.00600014
0.00600016
0.00600018
0.00600021
0.00600023
0.00600025
0.00600027
0.00600029
0.0060003
0.00600032
0.00600034
0.00600036
0.00600038
0.00600039
0.00600041
0.00600042
0.00600044
0.00600045
0.00600046
0.00600048
0.00600049
0.0060005
0.00600051
0.00600052
0.00600053
0.00600054
0.00600055
0.00600056
0.00600056
0.00600057
0.00600058
0.00600058
0.00600059
0.00600059
0.00600059
0.0060006
0.0060006
0.0060006
0.0060006
0.0060006
0.0060006
0.0060006
0.0060006
0.0060006
0.00600059
0.00600059
0.00600059
0.00600058
0.00600058
0.00600057
0.00600057
0.00600056
0.00600055
0.00600055
0.00600054
0.00600053
0.00600052
0.00600051
0.0060005
0.00600049
0.00600048
0.00600047
0.00600046
0.00600045
0.00600044
0.00600042
0.00600041
0.0060004
0.00600039
0.00600037
0.00600036
0.00600035
0.00600033
0.00600032
0.0060003
0.00600029
0.00600027
0.00600026
0.00600024
0.00600023
0.00600021
0.0060002
0.00600018
0.00600017
0.00600015
0.00600014
0.00600012
0.00600011
0.00600009
0.00600008
0.00600006
0.00600005
0.00600003
0.00600002
0.006
0.00599999
0.00599998
0.00599996
0.00599995
0.00599993
0.00599992
0.00599991
0.00599989
0.00599988
0.00599987
0.00599986
0.00599984
0.00599983
0.00599982
0.00599981
0.0059998
0.00599979
0.00599978
0.00599977
0.00599976
0.00599975
0.00599974
0.00599973
0.00599972
0.00599971
0.00599971
0.0059997
0.00599969
0.00599969
0.00599968
0.00599968
0.00599967
0.00599966
0.00599966
0.00599966
0.00599965
0.00599965
0.00599965
0.00599964
0.00599964
0.00599964
0.00599964
0.00599964
0.00599964
0.00599964
0.00599964
0.00599964
0.00599964
0.00599964
0.00599964
0.00599964
0.00599964
0.00599965
0.00599965
0.00599965
0.00599966
0.00599966
0.00599966
0.00599967
0.00599967
0.00599968
0.00599968
0.00599969
0.00599969
0.0059997
0.00599971
0.00599971
0.00599972
0.00599973
0.00599973
0.00599974
0.00599975
0.00599976
0.00599976
0.00599977
0.00599978
0.00599979
0.0059998
0.00599981
0.00599981
0.00599982
0.00599983
0.00599984
0.00599985
0.00599986
0.00599987
0.00599988
0.00599989
0.00599989
0.0059999
0.00599991
0.00599992
0.00599993
0.00599994
0.00599995
0.00599996
0.00599997
0.00599998
0.00599999
0.00599999
0.006
0.00600001
0.00600002
0.00600003
0.00600004
0.00600005
0.00600005
0.00600006
0.00600007
0.00600008
0.00600008
0.00600009
0.0060001
0.00600011
0.00600011
0.00600012
0.00600013
0.00600013
0.00600014
0.00600014
0.00600015
0.00600016
0.00600016
0.00600017
0.00600017
0.00600018
0.00600018
0.00600018
0.00600019
0.00600019
0.0060002
0.0060002
0.0060002
0.0060002
0.00600021
0.00600021
0.00600021
0.00600021
0.00600021
0.00600022
0.00600022
0.00600022
0.00600022
0.00600022
0.00600022
0.00600022
0.00600022
0.00600022
0.00600022
0.00600022
0.00600022
0.00600022
0.00600021
0.00600021
0.00600021
0.00600021
0.00600021
0.0060002
0.0060002
0.0060002
0.0060002
0.00600019
0.00600019
0.00600019
0.00600018
0.00600018
0.00600017
0.00600017
0.00600017
0.00600016
0.00600016
0.00600015
0.00600015
0.00600014
0.00600014
0.00600013
0.00600013
0.00600012
0.00600012
0.00600011
0.00600011
0.0060001
0.0060001
0.00600009
0.00600009
0.00600008
0.00600008
0.00600007
0.00600007
0.00600006
0.00600005
0.00600005
0.00600004
0.00600004
0.00600003
0.00600003
0.00600002
0.00600002
0.00600001
0.00600001
0.006
0.00599999
0.00599999
0.00599998
0.00599998
0.00599997
0.00599997
0.00599996
0.00599996
0.00599996
0.00599995
0.00599995
0.00599994
0.00599994
0.00599993
0.00599993
0.00599993
0.00599992
0.00599992
0.00599991
0.00599991
0.00599991
0.0059999
0.0059999
0.0059999
0.0059999
0.00599989
0.00599989
0.00599989
0.00599989
0.00599988
0.00599988
0.00599988
0.00599988
0.00599988
0.00599987
0.00599987
0.00599987
0.00599987
0.00599987
0.00599987
0.00599987
0.00599987
0.00599987
0.00599987
0.00599987
0.00599987
0.00599987
0.00599987
0.00599987
0.00599987
0.00599987
0.00599987
0.00599987
0.00599987
0.00599987
0.00599987
0.00599988
0.00599988
0.00599988
0.00599988
0.00599988
0.00599988
0.00599989
0.00599989
0.00599989
0.00599989
0.0059999
0.0059999
0.0059999
0.0059999
0.00599991
0.00599991
0.00599991
0.00599991
0.00599992
0.00599992
0.00599992
0.00599993
0.00599993
0.00599993
0.00599994
0.00599994
0.00599994
0.00599995
0.00599995
0.00599995
0.00599996
0.00599996
0.00599996
0.00599997
0.00599997
0.00599997
0.00599998
0.00599998
0.00599998
0.00599999
0.00599999
0.00599999
0.006
0.006
0.006
0.00600001
0.00600001
0.00600001
0.00600001
0.00600002
0.00600002
0.00600002
0.00600003
0.00600003
0.00600003
0.00600003
0.00600004
0.00600004
0.00600004
0.00600004
0.00600005
0.00600005
0.00600005
0.00600005
0.00600006
0.00600006
0.00600006
0.00600006
0.00600006
0.00600006
0.00600007
0.00600007
0.00600007
0.00600007
0.00600007
0.00600007
0.00600007
0.00600007
0.00600008
0.00600008
0.00600008
0.00600008
0.00600008
0.00600008
0.00600008
0.00600008
0.00600008
0.00600008
0.00600008
0.00600008
0.00600008
0.00600008
0.00600008
0.00600008
0.00600008
0.00600008
0.00600008
0.00600008
0.00600008
0.00600008
0.00600008
0.00600007
0.00600007
0.00600007
0.00600007
0.00600007
0.00600007
0.00600007
0.00600007
0.00600006
0.00600006
0.00600006
0.00600006
0.00600006
0.00600006
0.00600006
0.00600005
0.00600005
0.00600005
0.00600005
0.00600005
0.00600004
0.00600004
0.00600004
0.00600004
0.00600004
0.00600004
0.00600003
0.00600003
0.00600003
0.00600003
0.00600003
0.00600002
0.00600002
0.00600002
0.00600002
0.00600002
0.00600001
0.00600001
0.00600001
0.00600001
0.00600001
0.006
0.006
0.006
0.006
0.006
0.00599999
0.00599999
0.00599999
0.00599999
0.00599999
0.00599998
0.00599998
0.00599998
0.00599998
0.00599998
0.00599998
0.00599998
0.00599997
0.00599997
0.00599997
0.00599997
0.00599997
0.00599997
0.00599997
0.00599996
0.00599996
0.00599996
0.00599996
0.00599996
0.00599996
0.00599996
0.00599996
0.00599996
0.00599996
0.00599996
0.00599996
0.00599995
0.00599995
0.00599995
0.00599995
0.00599995
0.00599995
0.00599995
0.00599995
0.00599995
0.00599995
0.00599995
0.00599995
0.00599995
0.00599995
0.00599995
0.00599995
0.00599995
0.00599995
0.00599995
0.00599995
0.00599995
0.00599995
0.00599995
0.00599996
0.00599996
0.00599996
0.00599996
0.00599996
0.00599996
0.00599996
0.00599996
0.00599996
0.00599996
0.00599996
0.00599996
0.00599996
0.00599997
0.00599997
0.00599997
0.00599997
0.00599997
0.00599997
0.00599997
0.00599997
0.00599997
0.00599997
0.00599998
0.00599998
0.00599998
0.00599998
0.00599998
0.00599998
0.00599998
0.00599998
0.00599999
0.00599999
0.00599999
0.00599999
0.00599999
0.00599999
0.00599999
0.00599999
0.006
0.006
0.006
0.006
0.006
0.006
0.006
0.006
0.006
0.00600001
0.00600001
0.00600001
0.00600001
0.00600001
0.00600001
0.00600001
0.00600001
0.00600001
0.00600001
0.00600002
0.00600002
0.00600002
0.00600002
0.00600002
0.00600002
0.00600002
0.00600002
0.00600002
0.00600002
0.00600002
0.00600002
0.00600002
0.00600002
0.00600003
0.00600003
0.00600003
0.00600003
0.00600003
0.00600003
0.00600003
0.00600003
0.00600003
0.00600003
0.00600003
0.00600003
0.00600003
0.00600003
0.00600003
0.00600003
0.00600003
0.00600003
0.00600003
0.00600003
0.00600003
0.00600003
0.00600003
0.00600003
0.00600003
0.00600003
0.00600003
0.00600003
0.00600003
0.00600003
0.00600003
0.00600003
0.00600003
0.00600003
0.00600002
0.00600002
0.00600002
0.00600002
0.00600002
0.00600002
0.00600002
0.00600002
0.00600002
0.00600002
0.00600002
0.00600002
0.00600002
0.00600002
0.00600002
0.00600002
0.00600002
0.00600001
0.00600001
0.00600001
0.00600001
0.00600001
0.00600001
0.00600001
0.00600001
0.00600001
0.00600001
0.00600001
0.00600001
0.00600001
0.00600001
0.006
0.006
0.006
0.006
0.006
0.006
0.006
0.006
0.006
0.006
0.006
0.006
0.006
0.006
0.00599999
0.00599999
0.00599999
0.00599999
0.00599999
0.00599999
0.00599999
0.00599999
0.00599999
0.00599999
0.00599999
0.00599999
0.00599999
0.00599999
0.00599999
0.00599999
0.00599999
0.00599999
0.00599999
0.00599999
0.00599999
0.00599998
0.00599998
0.00599998
0.00599998
0.00599998
0.00599998
0.00599998
0.00599998
0.00599998
0.00599998
0.00599998
0.00599998
0.00599998
0.00599998
0.00599998
0.00599998
0.00599998
0.00599998
0.00599998
0.00599998
0.00599998
0.00599998
0.00599998
0.00599998
0.00599998
0.00599998
0.00599998
0.00599998
0.00599998
0.00599998
0.00599998
0.00599998
0.00599998
0.00599998
0.00599998
0.00599999
0.00599999
0.00599999
0.00599999
0.00599999
0.00599999
0.00599999
0.00599999
0.00599999
0.00599999
0.00599999
0.00599999
0.00599999
0.00599999
0.00599999
0.00599999
0.00599999
0.00599999
0.00599999
0.00599999
0.00599999
0.00599999
0.00599999
0.00599999
0.00599999
0.00599999
0.006
0.006
0.006
0.006
0.006
0.006
0.006
0.006
0.006
0.006
0.006
0.006
0.006
0.006
0.006
0.006
0.006
0.006
0.006
0.006
0.006
0.006
0.006
0.006
0.00600001
0.00600001
0.00600001
0.00600001
0.00600001
0.00600001
0.00600001
0.00600001
0.00600001
0.00600001
0.00600001
0.00600001
0.00600001
0.00600001
0.00600001
0.00600001
0.00600001
0.00600001
0.00600001
0.00600001
0.00600001
0.00600001
0.00600001
0.00600001
0.00600001
0.00600001
0.00600001
0.00600001
0.00600001
0.00600001
0.00600001
0.00600001
0.00600001
0.00600001
0.00600001
0.00600001
0.00600001
0.00600001
0.00600001
0.00600001
0.00600001
0.00600001
0.00600001
0.00600001
0.00600001
0.00600001
0.00600001
0.00600001
0.00600001
0.00600001
0.00600001
0.00600001
0.00600001
0.00600001
0.00600001
0.00600001
0.00600001
0.00600001
0.00600001
0.00600001
0.00600001
0.00600001
0.00600001
0.00600001
0.00600001
0.00600001
0.00600001
0.00600001
0.00600001
0.006
0.006
0.006
0.006
0.006
0.006
0.006
0.006
0.006
0.006
0.006
0.006
0.006
0.006
0.006
0.006
0.006
0.006
0.006
0.006
0.006
0.006
0.006
0.006
0.006
0.006
0.006
0.006
0.006
0.006
0.006
0.006
0.006
0.006
0.006
0.006
0.006
0.006
0.006
0.006
0.006
0.006
0.006
0.00599999
0.00599999
0.00599999
0.00599999
0.00599999
0.00599999
0.00599999
0.00599999
0.00599999
0.00599999
0.00599999
0.00599999
0.00599999
0.00599999
