0
0
5.42609e-09
2.21614e-08
5.65355e-08
1.15314e-07
2.05686e-07
3.35255e-07
5.12024e-07
7.44387e-07
1.04111e-06
1.41134e-06
1.86454e-06
2.41055e-06
3.05951e-06
3.82188e-06
4.70842e-06
5.73017e-06
6.89843e-06
8.22478e-06
9.72101e-06
1.13992e-05
1.32715e-05
1.53504e-05
1.76486e-05
2.01788e-05
2.29541e-05
2.59873e-05
2.92919e-05
3.28811e-05
3.67683e-05
4.09671e-05
4.5491e-05
5.03535e-05
5.55685e-05
6.11495e-05
6.71103e-05
7.34645e-05
8.02258e-05
8.74079e-05
9.50242e-05
0.000103088
0.000111614
0.000120614
0.000130102
0.000140092
0.000150595
0.000161625
0.000173196
0.000185318
0.000198006
0.000211271
0.000225124
0.000239579
0.000254646
0.000270338
0.000286664
0.000303637
0.000321267
0.000339564
0.000358538
0.0003782
0.000398559
0.000419624
0.000441405
0.000463909
0.000487147
0.000511124
0.00053585
0.000561333
0.000587578
0.000614592
0.000642383
0.000670957
0.000700319
0.000730474
0.000761428
0.000793185
0.00082575
0.000859127
0.00089332
0.000928331
0.000964164
0.00100082
0.00103831
0.00107662
0.00111576
0.00115573
0.00119654
0.00123818
0.00128065
0.00132395
0.00136809
0.00141306
0.00145886
0.00150548
0.00155293
0.00160121
0.00165031
0.00170023
0.00175096
0.00180251
0.00185486
0.00190802
0.00196199
0.00201674
0.00207229
0.00212863
0.00218574
0.00224364
0.0023023
0.00236172
0.00242191
0.00248284
0.00254452
0.00260694
0.00267008
0.00273395
0.00279854
0.00286383
0.00292983
0.00299652
0.00306389
0.00313194
0.00320065
0.00327003
0.00334006
0.00341073
0.00348203
0.00355396
0.00362651
0.00369966
0.00377342
0.00384776
0.00392268
0.00399818
0.00407424
0.00415085
0.00422801
0.0043057
0.00438392
0.00446265
0.0045419
0.00462164
0.00470188
0.00478259
0.00486378
0.00494544
0.00502755
0.0051101
0.0051931
0.00527653
0.00536038
0.00544464
0.00552931
0.00561438
0.00569984
0.00578568
0.0058719
0.00595849
0.00604543
0.00613273
0.00622038
0.00630837
0.0063967
0.00648535
0.00657432
0.00666361
0.0067532
0.00684311
0.00693331
0.0070238
0.00711459
0.00720565
0.007297
0.00738862
0.00748051
0.00757267
0.00766509
0.00775777
0.0078507
0.00794389
0.00803732
0.008131
0.00822493
0.0083191
0.00841351
0.00850815
0.00860303
0.00869815
0.00879349
0.00888907
0.00898488
0.00908092
0.00917719
0.00927369
0.00937042
0.00946737
0.00956456
0.00966197
0.00975962
0.00985749
0.0099556
0.0100539
0.0101525
0.0102513
0.0103504
0.0104496
0.0105492
0.0106489
0.0107489
0.0108492
0.0109497
0.0110505
0.0111515
0.0112527
0.0113543
0.0114561
0.0115581
0.0116604
0.011763
0.0118659
0.0119691
0.0120725
0.0121762
0.0122802
0.0123845
0.0124891
0.012594
0.0126992
0.0128047
0.0129106
0.0130167
0.0131232
0.01323
0.0133371
0.0134445
0.0135523
0.0136604
0.0137689
0.0138777
0.0139868
0.0140964
0.0142062
0.0143165
0.0144271
0.0145381
0.0146494
0.0147611
0.0148732
0.0149857
0.0150986
0.0152119
0.0153256
0.0154396
0.0155541
0.015669
0.0157843
0.0158999
0.016016
0.0161326
0.0162495
0.0163669
0.0164846
0.0166029
0.0167215
0.0168406
0.0169601
0.01708
0.0172004
0.0173212
0.0174424
0.0175641
0.0176862
0.0178088
0.0179318
0.0180552
0.0181791
0.0183035
0.0184282
0.0185535
0.0186792
0.0188053
0.0189319
0.0190589
0.0191863
0.0193142
0.0194426
0.0195714
0.0197006
0.0198303
0.0199604
0.020091
0.020222
0.0203534
0.0204853
0.0206176
0.0207503
0.0208835
0.0210171
0.0211511
0.0212855
0.0214204
0.0215557
0.0216914
0.0218275
0.021964
0.0221009
0.0222383
0.022376
0.0225141
0.0226526
0.0227915
0.0229308
0.0230705
0.0232106
0.023351
0.0234918
0.023633
0.0237746
0.0239165
0.0240588
0.0242014
0.0243443
0.0244877
0.0246313
0.0247753
0.0249196
0.0250643
0.0252093
0.0253546
0.0255002
0.0256461
0.0257923
0.0259388
0.0260857
0.0262328
0.0263802
0.0265279
0.0266759
0.0268241
0.0269726
0.0271214
0.0272704
0.0274197
0.0275693
0.0277191
0.0278691
0.0280194
0.0281699
0.0283207
0.0284716
0.0286228
0.0287742
0.0289259
0.0290777
0.0292298
0.029382
0.0295344
0.0296871
0.0298399
0.0299929
0.0301461
0.0302995
0.030453
0.0306068
0.0307607
0.0309147
0.0310689
0.0312233
0.0313778
0.0315325
0.0316874
0.0318423
0.0319974
0.0321527
0.0323081
0.0324636
0.0326193
0.0327751
0.032931
0.033087
0.0332432
0.0333995
0.0335559
0.0337124
0.033869
0.0340258
0.0341826
0.0343396
0.0344966
0.0346538
0.0348111
0.0349684
0.0351259
0.0352835
0.0354411
0.0355989
0.0357568
0.0359147
0.0360727
0.0362309
0.0363891
0.0365474
0.0367058
0.0368643
0.0370229
0.0371815
0.0373403
0.0374991
0.037658
0.037817
0.0379761
0.0381353
0.0382945
0.0384538
0.0386133
0.0387728
0.0389323
0.039092
0.0392518
0.0394116
0.0395715
0.0397315
0.0398916
0.0400517
0.040212
0.0403723
0.0405327
0.0406932
0.0408538
0.0410144
0.0411752
0.041336
0.0414969
0.0416579
0.041819
0.0419802
0.0421414
0.0423027
0.0424642
0.0426257
0.0427873
0.042949
0.0431107
0.0432726
0.0434345
0.0435966
0.0437587
0.0439209
0.0440832
0.0442455
0.044408
0.0445706
0.0447332
0.0448959
0.0450588
0.0452217
0.0453847
0.0455477
0.0457109
0.0458742
0.0460375
0.0462009
0.0463644
0.046528
0.0466917
0.0468555
0.0470193
0.0471833
0.0473473
0.0475114
0.0476756
0.0478398
0.0480042
0.0481686
0.0483331
0.0484977
0.0486624
0.0488271
0.0489919
0.0491568
0.0493217
0.0494868
0.0496519
0.049817
0.0499823
0.0501476
0.0503129
0.0504784
0.0506439
0.0508094
0.050975
0.0511407
0.0513064
0.0514722
0.051638
0.0518039
0.0519698
0.0521358
0.0523018
0.0524679
0.052634
0.0528001
0.0529663
0.0531325
0.0532988
0.0534651
0.0536314
0.0537977
0.053964
0.0541304
0.0542968
0.0544632
0.0546296
0.0547961
0.0549625
0.055129
0.0552954
0.0554619
0.0556283
0.0557948
0.0559612
0.0561277
0.0562941
0.0564605
0.0566269
0.0567933
0.0569596
0.057126
0.0572923
0.0574585
0.0576248
0.057791
0.0579571
0.0581233
0.0582893
0.0584554
0.0586214
0.0587873
0.0589532
0.059119
0.0592847
0.0594504
0.0596161
0.0597816
0.0599471
0.0601125
0.0602779
0.0604431
0.0606083
0.0607734
0.0609384
0.0611033
0.0612681
0.0614328
0.0615975
0.061762
0.0619264
0.0620908
0.062255
0.0624191
0.0625831
0.0627469
0.0629107
0.0630743
0.0632379
0.0634012
0.0635645
0.0637276
0.0638907
0.0640535
0.0642163
0.0643789
0.0645413
0.0647036
0.0648658
0.0650278
0.0651897
0.0653514
0.065513
0.0656744
0.0658357
0.0659968
0.0661577
0.0663185
0.0664791
0.0666396
0.0667999
0.06696
0.06712
0.0672797
0.0674393
0.0675988
0.067758
0.0679171
0.068076
0.0682347
0.0683932
0.0685516
0.0687097
0.0688677
0.0690255
0.0691831
0.0693405
0.0694977
0.0696547
0.0698115
0.0699682
0.0701246
0.0702808
0.0704369
0.0705927
0.0707483
0.0709038
0.071059
0.071214
0.0713688
0.0715234
0.0716778
0.071832
0.071986
0.0721398
0.0722933
0.0724467
0.0725998
0.0727527
0.0729054
0.0730579
0.0732102
0.0733622
0.0735141
0.0736657
0.0738171
0.0739683
0.0741192
0.0742699
0.0744205
0.0745707
0.0747208
0.0748706
0.0750202
0.0751696
0.0753187
0.0754677
0.0756163
0.0757648
0.075913
0.076061
0.0762088
0.0763563
0.0765036
0.0766506
0.0767975
0.076944
0.0770904
0.0772365
0.0773823
0.077528
0.0776733
0.0778185
0.0779634
0.078108
0.0782524
0.0783966
0.0785405
0.0786841
0.0788275
0.0789707
0.0791136
0.0792562
0.0793986
0.0795408
0.0796827
0.0798243
0.0799657
0.0801068
0.0802476
0.0803882
0.0805286
0.0806686
0.0808084
0.080948
0.0810872
0.0812262
0.081365
0.0815034
0.0816416
0.0817795
0.0819172
0.0820545
0.0821916
0.0823284
0.082465
0.0826012
0.0827372
0.0828728
0.0830082
0.0831434
0.0832782
0.0834127
0.0835469
0.0836809
0.0838145
0.0839479
0.084081
0.0842137
0.0843462
0.0844784
0.0846102
0.0847418
0.084873
0.085004
0.0851346
0.0852649
0.0853949
0.0855246
0.085654
0.0857831
0.0859118
0.0860402
0.0861683
0.0862961
0.0864236
0.0865507
0.0866775
0.086804
0.0869301
0.0870559
0.0871814
0.0873065
0.0874313
0.0875558
0.0876799
0.0878037
0.0879271
0.0880502
0.0881729
0.0882953
0.0884173
0.088539
0.0886604
0.0887813
0.0889019
0.0890222
0.0891421
0.0892616
0.0893808
0.0894996
0.089618
0.0897361
0.0898538
0.0899712
0.0900881
0.0902047
0.0903209
0.0904367
0.0905522
0.0906672
0.0907819
0.0908962
0.0910102
0.0911237
0.0912368
0.0913496
0.091462
0.0915739
0.0916855
0.0917967
0.0919075
0.0920179
0.0921279
0.0922375
0.0923467
0.0924555
0.0925639
0.0926719
0.0927794
0.0928866
0.0929934
0.0930997
0.0932057
0.0933112
0.0934163
0.093521
0.0936253
0.0937292
0.0938326
0.0939357
0.0940383
0.0941405
0.0942423
0.0943436
0.0944445
0.094545
0.0946451
0.0947448
0.094844
0.0949428
0.0950411
0.0951391
0.0952366
0.0953336
0.0954303
0.0955265
0.0956222
0.0957175
0.0958124
0.0959069
0.0960009
0.0960945
0.0961876
0.0962803
0.0963726
0.0964644
0.0965557
0.0966467
0.0967372
0.0968272
0.0969168
0.0970059
0.0970946
0.0971829
0.0972707
0.097358
0.0974449
0.0975314
0.0976174
0.0977029
0.097788
0.0978726
0.0979568
0.0980406
0.0981239
0.0982067
0.098289
0.098371
0.0984524
0.0985334
0.0986139
0.098694
0.0987737
0.0988528
0.0989315
0.0990098
0.0990875
0.0991649
0.0992417
0.0993181
0.099394
0.0994695
0.0995445
0.099619
0.0996931
0.0997667
0.0998398
0.0999125
0.0999847
0.100056
0.100128
0.100199
0.100269
0.100339
0.100408
0.100477
0.100545
0.100613
0.100681
0.100748
0.100814
0.100881
0.100946
0.101011
0.101076
0.10114
0.101204
0.101267
0.10133
0.101392
0.101454
0.101515
0.101576
0.101636
0.101696
0.101756
0.101814
0.101873
0.101931
0.101988
0.102045
0.102102
0.102158
0.102213
0.102268
0.102323
0.102377
0.10243
0.102484
0.102536
0.102588
0.10264
0.102691
0.102742
0.102792
0.102841
0.102891
0.102939
0.102987
0.103035
0.103082
0.103129
0.103175
0.103221
0.103266
0.103311
0.103355
0.103399
0.103442
0.103484
0.103527
0.103568
0.10361
0.10365
0.10369
0.10373
0.103769
0.103808
0.103846
0.103884
0.103921
0.103958
0.103994
0.104029
0.104065
0.104099
0.104133
0.104167
0.1042
0.104233
0.104265
0.104296
0.104327
0.104358
0.104388
0.104417
0.104446
0.104475
0.104503
0.10453
0.104557
0.104584
0.10461
0.104635
0.10466
0.104684
0.104708
0.104732
0.104754
0.104777
0.104798
0.10482
0.10484
0.104861
0.10488
0.1049
0.104918
0.104936
0.104954
0.104971
0.104988
0.105004
0.105019
0.105034
0.105049
0.105063
0.105076
0.105089
0.105101
0.105113
0.105125
0.105136
0.105146
0.105156
0.105165
0.105174
0.105182
0.105189
0.105197
0.105203
0.105209
0.105215
0.10522
0.105225
0.105229
0.105232
0.105235
0.105237
0.105239
0.105241
0.105242
0.105242
0.105242
0.105241
0.10524
0.105238
0.105236
0.105233
0.105229
0.105226
0.105221
0.105216
0.105211
0.105205
0.105198
0.105191
0.105184
0.105176
0.105167
0.105158
0.105148
0.105138
0.105127
0.105116
0.105105
0.105092
0.105079
0.105066
0.105052
0.105038
0.105023
0.105008
0.104992
0.104975
0.104958
0.104941
0.104923
0.104904
0.104885
0.104866
0.104846
0.104825
0.104804
0.104782
0.10476
0.104738
0.104714
0.104691
0.104667
0.104642
0.104617
0.104591
0.104565
0.104538
0.10451
0.104483
0.104454
0.104425
0.104396
0.104366
0.104336
0.104305
0.104273
0.104242
0.104209
0.104176
0.104143
0.104109
0.104074
0.104039
0.104004
0.103968
0.103931
0.103894
0.103857
0.103819
0.10378
0.103741
0.103702
0.103662
0.103621
0.10358
0.103538
0.103496
0.103454
0.103411
0.103367
0.103323
0.103278
0.103233
0.103188
0.103142
0.103095
0.103048
0.103
0.102952
0.102904
0.102855
0.102805
0.102755
0.102705
0.102654
0.102602
0.10255
0.102497
0.102444
0.102391
0.102337
0.102282
0.102227
0.102172
0.102116
0.10206
0.102003
0.101945
0.101887
0.101829
0.10177
0.101711
0.101651
0.10159
0.101529
0.101468
0.101406
0.101344
0.101281
0.101218
0.101154
0.10109
0.101025
0.10096
0.100895
0.100828
0.100762
0.100695
0.100627
0.100559
0.100491
0.100422
0.100352
0.100282
0.100212
0.100141
0.10007
0.0999979
0.0999256
0.0998529
0.0997797
0.099706
0.0996318
0.0995572
0.0994821
0.0994065
0.0993305
0.099254
0.0991771
0.0990997
0.0990218
0.0989435
0.0988647
0.0987855
0.0987057
0.0986256
0.098545
0.0984639
0.0983823
0.0983004
0.0982179
0.098135
0.0980517
0.0979679
0.0978836
0.0977989
0.0977138
0.0976281
0.0975421
0.0974556
0.0973687
0.0972813
0.0971934
0.0971052
0.0970165
0.0969273
0.0968377
0.0967477
0.0966572
0.0965663
0.0964749
0.0963831
0.0962909
0.0961982
0.0961051
0.0960116
0.0959176
0.0958232
0.0957284
0.0956332
0.0955375
0.0954414
0.0953448
0.0952479
0.0951505
0.0950527
0.0949544
0.0948558
0.0947567
0.0946572
0.0945573
0.094457
0.0943562
0.0942551
0.0941535
0.0940515
0.0939491
0.0938463
0.0937431
0.0936394
0.0935354
0.0934309
0.0933261
0.0932208
0.0931151
0.0930091
0.0929026
0.0927957
0.0926885
0.0925808
0.0924727
0.0923643
0.0922554
0.0921461
0.0920365
0.0919264
0.091816
0.0917052
0.091594
0.0914824
0.0913704
0.091258
0.0911453
0.0910321
0.0909186
0.0908047
0.0906904
0.0905758
0.0904607
0.0903453
0.0902295
0.0901134
0.0899968
0.0898799
0.0897627
0.089645
0.089527
0.0894086
0.0892899
0.0891708
0.0890513
0.0889315
0.0888113
0.0886907
0.0885698
0.0884485
0.0883269
0.0882049
0.0880826
0.0879599
0.0878368
0.0877135
0.0875897
0.0874656
0.0873412
0.0872164
0.0870913
0.0869659
0.0868401
0.0867139
0.0865874
0.0864606
0.0863335
0.086206
0.0860782
0.08595
0.0858215
0.0856927
0.0855636
0.0854341
0.0853043
0.0851742
0.0850438
0.084913
0.0847819
0.0846505
0.0845188
0.0843868
0.0842544
0.0841217
0.0839888
0.0838555
0.0837219
0.083588
0.0834537
0.0833192
0.0831844
0.0830493
0.0829138
0.0827781
0.0826421
0.0825057
0.0823691
0.0822322
0.082095
0.0819575
0.0818197
0.0816816
0.0815432
0.0814045
0.0812656
0.0811263
0.0809868
0.080847
0.0807069
0.0805665
0.0804259
0.080285
0.0801438
0.0800023
0.0798606
0.0797186
0.0795763
0.0794337
0.0792909
0.0791478
0.0790045
0.0788609
0.078717
0.0785729
0.0784285
0.0782839
0.078139
0.0779938
0.0778484
0.0777028
0.0775568
0.0774107
0.0772643
0.0771176
0.0769707
0.0768236
0.0766762
0.0765286
0.0763808
0.0762327
0.0760843
0.0759358
0.075787
0.075638
0.0754887
0.0753392
0.0751895
0.0750396
0.0748894
0.074739
0.0745884
0.0744376
0.0742865
0.0741353
0.0739838
0.0738321
0.0736802
0.0735281
0.0733758
0.0732233
0.0730705
0.0729176
0.0727644
0.0726111
0.0724576
0.0723038
0.0721499
0.0719957
0.0718414
0.0716869
0.0715322
0.0713773
0.0712222
0.0710669
0.0709114
0.0707558
0.0706
0.0704439
0.0702878
0.0701314
0.0699748
0.0698181
0.0696612
0.0695042
0.069347
0.0691896
0.069032
0.0688743
0.0687164
0.0685583
0.0684001
0.0682417
0.0680832
0.0679245
0.0677657
0.0676067
0.0674475
0.0672882
0.0671288
0.0669692
0.0668095
0.0666496
0.0664896
0.0663294
0.0661691
0.0660087
0.0658481
0.0656874
0.0655266
0.0653656
0.0652045
0.0650433
0.064882
0.0647205
0.0645589
0.0643972
0.0642354
0.0640734
0.0639114
0.0637492
0.0635869
0.0634245
0.063262
0.0630994
0.0629367
0.0627738
0.0626109
0.0624479
0.0622847
0.0621215
0.0619582
0.0617948
0.0616312
0.0614676
0.0613039
0.0611402
0.0609763
0.0608123
0.0606483
0.0604842
0.06032
0.0601557
0.0599913
0.0598269
0.0596624
0.0594978
0.0593332
0.0591684
0.0590037
0.0588388
0.0586739
0.0585089
0.0583439
0.0581788
0.0580136
0.0578484
0.0576832
0.0575178
0.0573525
0.0571871
0.0570216
0.0568561
0.0566905
0.056525
0.0563593
0.0561936
0.0560279
0.0558622
0.0556964
0.0555306
0.0553647
0.0551989
0.055033
0.054867
0.0547011
0.0545351
0.0543691
0.0542031
0.054037
0.053871
0.0537049
0.0535389
0.0533728
0.0532067
0.0530406
0.0528744
0.0527083
0.0525422
0.0523761
0.0522099
0.0520558
0.0519136
0.0517831
0.0516641
0.0515566
0.0514603
0.0513751
0.0513008
0.0512371
0.0511839
0.051141
0.0511081
0.051085
0.0510715
0.0510672
0.0510721
0.0510857
0.0511079
0.0511383
0.0511767
0.0512229
0.0512764
0.0513371
0.0514046
0.0514787
0.0515589
0.0516451
0.0517369
0.051834
0.0519361
0.0520429
0.0521541
0.0522692
0.0523881
0.0525104
0.0526358
0.0527639
0.0528945
0.0530272
0.0531618
0.0532978
0.053435
0.0535731
0.0537117
0.0538506
0.0539895
0.054128
0.0542658
0.0544027
0.0545384
0.0546726
0.054805
0.0549353
0.0550633
0.0551886
0.0553111
0.0554305
0.0555465
0.0556589
0.0557675
0.0558719
0.0559721
0.0560677
0.0561586
0.0562446
0.0563254
0.056401
0.056471
0.0565353
0.0565938
0.0566463
0.0566926
0.0567326
0.0567662
0.0567932
0.0568135
0.0568271
0.0568337
0.0568334
0.0568259
0.0568113
0.0567895
0.0567603
0.0567238
0.0566799
0.0566286
0.0565698
0.0565035
0.0564296
0.0563483
0.0562594
0.0561631
0.0560592
0.0559479
0.0558291
0.0557029
0.0555694
0.0554285
0.0552804
0.0551251
0.0549627
0.0547933
0.0546169
0.0544337
0.0542437
0.054047
0.0538438
0.0536342
0.0534183
0.0531961
0.052968
0.0527339
0.052494
0.0522485
0.0519976
0.0517413
0.0514798
0.0512133
0.050942
0.050666
0.0503856
0.0501007
0.0498118
0.0495188
0.0492221
0.0489218
0.0486181
0.0483111
0.0480011
0.0476882
0.0473728
0.0470548
0.0467346
0.0464123
0.0460881
0.0457623
0.0454349
0.0451063
0.0447766
0.0444459
0.0441146
0.0437828
0.0434506
0.0431183
0.042786
0.042454
0.0421224
0.0417914
0.0414612
0.041132
0.0408039
0.0404771
0.0401518
0.0398281
0.0395063
0.0391864
0.0388687
0.0385533
0.0382402
0.0379298
0.0376221
0.0373173
0.0370155
0.0367168
0.0364213
0.0361292
0.0358407
0.0355557
0.0352745
0.0349971
0.0347237
0.0344542
0.0341889
0.0339278
0.0336709
0.0334185
0.0331704
0.0329268
0.0326879
0.0324535
0.0322238
0.0319988
0.0317786
0.0315631
0.0313525
0.0311468
0.0309459
0.0307499
0.0305589
0.0303728
0.0301915
0.0300153
0.0298439
0.0296774
0.0295159
0.0293592
0.0292073
0.0290603
0.0289181
0.0287806
0.0286479
0.0285198
0.0283964
0.0282775
0.0281631
0.0280532
0.0279477
0.0278465
0.0277496
0.0276569
0.0275683
0.0274837
0.0274031
0.0273263
0.0272533
0.027184
0.0271183
0.0270562
0.0269974
0.0269419
0.0268896
0.0268405
0.0267943
0.026751
0.0267105
0.0266727
0.0266375
0.0266047
0.0265742
0.026546
0.0265199
0.0264958
0.0264736
0.0264532
0.0264344
0.0264171
0.0264013
0.0263868
0.0263735
0.0263612
0.02635
0.0263395
0.0263298
0.0263208
0.0263122
0.026304
0.0262962
0.0262885
0.0262809
0.0262732
0.0262654
0.0262574
0.026249
0.0262402
0.0262309
0.0262209
0.0262102
0.0261987
0.0261862
0.0261728
0.0261583
0.0261426
0.0261257
0.0261075
0.0260878
0.0260667
0.026044
0.0260198
0.0259938
0.0259661
0.0259366
0.0259053
0.0258721
0.0258368
0.0257996
0.0257604
0.025719
0.0256755
0.0256298
0.025582
0.0255318
0.0254795
0.0254248
0.0253678
0.0253085
0.0252469
0.0251829
0.0251165
0.0250477
0.0249766
0.0249031
0.0248272
0.0247489
0.0246682
0.0245852
0.0244999
0.0244122
0.0243222
0.0242299
0.0241353
0.0240384
0.0239394
0.0238382
0.0237348
0.0236292
0.0235216
0.023412
0.0233003
0.0231866
0.0230711
0.0229537
0.0228344
0.0227134
0.0225906
0.0224662
0.0223401
0.0222125
0.0220835
0.0219529
0.021821
0.0216878
0.0215533
0.0214176
0.0212808
0.021143
0.0210042
0.0208644
0.0207238
0.0205824
0.0204403
0.0202975
0.0201542
0.0200104
0.0198661
0.0197215
0.0195766
0.0194315
0.0192862
0.0191408
0.0189955
0.0188502
0.0187051
0.0185601
0.0184155
0.0182712
0.0181273
0.0179839
0.017841
0.0176988
0.0175572
0.0174164
0.0172764
0.0171373
0.0169991
0.0168619
0.0167258
0.0165908
0.0164569
0.0163243
0.016193
0.016063
0.0159344
0.0158073
0.0156816
0.0155575
0.0154349
0.015314
0.0151948
0.0150772
0.0149615
0.0148475
0.0147353
0.014625
0.0145166
0.0144101
0.0143055
0.014203
0.0141024
0.0140039
0.0139074
0.013813
0.0137207
0.0136305
0.0135425
0.0134565
0.0133727
0.0132911
0.0132117
0.0131344
0.0130593
0.0129863
0.0129156
0.012847
0.0127806
0.0127164
0.0126543
0.0125944
0.0125367
0.0124811
0.0124276
0.0123763
0.012327
0.0122798
0.0122347
0.0121917
0.0121506
0.0121116
0.0120746
0.0120395
0.0120063
0.0119751
0.0119457
0.0119182
0.0118925
0.0118686
0.0118464
0.0118259
0.0118072
0.0117901
0.0117746
0.0117607
0.0117483
0.0117374
0.0117281
0.0117201
0.0117135
0.0117083
0.0117044
0.0117017
0.0117003
0.0117001
0.011701
0.011703
0.011706
0.0117101
0.0117152
0.0117212
0.0117281
0.0117358
0.0117443
0.0117537
0.0117637
0.0117744
0.0117857
0.0117977
0.0118102
0.0118232
0.0118367
0.0118506
0.0118649
0.0118796
0.0118946
0.0119099
0.0119254
0.0119412
0.0119571
0.0119732
0.0119893
0.0120056
0.0120218
0.0120381
0.0120544
0.0120706
0.0120867
0.0121027
0.0121186
0.0121343
0.0121498
0.0121651
0.0121801
0.0121949
0.0122094
0.0122236
0.0122375
0.012251
0.0122642
0.012277
0.0122893
0.0123013
0.0123129
0.012324
0.0123347
0.012345
0.0123547
0.012364
0.0123728
0.0123812
0.012389
0.0123964
0.0124032
0.0124096
0.0124154
0.0124208
0.0124257
0.0124301
0.0124339
0.0124373
0.0124402
0.0124427
0.0124447
0.0124462
0.0124472
0.0124479
0.0124481
0.0124479
0.0124472
0.0124462
0.0124448
0.012443
0.0124409
0.0124385
0.0124357
0.0124327
0.0124294
0.0124258
0.0124219
0.0124179
0.0124136
0.0124092
0.0124046
0.0123999
0.012395
0.0123901
0.0123851
0.0123801
0.012375
0.0123699
0.0123649
0.0123599
0.012355
0.0123502
0.0123455
0.012341
0.0123366
0.0123325
0.0123286
0.0123249
0.0123215
0.0123185
0.0123157
0.0123133
0.0123113
0.0123097
0.0123086
0.0123079
0.0123076
0.0123079
0.0123087
0.0123101
0.012312
0.0123146
0.0123178
0.0123216
0.0123261
0.0123313
0.0123371
0.0123438
0.0123512
0.0123593
0.0123683
0.012378
0.0123886
0.0124001
0.0124124
0.0124256
0.0124397
0.0124547
0.0124707
0.0124876
0.0125055
0.0125243
0.0125441
0.012565
0.0125868
0.0126097
0.0126336
0.0126586
0.0126846
0.0127117
0.0127398
0.0127691
0.0127994
0.0128308
0.0128633
0.0128969
0.0129316
0.0129674
0.0130044
0.0130424
0.0130816
0.0131218
0.0131632
0.0132057
0.0132494
0.0132941
0.0133399
0.0133869
0.013435
0.0134841
0.0135344
0.0135857
0.0136381
0.0136916
0.0137462
0.0138019
0.0138586
0.0139163
0.0139751
0.0140349
0.0140957
0.0141576
0.0142204
0.0142842
0.014349
0.0144148
0.0144815
0.0145492
0.0146178
0.0146873
0.0147577
0.014829
0.0149011
0.0149741
0.015048
0.0151227
0.0151982
0.0152745
0.0153516
0.0154294
0.015508
0.0155874
0.0156674
0.0157482
0.0158296
0.0159118
0.0159945
0.0160779
0.016162
0.0162466
0.0163319
0.0164177
0.0165041
0.016591
0.0166784
0.0167664
0.0168548
0.0169437
0.0170331
0.0171229
0.0172132
0.0173039
0.017395
0.0174864
0.0175783
0.0176705
0.017763
0.0178559
0.0179491
0.0180426
0.0181364
0.0182305
0.0183248
0.0184194
0.0185142
0.0186093
0.0187046
0.0188001
0.0188958
0.0189917
0.0190877
0.019184
0.0192803
0.0193769
0.0194736
0.0195704
0.0196673
0.0197644
0.0198616
0.0199589
0.0200562
0.0201537
0.0202513
0.0203489
0.0204467
0.0205445
0.0206424
0.0207403
0.0208383
0.0209364
0.0210346
0.0211328
0.021231
0.0213293
0.0214277
0.0215262
0.0216246
0.0217232
0.0218218
0.0219204
0.0220192
0.0221179
0.0222168
0.0223157
0.0224147
0.0225137
0.0226128
0.022712
0.0228113
0.0229107
0.0230102
0.0231097
0.0232094
0.0233092
0.023409
0.023509
0.0236092
0.0237094
0.0238098
0.0239103
0.024011
0.0241118
0.0242128
0.024314
0.0244153
0.0245168
0.0246186
0.0247205
0.0248226
0.0249249
0.0250275
0.0251303
0.0252333
0.0253366
0.0254402
0.025544
0.025648
0.0257524
0.025857
0.025962
0.0260672
0.0261728
0.0262787
0.0263849
0.0264915
0.0265984
0.0267056
0.0268132
0.0269212
0.0270296
0.0271384
0.0272475
0.027357
0.027467
0.0275774
0.0276882
0.0277994
0.027911
0.0280231
0.0281357
0.0282487
0.0283622
0.0284761
0.0285905
0.0287054
0.0288207
0.0289366
0.0290529
0.0291698
0.0292871
0.029405
0.0295234
0.0296422
0.0297616
0.0298816
0.030002
0.030123
0.0302445
0.0303665
0.0304891
0.0306122
0.0307359
0.0308601
0.0309848
0.0311101
0.0312359
0.0313622
0.0314891
0.0316166
0.0317446
0.0318731
0.0320022
0.0321318
0.032262
0.0323927
0.0325239
0.0326557
0.032788
0.0329208
0.0330542
0.0331881
0.0333225
0.0334574
0.0335929
0.0337289
0.0338653
0.0340023
0.0341398
0.0342778
0.0344163
0.0345552
0.0346947
0.0348346
0.034975
0.0351159
0.0352572
0.035399
0.0355413
0.035684
0.0358271
0.0359707
0.0361147
0.0362591
0.0364039
0.0365491
0.0366948
0.0368408
0.0369873
0.0371341
0.0372813
0.0374288
0.0375768
0.037725
0.0378737
0.0380226
0.0381719
0.0383216
0.0384715
0.0386218
0.0387723
0.0389232
0.0390744
0.0392258
0.0393775
0.0395295
0.0396818
0.0398343
0.039987
0.04014
0.0402933
0.0404467
0.0406004
0.0407543
0.0409084
0.0410628
0.0412173
0.041372
0.0415269
0.0416819
0.0418372
0.0419926
0.0421481
0.0423038
0.0424597
0.0426157
0.0427718
0.0429281
0.0430845
0.043241
0.0433976
0.0435544
0.0437112
0.0438682
0.0440252
0.0441824
0.0443396
0.0444969
0.0446543
0.0448118
0.0449693
0.0451269
0.0452846
0.0454423
0.0456001
0.045758
0.0459159
0.0460739
0.0462319
0.04639
0.0465481
0.0467062
0.0468644
0.0470226
0.0471809
0.0473392
0.0474975
0.0476559
0.0478143
0.0479727
0.0481311
0.0482896
0.0484481
0.0486067
0.0487652
0.0489238
0.0490824
0.0492411
0.0493998
0.0495585
0.0497172
0.0498759
0.0500347
0.0501935
0.0503523
0.0505112
0.0506701
0.050829
0.050988
0.051147
0.051306
0.0514651
0.0516242
0.0517833
0.0519425
0.0521017
0.052261
0.0524203
0.0525796
0.052739
0.0528984
0.0530579
0.0532175
0.0533771
0.0535367
0.0536965
0.0538562
0.0540161
0.054176
0.0543359
0.0544959
0.054656
0.0548162
0.0549764
0.0551367
0.0552971
0.0554576
0.0556181
0.0557788
0.0559395
0.0561003
0.0562611
0.0564221
0.0565831
0.0567443
0.0569055
0.0570668
0.0572283
0.0573898
0.0575514
0.0577131
0.0578749
0.0580368
0.0581988
0.0583609
0.0585231
0.0586855
0.0588479
0.0590104
0.0591731
0.0593358
0.0594986
0.0596616
0.0598247
0.0599878
0.0601511
0.0603145
0.060478
0.0606416
0.0608053
0.0609691
0.061133
0.0612971
0.0614612
0.0616254
0.0617898
0.0619542
0.0621188
0.0622834
0.0624482
0.062613
0.062778
0.062943
0.0631082
0.0632734
0.0634387
0.0636041
0.0637696
0.0639352
0.0641009
0.0642666
0.0644325
0.0645984
0.0647644
0.0649305
0.0650966
0.0652628
0.0654291
0.0655954
0.0657618
0.0659283
0.0660948
0.0662613
0.066428
0.0665946
0.0667613
0.0669281
0.0670949
0.0672617
0.0674285
0.0675954
0.0677623
0.0679293
0.0680962
0.0682632
0.0684301
0.0685971
0.0687641
0.0689311
0.0690981
0.069265
0.069432
0.069599
0.0697659
0.0699328
0.0700997
0.0702666
0.0704334
0.0706002
0.070767
0.0709337
0.0711003
0.071267
0.0714335
0.0716
0.0717665
0.0719328
0.0720992
0.0722654
0.0724316
0.0725976
0.0727636
0.0729296
0.0730954
0.0732611
0.0734267
0.0735923
0.0737577
0.073923
0.0740882
0.0742533
0.0744183
0.0745832
0.0747479
0.0749125
0.075077
0.0752413
0.0754055
0.0755696
0.0757335
0.0758973
0.076061
0.0762244
0.0763878
0.0765509
0.0767139
0.0768768
0.0770395
0.077202
0.0773644
0.0775265
0.0776886
0.0778504
0.078012
0.0781735
0.0783348
0.0784959
0.0786568
0.0788175
0.0789781
0.0791384
0.0792986
0.0794585
0.0796183
0.0797778
0.0799372
0.0800964
0.0802553
0.0804141
0.0805726
0.0807309
0.080889
0.0810469
0.0812046
0.0813621
0.0815194
0.0816764
0.0818333
0.0819899
0.0821463
0.0823025
0.0824584
0.0826142
0.0827697
0.082925
0.08308
0.0832349
0.0833895
0.0835439
0.0836981
0.083852
0.0840057
0.0841592
0.0843125
0.0844655
0.0846183
0.0847709
0.0849232
0.0850753
0.0852272
0.0853788
0.0855303
0.0856814
0.0858324
0.0859831
0.0861336
0.0862839
0.0864339
0.0865837
0.0867332
0.0868826
0.0870317
0.0871805
0.0873291
0.0874775
0.0876257
0.0877736
0.0879213
0.0880687
0.088216
0.0883629
0.0885097
0.0886562
0.0888024
0.0889485
0.0890943
0.0892398
0.0893851
0.0895302
0.089675
0.0898196
0.089964
0.0901081
0.090252
0.0903956
0.090539
0.0906822
0.0908251
0.0909678
0.0911102
0.0912524
0.0913943
0.091536
0.0916774
0.0918186
0.0919596
0.0921003
0.0922407
0.0923809
0.0925209
0.0926606
0.0928
0.0929392
0.0930781
0.0932168
0.0933552
0.0934934
0.0936313
0.093769
0.0939063
0.0940435
0.0941803
0.0943169
0.0944532
0.0945893
0.0947251
0.0948606
0.0949958
0.0951308
0.0952655
0.0953999
0.0955341
0.095668
0.0958016
0.0959349
0.0960679
0.0962006
0.0963331
0.0964652
0.0965971
0.0967287
0.09686
0.096991
0.0971217
0.0972521
0.0973822
0.097512
0.0976415
0.0977707
0.0978995
0.0980281
0.0981564
0.0982843
0.098412
0.0985393
0.0986663
0.098793
0.0989193
0.0990453
0.099171
0.0992964
0.0994215
0.0995462
0.0996706
0.0997946
0.0999183
0.100042
0.100165
0.100287
0.10041
0.100532
0.100653
0.100775
0.100896
0.101016
0.101136
0.101256
0.101376
0.101495
0.101614
0.101732
0.10185
0.101968
0.102085
0.102202
0.102318
0.102435
0.10255
0.102666
0.102781
0.102895
0.10301
0.103124
0.103237
0.10335
0.103463
0.103575
0.103687
0.103798
0.103909
0.10402
0.10413
0.10424
0.10435
0.104459
0.104567
0.104676
0.104784
0.104891
0.104998
0.105105
0.105211
0.105316
0.105422
0.105527
0.105631
0.105735
0.105839
0.105942
0.106045
0.106147
0.106249
0.106351
0.106452
0.106552
0.106652
0.106752
0.106851
0.10695
0.107049
0.107147
0.107244
0.107341
0.107438
0.107534
0.10763
0.107725
0.10782
0.107915
0.108009
0.108102
0.108196
0.108288
0.10838
0.108472
0.108563
0.108654
0.108745
0.108835
0.108924
0.109013
0.109102
0.10919
0.109278
0.109365
0.109452
0.109538
0.109624
0.109709
0.109794
0.109879
0.109963
0.110046
0.11013
0.110212
0.110294
0.110376
0.110457
0.110538
0.110619
0.110699
0.110778
0.110857
0.110935
0.111013
0.111091
0.111168
0.111245
0.111321
0.111397
0.111472
0.111547
0.111621
0.111695
0.111768
0.111841
0.111914
0.111986
0.112057
0.112128
0.112199
0.112269
0.112339
0.112408
0.112477
0.112545
0.112613
0.11268
0.112747
0.112813
0.112879
0.112945
0.11301
0.113074
0.113138
0.113202
0.113265
0.113327
0.11339
0.113451
0.113512
0.113573
0.113633
0.113693
0.113752
0.113811
0.113869
0.113927
0.113985
0.114041
0.114098
0.114154
0.114209
0.114264
0.114319
0.114373
0.114426
0.114479
0.114532
0.114584
0.114635
0.114686
0.114737
0.114787
0.114837
0.114886
0.114934
0.114983
0.11503
0.115077
0.115124
0.11517
0.115216
0.115261
0.115306
0.11535
0.115394
0.115437
0.11548
0.115522
0.115564
0.115605
0.115646
0.115686
0.115726
0.115765
0.115804
0.115842
0.11588
0.115917
0.115954
0.11599
0.116026
0.116061
0.116096
0.11613
0.116164
0.116197
0.11623
0.116262
0.116293
0.116325
0.116355
0.116385
0.116415
0.116444
0.116473
0.116501
0.116529
0.116556
0.116582
0.116608
0.116634
0.116659
0.116683
0.116707
0.116731
0.116754
0.116776
0.116798
0.116819
0.11684
0.11686
0.11688
0.1169
0.116918
0.116937
0.116954
0.116972
0.116988
0.117004
0.11702
0.117035
0.11705
0.117064
0.117077
0.11709
0.117103
0.117115
0.117126
0.117137
0.117148
0.117157
0.117167
0.117176
0.117184
0.117192
0.117199
0.117206
0.117212
0.117217
0.117222
0.117227
0.117231
0.117235
0.117238
0.11724
0.117242
0.117243
0.117244
0.117245
0.117244
0.117244
0.117243
0.117241
0.117238
0.117236
0.117232
0.117228
0.117224
0.117219
0.117214
0.117208
0.117201
0.117194
0.117187
0.117178
0.11717
0.117161
0.117151
0.117141
0.11713
0.117119
0.117107
0.117095
0.117082
0.117069
0.117055
0.11704
0.117025
0.11701
0.116994
0.116978
0.116961
0.116943
0.116925
0.116906
0.116887
0.116868
0.116848
0.116827
0.116806
0.116784
0.116762
0.116739
0.116716
0.116692
0.116668
0.116643
0.116618
0.116592
0.116565
0.116539
0.116511
0.116483
0.116455
0.116426
0.116397
0.116367
0.116336
0.116305
0.116274
0.116242
0.116209
0.116176
0.116143
0.116109
0.116074
0.116039
0.116003
0.115967
0.115931
0.115894
0.115856
0.115818
0.115779
0.11574
0.115701
0.115661
0.11562
0.115579
0.115537
0.115495
0.115453
0.115409
0.115366
0.115322
0.115277
0.115232
0.115186
0.11514
0.115094
0.115047
0.114999
0.114951
0.114902
0.114853
0.114804
0.114753
0.114703
0.114652
0.1146
0.114548
0.114496
0.114443
0.114389
0.114335
0.114281
0.114226
0.11417
0.114114
0.114058
0.114001
0.113943
0.113885
0.113827
0.113768
0.113709
0.113649
0.113589
0.113528
0.113467
0.113405
0.113342
0.11328
0.113217
0.113153
0.113089
0.113024
0.112959
0.112893
0.112827
0.112761
0.112694
0.112626
0.112558
0.11249
0.112421
0.112351
0.112281
0.112211
0.11214
0.112069
0.111997
0.111925
0.111852
0.111779
0.111705
0.111631
0.111557
0.111481
0.111406
0.11133
0.111254
0.111177
0.111099
0.111021
0.110943
0.110864
0.110785
0.110706
0.110625
0.110545
0.110464
0.110382
0.1103
0.110218
0.110135
0.110052
0.109968
0.109884
0.109799
0.109714
0.109629
0.109542
0.109456
0.109369
0.109282
0.109194
0.109106
0.109017
0.108928
0.108838
0.108748
0.108658
0.108567
0.108476
0.108384
0.108292
0.108199
0.108106
0.108012
0.107919
0.107824
0.107729
0.107634
0.107538
0.107442
0.107346
0.107249
0.107151
0.107054
0.106955
0.106857
0.106758
0.106658
0.106558
0.106458
0.106357
0.106256
0.106155
0.106053
0.10595
0.105847
0.105744
0.10564
0.105536
0.105432
0.105327
0.105222
0.105116
0.10501
0.104904
0.104797
0.104689
0.104582
0.104474
0.104365
0.104256
0.104147
0.104037
0.103927
0.103817
0.103706
0.103595
0.103483
0.103371
0.103259
0.103146
0.103033
0.102919
0.102805
0.102691
0.102576
0.102461
0.102346
0.10223
0.102114
0.101997
0.10188
0.101763
0.101645
0.101527
0.101409
0.10129
0.101171
0.101052
0.100932
0.100811
0.100691
0.10057
0.100449
0.100327
0.100205
0.100083
0.0999599
0.0998368
0.0997134
0.0995896
0.0994655
0.0993411
0.0992163
0.0990911
0.0989657
0.0988398
0.0987137
0.0985872
0.0984603
0.0983332
0.0982057
0.0980778
0.0979496
0.0978211
0.0976923
0.0975632
0.0974337
0.0973039
0.0971737
0.0970433
0.0969125
0.0967814
0.09665
0.0965183
0.0963862
0.0962539
0.0961212
0.0959882
0.0958549
0.0957213
0.0955874
0.0954531
0.0953186
0.0951838
0.0950486
0.0949132
0.0947775
0.0946414
0.0945051
0.0943685
0.0942315
0.0940943
0.0939568
0.093819
0.0936809
0.0935426
0.0934039
0.0932649
0.0931257
0.0929862
0.0928464
0.0927063
0.0925659
0.0924253
0.0922844
0.0921432
0.0920018
0.09186
0.091718
0.0915758
0.0914332
0.0912904
0.0911473
0.091004
0.0908604
0.0907166
0.0905724
0.0904281
0.0902834
0.0901386
0.0899934
0.089848
0.0897024
0.0895565
0.0894103
0.089264
0.0891173
0.0889704
0.0888233
0.088676
0.0885284
0.0883805
0.0882324
0.0880841
0.0879356
0.0877868
0.0876378
0.0874886
0.0873391
0.0871894
0.0870395
0.0868893
0.086739
0.0865884
0.0864376
0.0862865
0.0861353
0.0859838
0.0858322
0.0856803
0.0855282
0.0853759
0.0852233
0.0850706
0.0849177
0.0847646
0.0846112
0.0844577
0.084304
0.0841501
0.0839959
0.0838416
0.0836871
0.0835324
0.0833775
0.0832224
0.0830672
0.0829117
0.0827561
0.0826002
0.0824442
0.0822881
0.0821317
0.0819752
0.0818185
0.0816616
0.0815045
0.0813473
0.0811899
0.0810323
0.0808746
0.0807167
0.0805587
0.0804005
0.0802421
0.0800836
0.0799249
0.079766
0.0796071
0.0794479
0.0792886
0.0791292
0.0789696
0.0788099
0.07865
0.07849
0.0783298
0.0781695
0.0780091
0.0778485
0.0776878
0.077527
0.077366
0.0772049
0.0770437
0.0768823
0.0767209
0.0765593
0.0763976
0.0762357
0.0760738
0.0759117
0.0757495
0.0755872
0.0754248
0.0752623
0.0750997
0.0749369
0.0747741
0.0746112
0.0744481
0.074285
0.0741217
0.0739584
0.073795
0.0736314
0.0734678
0.0733041
0.0731403
0.0729764
0.0728125
0.0726484
0.0724843
0.0723201
0.0721558
0.0719914
0.071827
0.0716625
0.0714979
0.0713332
0.0711685
0.0710037
0.0708388
0.0706739
0.0705089
0.0703439
0.0701788
0.0700136
0.0698484
0.0696831
0.0695178
0.0693524
0.069187
0.0690215
0.068856
0.0686905
0.0685249
0.0683592
0.0681935
0.0680278
0.0678621
0.0676963
0.0675305
0.0673646
0.0671987
0.0670328
0.0668669
0.0667009
0.0665349
0.0663689
0.0662029
0.0660369
0.0658708
0.0657047
0.0655387
0.0653726
0.0652065
0.0650403
0.0648742
0.0647081
0.064542
0.0643758
0.0642097
0.0640436
0.0638775
0.0637114
0.0635453
0.0633792
0.0632131
0.063047
0.0628809
0.0627149
0.0625488
0.0623828
0.0622168
0.0620509
0.0618849
0.061719
0.0615531
0.0613872
0.0612214
0.0610556
0.0608898
0.060724
0.0605583
0.0603927
0.060227
0.0600615
0.0598959
0.0597304
0.059565
0.0593996
0.0592342
0.0590689
0.0589036
0.0587384
0.0585733
0.0584082
0.0582432
0.0580782
0.0579133
0.0577485
0.0575837
0.057419
0.0572543
0.0570898
0.0569253
0.0567609
0.0565965
0.0564322
0.056268
0.0561039
0.0559399
0.0557759
0.0556121
0.0554483
0.0552846
0.055121
0.0549575
0.0547941
0.0546308
0.0544675
0.0543044
0.0541414
0.0539784
0.0538156
0.0536529
0.0534903
0.0533278
0.0531654
0.0530031
0.0528409
0.0526788
0.0525169
0.052355
0.0521933
0.0520317
0.0518703
0.0517089
0.0515477
0.0513866
0.0512256
0.0510648
0.0509041
0.0507435
0.050583
0.0504227
0.0502625
0.0501025
0.0499426
0.0497829
0.0496233
0.0494638
0.0493045
0.0491453
0.0489863
0.0488274
0.0486687
0.0485102
0.0483518
0.0481935
0.0480354
0.0478775
0.0477197
0.0475621
0.0474047
0.0472474
0.0470903
0.0469334
0.0467767
0.0466201
0.0464637
0.0463074
0.0461514
0.0459955
0.0458398
0.0456843
0.045529
0.0453738
0.0452189
0.0450641
0.0449095
0.0447551
0.044601
0.044447
0.0442932
0.0441396
0.0439862
0.043833
0.04368
0.0435272
0.0433746
0.0432222
0.04307
0.0429181
0.0427663
0.0426148
0.0424634
0.0423123
0.0421614
0.0420108
0.0418603
0.0417101
0.0415601
0.0414103
0.0412607
0.0411114
0.0409623
0.0408134
0.0406648
0.0405164
0.0403682
0.0402203
0.0400726
0.0399252
0.039778
0.039631
0.0394843
0.0393378
0.0391916
0.0390456
0.0388998
0.0387544
0.0386091
0.0384642
0.0383194
0.038175
0.0380308
0.0378868
0.0377432
0.0375997
0.0374566
0.0373137
0.0371711
0.0370287
0.0368866
0.0367448
0.0366033
0.036462
0.036321
0.0361803
0.0360399
0.0358997
0.0357598
0.0356203
0.0354809
0.0353419
0.0352032
0.0350647
0.0349266
0.0347887
0.0346511
0.0345138
0.0343769
0.0342402
0.0341038
0.0339677
0.0338319
0.0336964
0.0335612
0.0334263
0.0332917
0.0331575
0.0330235
0.0328898
0.0327565
0.0326235
0.0324907
0.0323583
0.0322262
0.0320945
0.031963
0.0318319
0.0317011
0.0315706
0.0314404
0.0313106
0.031181
0.0310519
0.030923
0.0307945
0.0306663
0.0305384
0.0304109
0.0302837
0.0301568
0.0300303
0.0299041
0.0297783
0.0296528
0.0295276
0.0294028
0.0292783
0.0291542
0.0290304
0.028907
0.0287839
0.0286612
0.0285388
0.0284168
0.0282952
0.0281738
0.0280529
0.0279323
0.0278121
0.0276922
0.0275727
0.0274535
0.0273348
0.0272163
0.0270983
0.0269806
0.0268633
0.0267463
0.0266298
0.0265136
0.0263977
0.0262823
0.0261672
0.0260525
0.0259382
0.0258243
0.0257107
0.0255975
0.0254847
0.0253723
0.0252603
0.0251486
0.0250374
0.0249265
0.024816
0.0247059
0.0245962
0.0244869
0.024378
0.0242695
0.0241614
0.0240537
0.0239463
0.0238394
0.0237329
0.0236267
0.023521
0.0234157
0.0233108
0.0232063
0.0231021
0.0229984
0.0228952
0.0227923
0.0226898
0.0225877
0.0224861
0.0223848
0.022284
0.0221836
0.0220836
0.021984
0.0218849
0.0217861
0.0216878
0.0215899
0.0214925
0.0213954
0.0212988
0.0212026
0.0211068
0.0210115
0.0209165
0.020822
0.020728
0.0206343
0.0205411
0.0204484
0.020356
0.0202641
0.0201727
0.0200816
0.019991
0.0199009
0.0198112
0.0197219
0.019633
0.0195447
0.0194567
0.0193692
0.0192821
0.0191955
0.0191093
0.0190236
0.0189383
0.0188535
0.0187691
0.0186852
0.0186017
0.0185186
0.0184361
0.0183539
0.0182723
0.018191
0.0181103
0.01803
0.0179501
0.0178707
0.0177918
0.0177133
0.0176353
0.0175578
0.0174807
0.017404
0.0173279
0.0172522
0.0171769
0.0171022
0.0170279
0.016954
0.0168807
0.0168078
0.0167353
0.0166634
0.0165919
0.0165209
0.0164503
0.0163803
0.0163107
0.0162415
0.0161729
0.0161047
0.016037
0.0159698
0.015903
0.0158368
0.015771
0.0157057
0.0156409
0.0155765
0.0155127
0.0154493
0.0153864
0.015324
0.015262
0.0152006
0.0151396
0.0150791
0.0150192
0.0149597
0.0149006
0.0148421
0.0147841
0.0147265
0.0146695
0.0146129
0.0145568
0.0145012
0.0144461
0.0143915
0.0143374
0.0142838
0.0142307
0.0141781
0.014126
0.0140743
0.0140232
0.0139725
0.0139224
0.0138728
0.0138236
0.013775
0.0137268
0.0136792
0.013632
0.0135854
0.0135392
0.0134936
0.0134484
0.0134038
0.0133597
0.013316
0.0132729
0.0132303
0.0131882
0.0131465
0.0131054
0.0130648
0.0130247
0.0129851
0.0129461
0.0129075
0.0128694
0.0128319
0.0127948
0.0127583
0.0127222
0.0126867
0.0126517
0.0126172
0.0125832
0.0125497
0.0125167
0.0124843
0.0124523
0.0124209
0.01239
0.0123596
0.0123297
0.0123003
0.0122714
0.0122431
0.0122152
0.0121879
0.0121611
0.0121348
0.012109
0.0120838
0.012059
0.0120348
0.0120111
0.0119879
0.0119652
0.011943
0.0119214
0.0119003
0.0118796
0.0118595
0.01184
0.0118209
0.0118024
0.0117844
0.0117669
0.0117499
0.0117334
0.0117175
0.011702
0.0116871
0.0116728
0.0116589
0.0116455
0.0116327
0.0116204
0.0116086
0.0115974
0.0115866
0.0115764
0.0115667
0.0115575
0.0115489
0.0115407
0.0115331
0.011526
0.0115195
0.0115134
0.0115079
0.0115029
0.0114984
0.0114944
0.011491
0.0114881
0.0114857
0.0114838
0.0114824
0.0114816
0.0114813
0.0114815
0.0114822
0.0114835
0.0114852
0.0114875
0.0114904
0.0114937
0.0114976
0.0115019
0.0115069
0.0115123
0.0115182
0.0115247
0.0115317
0.0115392
0.0115472
0.0115558
0.0115649
0.0115745
0.0115846
0.0115952
0.0116064
0.0116181
0.0116303
0.011643
0.0116562
0.01167
0.0116843
0.0116991
0.0117144
0.0117302
0.0117466
0.0117635
0.0117809
0.0117988
0.0118172
0.0118362
0.0118557
0.0118757
0.0118962
0.0119172
0.0119387
0.0119608
0.0119834
0.0120065
0.0120301
0.0120542
0.0120789
0.012104
0.0121297
0.0121559
0.0121826
0.0122098
0.0122376
0.0122658
0.0122946
0.0123239
0.0123537
0.012384
0.0124148
0.0124461
0.012478
0.0125103
0.0125432
0.0125766
0.0126105
0.0126449
0.0126798
0.0127152
0.0127511
0.0127876
0.0128245
0.012862
0.0129
0.0129384
0.0129774
0.0130169
0.0130569
0.0130974
0.0131384
0.0131799
0.0132219
0.0132645
0.0133075
0.013351
0.0133951
0.0134396
0.0134847
0.0135302
0.0135762
0.0136228
0.0136698
0.0137174
0.0137654
0.013814
0.013863
0.0139126
0.0139626
0.0140132
0.0140642
0.0141157
0.0141678
0.0142203
0.0142733
0.0143268
0.0143808
0.0144353
0.0144903
0.0145458
0.0146018
0.0146583
0.0147152
0.0147727
0.0148306
0.014889
0.0149479
0.0150073
0.0150672
0.0151276
0.0151885
0.0152498
0.0153117
0.015374
0.0154368
0.0155001
0.0155638
0.0156281
0.0156928
0.015758
0.0158237
0.0158899
0.0159565
0.0160236
0.0160912
0.0161593
0.0162279
0.0162969
0.0163664
0.0164364
0.0165068
0.0165778
0.0166491
0.016721
0.0167933
0.0168661
0.0169394
0.0170132
0.0170874
0.017162
0.0172372
0.0173128
0.0173889
0.0174654
0.0175424
0.0176198
0.0176978
0.0177761
0.017855
0.0179343
0.018014
0.0180943
0.0181749
0.0182561
0.0183376
0.0184197
0.0185022
0.0185851
0.0186685
0.0187523
0.0188366
0.0189214
0.0190066
0.0190922
0.0191783
0.0192648
0.0193518
0.0194392
0.0195271
0.0196154
0.0197042
0.0197933
0.019883
0.019973
0.0200635
0.0201545
0.0202459
0.0203377
0.0204299
0.0205226
0.0206157
0.0207093
0.0208033
0.0208977
0.0209925
0.0210878
0.0211835
0.0212796
0.0213761
0.0214731
0.0215705
0.0216683
0.0217665
0.0218652
0.0219643
0.0220638
0.0221637
0.022264
0.0223648
0.0224659
0.0225675
0.0226695
0.0227719
0.0228747
0.0229779
0.0230815
0.0231855
0.02329
0.0233948
0.0235001
0.0236057
0.0237118
0.0238182
0.0239251
0.0240323
0.02414
0.024248
0.0243565
0.0244653
0.0245745
0.0246842
0.0247942
0.0249046
0.0250154
0.0251266
0.0252381
0.0253501
0.0254624
0.0255752
0.0256883
0.0258018
0.0259156
0.0260299
0.0261445
0.0262595
0.0263749
0.0264906
0.0266068
0.0267233
0.0268402
0.0269574
0.027075
0.027193
0.0273113
0.0274301
0.0275491
0.0276686
0.0277884
0.0279086
0.0280291
0.02815
0.0282712
0.0283928
0.0285148
0.0286371
0.0287597
0.0288827
0.0290061
0.0291298
0.0292539
0.0293783
0.029503
0.0296281
0.0297535
0.0298793
0.0300054
0.0301319
0.0302587
0.0303858
0.0305133
0.0306411
0.0307692
0.0308977
0.0310265
0.0311556
0.031285
0.0314148
0.0315449
0.0316754
0.0318061
0.0319372
0.0320686
0.0322003
0.0323323
0.0324646
0.0325973
0.0327303
0.0328636
0.0329972
0.0331311
0.0332653
0.0333998
0.0335346
0.0336697
0.0338052
0.0339409
0.0340769
0.0342133
0.0343499
0.0344868
0.0346241
0.0347616
0.0348994
0.0350375
0.0351759
0.0353145
0.0354535
0.0355927
0.0357323
0.0358721
0.0360122
0.0361526
0.0362932
0.0364341
0.0365753
0.0367168
0.0368586
0.0370006
0.0371429
0.0372855
0.0374283
0.0375714
0.0377147
0.0378584
0.0380023
0.0381464
0.0382908
0.0384355
0.0385804
0.0387255
0.038871
0.0390166
0.0391626
0.0393087
0.0394552
0.0396018
0.0397487
0.0398959
0.0400433
0.0401909
0.0403388
0.0404869
0.0406353
0.0407839
0.0409327
0.0410817
0.041231
0.0413805
0.0415302
0.0416802
0.0418304
0.0419808
0.0421314
0.0422822
0.0424333
0.0425846
0.042736
0.0428878
0.0430397
0.0431918
0.0433441
0.0434967
0.0436494
0.0438024
0.0439555
0.0441089
0.0442625
0.0444162
0.0445702
0.0447243
0.0448787
0.0450332
0.0451879
0.0453428
0.0454979
0.0456532
0.0458087
0.0459643
0.0461202
0.0462762
0.0464324
0.0465888
0.0467453
0.046902
0.0470589
0.047216
0.0473732
0.0475306
0.0476882
0.0478459
0.0480038
0.0481619
0.0483201
0.0484785
0.048637
0.0487957
0.0489545
0.0491135
0.0492727
0.049432
0.0495914
0.049751
0.0499107
0.0500706
0.0502306
0.0503908
0.0505511
0.0507115
0.050872
0.0510327
0.0511936
0.0513545
0.0515156
0.0516768
0.0518381
0.0519996
0.0521612
0.0523229
0.0524847
0.0526466
0.0528087
0.0529709
0.0531332
0.0532955
0.053458
0.0536207
0.0537834
0.0539462
0.0541091
0.0542721
0.0544352
0.0545985
0.0547618
0.0549252
0.0550887
0.0552523
0.055416
0.0555798
0.0557436
0.0559076
0.0560716
0.0562357
0.0563999
0.0565642
0.0567285
0.0568929
0.0570574
0.057222
0.0573866
0.0575513
0.0577161
0.0578809
0.0580458
0.0582108
0.0583758
0.0585409
0.0587061
0.0588713
0.0590365
0.0592018
0.0593672
0.0595326
0.059698
0.0598635
0.0600291
0.0601947
0.0603603
0.060526
0.0606917
0.0608574
0.0610232
0.061189
0.0613548
0.0615207
0.0616866
0.0618525
0.0620185
0.0621844
0.0623504
0.0625164
0.0626825
0.0628485
0.0630146
0.0631807
0.0633467
0.0635128
0.0636789
0.0638451
0.0640112
0.0641773
0.0643434
0.0645095
0.0646757
0.0648418
0.0650079
0.065174
0.0653401
0.0655062
0.0656723
0.0658383
0.0660044
0.0661704
0.0663364
0.0665024
0.0666684
0.0668344
0.0670003
0.0671662
0.0673321
0.0674979
0.0676637
0.0678295
0.0679953
0.068161
0.0683266
0.0684923
0.0686579
0.0688234
0.0689889
0.0691544
0.0693198
0.0694852
0.0696505
0.0698158
0.069981
0.0701461
0.0703112
0.0704763
0.0706412
0.0708061
0.070971
0.0711358
0.0713005
0.0714652
0.0716297
0.0717942
0.0719587
0.072123
0.0722873
0.0724515
0.0726157
0.0727797
0.0729437
0.0731075
0.0732713
0.073435
0.0735987
0.0737622
0.0739256
0.0740889
0.0742522
0.0744153
0.0745784
0.0747413
0.0749041
0.0750669
0.0752295
0.075392
0.0755544
0.0757167
0.0758789
0.076041
0.076203
0.0763648
0.0765265
0.0766882
0.0768496
0.077011
0.0771722
0.0773333
0.0774943
0.0776552
0.0778159
0.0779765
0.0781369
0.0782973
0.0784574
0.0786175
0.0787774
0.0789371
0.0790967
0.0792562
0.0794155
0.0795747
0.0797337
0.0798926
0.0800513
0.0802099
0.0803683
0.0805265
0.0806846
0.0808426
0.0810003
0.0811579
0.0813154
0.0814726
0.0816297
0.0817867
0.0819434
0.0821
0.0822564
0.0824126
0.0825687
0.0827246
0.0828802
0.0830358
0.0831911
0.0833462
0.0835012
0.0836559
0.0838105
0.0839649
0.0841191
0.0842731
0.0844269
0.0845805
0.0847339
0.084887
0.08504
0.0851928
0.0853454
0.0854978
0.08565
0.0858019
0.0859537
0.0861052
0.0862565
0.0864076
0.0865585
0.0867092
0.0868596
0.0870098
0.0871598
0.0873096
0.0874592
0.0876085
0.0877576
0.0879064
0.0880551
0.0882035
0.0883516
0.0884995
0.0886472
0.0887947
0.0889419
0.0890888
0.0892355
0.089382
0.0895282
0.0896742
0.0898199
0.0899654
0.0901106
0.0902556
0.0904003
0.0905448
0.090689
0.0908329
0.0909766
0.09112
0.0912631
0.091406
0.0915486
0.091691
0.0918331
0.0919749
0.0921164
0.0922577
0.0923986
0.0925393
0.0926798
0.0928199
0.0929598
0.0930994
0.0932387
0.0933777
0.0935164
0.0936549
0.093793
0.0939309
0.0940685
0.0942058
0.0943427
0.0944794
0.0946158
0.0947519
0.0948877
0.0950232
0.0951584
0.0952933
0.0954278
0.0955621
0.0956961
0.0958297
0.0959631
0.0960961
0.0962288
0.0963612
0.0964933
0.0966251
0.0967566
0.0968877
0.0970185
0.097149
0.0972792
0.097409
0.0975385
0.0976677
0.0977966
0.0979251
0.0980533
0.0981812
0.0983087
0.0984359
0.0985628
0.0986893
0.0988155
0.0989413
0.0990668
0.099192
0.0993168
0.0994413
0.0995654
0.0996892
0.0998126
0.0999357
0.100058
0.100181
0.100303
0.100424
0.100546
0.100667
0.100787
0.100908
0.101027
0.101147
0.101266
0.101385
0.101503
0.101621
0.101739
0.101856
0.101973
0.10209
0.102206
0.102322
0.102437
0.102553
0.102667
0.102782
0.102895
0.103009
0.103122
0.103235
0.103347
0.103459
0.103571
0.103682
0.103793
0.103904
0.104014
0.104124
0.104233
0.104342
0.10445
0.104558
0.104666
0.104773
0.10488
0.104987
0.105093
0.105199
0.105304
0.105409
0.105514
0.105618
0.105721
0.105825
0.105928
0.10603
0.106132
0.106234
0.106335
0.106436
0.106536
0.106636
0.106736
0.106835
0.106934
0.107032
0.10713
0.107227
0.107324
0.107421
0.107517
0.107613
0.107708
0.107803
0.107898
0.107992
0.108086
0.108179
0.108271
0.108364
0.108456
0.108547
0.108638
0.108729
0.108819
0.108909
0.108998
0.109087
0.109175
0.109263
0.109351
0.109438
0.109524
0.109611
0.109696
0.109782
0.109866
0.109951
0.110035
0.110118
0.110201
0.110284
0.110366
0.110448
0.110529
0.11061
0.11069
0.11077
0.110849
0.110928
0.111006
0.111085
0.111162
0.111239
0.111316
0.111392
0.111468
0.111543
0.111618
0.111692
0.111766
0.111839
0.111912
0.111984
0.112056
0.112128
0.112199
0.112269
0.11234
0.112409
0.112478
0.112547
0.112615
0.112683
0.11275
0.112817
0.112883
0.112949
0.113014
0.113079
0.113143
0.113207
0.11327
0.113333
0.113396
0.113458
0.113519
0.11358
0.113641
0.113701
0.11376
0.113819
0.113878
0.113936
0.113993
0.11405
0.114107
0.114163
0.114218
0.114274
0.114328
0.114382
0.114436
0.114489
0.114542
0.114594
0.114645
0.114697
0.114747
0.114797
0.114847
0.114896
0.114945
0.114993
0.115041
0.115088
0.115134
0.11518
0.115226
0.115271
0.115316
0.11536
0.115404
0.115447
0.115489
0.115532
0.115573
0.115614
0.115655
0.115695
0.115735
0.115774
0.115812
0.11585
0.115888
0.115925
0.115961
0.115997
0.116033
0.116068
0.116103
0.116137
0.11617
0.116203
0.116235
0.116267
0.116299
0.11633
0.11636
0.11639
0.116419
0.116448
0.116477
0.116504
0.116532
0.116559
0.116585
0.116611
0.116636
0.116661
0.116685
0.116709
0.116732
0.116755
0.116777
0.116798
0.116819
0.11684
0.11686
0.11688
0.116899
0.116917
0.116935
0.116953
0.11697
0.116986
0.117002
0.117018
0.117033
0.117047
0.117061
0.117074
0.117087
0.117099
0.117111
0.117122
0.117133
0.117143
0.117153
0.117162
0.117171
0.117179
0.117187
0.117194
0.1172
0.117206
0.117212
0.117217
0.117221
0.117225
0.117229
0.117232
0.117234
0.117236
0.117237
0.117238
0.117239
0.117238
0.117238
0.117236
0.117235
0.117232
0.117229
0.117226
0.117222
0.117218
0.117213
0.117208
0.117202
0.117195
0.117188
0.117181
0.117173
0.117164
0.117155
0.117145
0.117135
0.117125
0.117113
0.117102
0.11709
0.117077
0.117064
0.11705
0.117036
0.117021
0.117005
0.11699
0.116973
0.116956
0.116939
0.116921
0.116903
0.116884
0.116864
0.116844
0.116824
0.116803
0.116781
0.116759
0.116736
0.116713
0.11669
0.116666
0.116641
0.116616
0.11659
0.116564
0.116537
0.11651
0.116482
0.116454
0.116425
0.116396
0.116366
0.116336
0.116305
0.116274
0.116242
0.116209
0.116177
0.116143
0.116109
0.116075
0.11604
0.116005
0.115969
0.115932
0.115895
0.115858
0.11582
0.115781
0.115742
0.115703
0.115663
0.115622
0.115581
0.11554
0.115498
0.115455
0.115412
0.115369
0.115325
0.11528
0.115235
0.11519
0.115143
0.115097
0.11505
0.115002
0.114954
0.114906
0.114857
0.114807
0.114757
0.114707
0.114656
0.114604
0.114552
0.114499
0.114446
0.114393
0.114339
0.114284
0.114229
0.114174
0.114118
0.114061
0.114005
0.113947
0.113889
0.113831
0.113772
0.113712
0.113652
0.113592
0.113531
0.11347
0.113408
0.113346
0.113283
0.11322
0.113156
0.113092
0.113027
0.112962
0.112896
0.11283
0.112763
0.112696
0.112628
0.11256
0.112492
0.112423
0.112353
0.112283
0.112213
0.112142
0.112071
0.111999
0.111926
0.111854
0.11178
0.111707
0.111632
0.111558
0.111483
0.111407
0.111331
0.111254
0.111177
0.1111
0.111022
0.110944
0.110865
0.110785
0.110706
0.110625
0.110545
0.110464
0.110382
0.1103
0.110218
0.110135
0.110051
0.109967
0.109883
0.109798
0.109713
0.109628
0.109541
0.109455
0.109368
0.109281
0.109193
0.109104
0.109016
0.108926
0.108837
0.108747
0.108656
0.108565
0.108474
0.108382
0.10829
0.108197
0.108104
0.10801
0.107916
0.107822
0.107727
0.107632
0.107536
0.10744
0.107344
0.107247
0.107149
0.107051
0.106953
0.106855
0.106755
0.106656
0.106556
0.106456
0.106355
0.106254
0.106152
0.10605
0.105948
0.105845
0.105742
0.105638
0.105534
0.10543
0.105325
0.10522
0.105114
0.105008
0.104902
0.104795
0.104687
0.10458
0.104472
0.104363
0.104254
0.104145
0.104036
0.103926
0.103815
0.103704
0.103593
0.103482
0.10337
0.103257
0.103145
0.103032
0.102918
0.102804
0.10269
0.102575
0.10246
0.102345
0.102229
0.102113
0.101996
0.10188
0.101762
0.101645
0.101527
0.101408
0.10129
0.101171
0.101051
0.100931
0.100811
0.100691
0.10057
0.100449
0.100327
0.100205
0.100083
0.09996
0.099837
0.0997137
0.09959
0.0994659
0.0993415
0.0992167
0.0990917
0.0989662
0.0988404
0.0987143
0.0985879
0.0984611
0.0983339
0.0982065
0.0980787
0.0979505
0.0978221
0.0976933
0.0975642
0.0974347
0.0973049
0.0971748
0.0970444
0.0969136
0.0967826
0.0966512
0.0965195
0.0963874
0.0962551
0.0961224
0.0959895
0.0958562
0.0957226
0.0955887
0.0954545
0.09532
0.0951851
0.09505
0.0949146
0.0947788
0.0946428
0.0945065
0.0943698
0.0942329
0.0940957
0.0939582
0.0938204
0.0936823
0.0935439
0.0934052
0.0932663
0.093127
0.0929875
0.0928477
0.0927076
0.0925672
0.0924265
0.0922856
0.0921444
0.0920029
0.0918612
0.0917191
0.0915769
0.0914343
0.0912915
0.0911484
0.091005
0.0908614
0.0907175
0.0905734
0.090429
0.0902843
0.0901394
0.0899942
0.0898488
0.0897031
0.0895572
0.089411
0.0892646
0.0891179
0.088971
0.0888238
0.0886765
0.0885288
0.0883809
0.0882328
0.0880845
0.0879359
0.0877871
0.087638
0.0874888
0.0873393
0.0871895
0.0870396
0.0868894
0.086739
0.0865884
0.0864375
0.0862865
0.0861352
0.0859837
0.085832
0.0856801
0.085528
0.0853756
0.0852231
0.0850703
0.0849174
0.0847642
0.0846109
0.0844573
0.0843035
0.0841496
0.0839954
0.0838411
0.0836866
0.0835318
0.0833769
0.0832218
0.0830665
0.0829111
0.0827554
0.0825996
0.0824436
0.0822874
0.082131
0.0819744
0.0818177
0.0816608
0.0815038
0.0813465
0.0811891
0.0810316
0.0808738
0.0807159
0.0805579
0.0803997
0.0802413
0.0800827
0.0799241
0.0797652
0.0796062
0.0794471
0.0792878
0.0791284
0.0789688
0.078809
0.0786492
0.0784892
0.078329
0.0781687
0.0780083
0.0778477
0.077687
0.0775262
0.0773652
0.0772042
0.0770429
0.0768816
0.0767202
0.0765586
0.0763969
0.076235
0.0760731
0.0759111
0.0757489
0.0755866
0.0754242
0.0752617
0.0750991
0.0749364
0.0747736
0.0746107
0.0744476
0.0742845
0.0741213
0.073958
0.0737946
0.0736311
0.0734675
0.0733038
0.07314
0.0729761
0.0728122
0.0726482
0.0724841
0.0723199
0.0721556
0.0719913
0.0718268
0.0716623
0.0714978
0.0713331
0.0711684
0.0710037
0.0708388
0.0706739
0.0705089
0.0703439
0.0701788
0.0700137
0.0698485
0.0696832
0.0695179
0.0693526
0.0691872
0.0690217
0.0688562
0.0686907
0.0685251
0.0683595
0.0681938
0.0680281
0.0678624
0.0676966
0.0675308
0.0673649
0.0671991
0.0670332
0.0668672
0.0667013
0.0665353
0.0663693
0.0662033
0.0660373
0.0658712
0.0657052
0.0655391
0.065373
0.0652069
0.0650408
0.0648747
0.0647086
0.0645425
0.0643763
0.0642102
0.0640441
0.063878
0.0637119
0.0635458
0.0633797
0.0632136
0.0630475
0.0628814
0.0627154
0.0625493
0.0623833
0.0622173
0.0620513
0.0618854
0.0617195
0.0615536
0.0613877
0.0612218
0.061056
0.0608902
0.0607245
0.0605588
0.0603931
0.0602275
0.0600619
0.0598963
0.0597308
0.0595654
0.0593999
0.0592346
0.0590693
0.058904
0.0587388
0.0585736
0.0584085
0.0582435
0.0580785
0.0579136
0.0577488
0.057584
0.0574192
0.0572546
0.05709
0.0569255
0.0567611
0.0565967
0.0564324
0.0562682
0.0561041
0.05594
0.0557761
0.0556122
0.0554484
0.0552847
0.0551211
0.0549576
0.0547941
0.0546308
0.0544676
0.0543044
0.0541414
0.0539784
0.0538156
0.0536529
0.0534902
0.0533277
0.0531653
0.053003
0.0528408
0.0526787
0.0525168
0.0523549
0.0521932
0.0520316
0.0518701
0.0517088
0.0515475
0.0513864
0.0512254
0.0510646
0.0509039
0.0507433
0.0505828
0.0504225
0.0502623
0.0501023
0.0499424
0.0497826
0.049623
0.0494635
0.0493042
0.049145
0.048986
0.0488272
0.0486684
0.0485099
0.0483515
0.0481932
0.0480351
0.0478772
0.0477194
0.0475618
0.0474044
0.0472471
0.04709
0.0469331
0.0467764
0.0466198
0.0464634
0.0463071
0.0461511
0.0459952
0.0458395
0.045684
0.0455287
0.0453735
0.0452186
0.0450638
0.0449093
0.0447549
0.0446007
0.0444467
0.0442929
0.0441393
0.0439859
0.0438327
0.0436797
0.0435269
0.0433743
0.043222
0.0430698
0.0429178
0.0427661
0.0426146
0.0424632
0.0423121
0.0421612
0.0420106
0.0418601
0.0417099
0.0415599
0.0414101
0.0412606
0.0411113
0.0409622
0.0408133
0.0406647
0.0405163
0.0403681
0.0402202
0.0400725
0.0399251
0.0397779
0.0396309
0.0394842
0.0393377
0.0391915
0.0390455
0.0388998
0.0387543
0.0386091
0.0384642
0.0383194
0.038175
0.0380308
0.0378869
0.0377432
0.0375998
0.0374566
0.0373137
0.0371711
0.0370288
0.0368867
0.0367449
0.0366034
0.0364621
0.0363211
0.0361804
0.03604
0.0358998
0.03576
0.0356204
0.0354811
0.0353421
0.0352033
0.0350649
0.0349267
0.0347889
0.0346513
0.034514
0.034377
0.0342403
0.0341039
0.0339678
0.0338321
0.0336966
0.0335614
0.0334265
0.0332919
0.0331576
0.0330237
0.03289
0.0327567
0.0326236
0.0324909
0.0323585
0.0322264
0.0320946
0.0319632
0.0318321
0.0317012
0.0315707
0.0314406
0.0313107
0.0311812
0.031052
0.0309232
0.0307946
0.0306664
0.0305386
0.030411
0.0302838
0.030157
0.0300305
0.0299043
0.0297784
0.0296529
0.0295278
0.0294029
0.0292785
0.0291543
0.0290306
0.0289071
0.0287841
0.0286613
0.028539
0.0284169
0.0282953
0.028174
0.028053
0.0279324
0.0278122
0.0276923
0.0275728
0.0274536
0.0273348
0.0272164
0.0270984
0.0269807
0.0268633
0.0267464
0.0266298
0.0265136
0.0263978
0.0262823
0.0261672
0.0260525
0.0259382
0.0258243
0.0257107
0.0255975
0.0254847
0.0253723
0.0252603
0.0251486
0.0250374
0.0249265
0.024816
0.0247059
0.0245962
0.0244869
0.024378
0.0242695
0.0241613
0.0240536
0.0239463
0.0238393
0.0237328
0.0236267
0.0235209
0.0234156
0.0233107
0.0232062
0.0231021
0.0229984
0.0228951
0.0227922
0.0226897
0.0225876
0.022486
0.0223847
0.0222839
0.0221835
0.0220835
0.0219839
0.0218848
0.021786
0.0216877
0.0215898
0.0214924
0.0213953
0.0212987
0.0212025
0.0211067
0.0210113
0.0209164
0.0208219
0.0207279
0.0206342
0.020541
0.0204483
0.0203559
0.020264
0.0201726
0.0200815
0.0199909
0.0199008
0.0198111
0.0197218
0.0196329
0.0195445
0.0194566
0.0193691
0.019282
0.0191954
0.0191092
0.0190235
0.0189382
0.0188534
0.018769
0.0186851
0.0186016
0.0185186
0.018436
0.0183539
0.0182722
0.018191
0.0181102
0.0180299
0.0179501
0.0178707
0.0177917
0.0177133
0.0176353
0.0175577
0.0174806
0.017404
0.0173278
0.0172521
0.0171769
0.0171021
0.0170278
0.016954
0.0168806
0.0168077
0.0167353
0.0166634
0.0165919
0.0165209
0.0164503
0.0163802
0.0163107
0.0162415
0.0161729
0.0161047
0.016037
0.0159698
0.0159031
0.0158368
0.015771
0.0157057
0.0156409
0.0155765
0.0155127
0.0154493
0.0153864
0.015324
0.0152621
0.0152006
0.0151397
0.0150792
0.0150192
0.0149597
0.0149007
0.0148422
0.0147841
0.0147266
0.0146695
0.014613
0.0145569
0.0145013
0.0144462
0.0143916
0.0143375
0.0142839
0.0142308
0.0141781
0.014126
0.0140744
0.0140233
0.0139726
0.0139225
0.0138728
0.0138237
0.013775
0.0137269
0.0136792
0.0136321
0.0135854
0.0135393
0.0134937
0.0134485
0.0134039
0.0133597
0.0133161
0.013273
0.0132303
0.0131882
0.0131466
0.0131055
0.0130649
0.0130248
0.0129852
0.0129461
0.0129075
0.0128695
0.0128319
0.0127949
0.0127583
0.0127223
0.0126868
0.0126517
0.0126172
0.0125832
0.0125498
0.0125168
0.0124843
0.0124524
0.0124209
0.01239
0.0123596
0.0123297
0.0123003
0.0122715
0.0122431
0.0122153
0.0121879
0.0121611
0.0121348
0.0121091
0.0120838
0.012059
0.0120348
0.0120111
0.0119879
0.0119652
0.011943
0.0119214
0.0119003
0.0118796
0.0118596
0.01184
0.0118209
0.0118024
0.0117844
0.0117669
0.0117499
0.0117334
0.0117175
0.011702
0.0116871
0.0116727
0.0116589
0.0116455
0.0116327
0.0116204
0.0116086
0.0115974
0.0115866
0.0115764
0.0115667
0.0115575
0.0115489
0.0115407
0.0115331
0.011526
0.0115194
0.0115134
0.0115078
0.0115028
0.0114983
0.0114944
0.0114909
0.011488
0.0114856
0.0114837
0.0114824
0.0114815
0.0114812
0.0114814
0.0114822
0.0114834
0.0114852
0.0114875
0.0114903
0.0114937
0.0114975
0.0115019
0.0115068
0.0115122
0.0115182
0.0115247
0.0115316
0.0115392
0.0115472
0.0115558
0.0115648
0.0115744
0.0115845
0.0115952
0.0116063
0.011618
0.0116302
0.011643
0.0116562
0.01167
0.0116842
0.011699
0.0117144
0.0117302
0.0117466
0.0117634
0.0117808
0.0117988
0.0118172
0.0118362
0.0118556
0.0118756
0.0118961
0.0119172
0.0119387
0.0119608
0.0119834
0.0120065
0.0120301
0.0120542
0.0120788
0.012104
0.0121297
0.0121559
0.0121826
0.0122098
0.0122376
0.0122658
0.0122946
0.0123239
0.0123536
0.012384
0.0124148
0.0124461
0.012478
0.0125103
0.0125432
0.0125766
0.0126105
0.0126449
0.0126798
0.0127152
0.0127511
0.0127876
0.0128245
0.012862
0.0129
0.0129384
0.0129774
0.0130169
0.0130569
0.0130974
0.0131384
0.0131799
0.013222
0.0132645
0.0133075
0.013351
0.0133951
0.0134396
0.0134847
0.0135302
0.0135763
0.0136228
0.0136699
0.0137174
0.0137655
0.013814
0.013863
0.0139126
0.0139626
0.0140132
0.0140642
0.0141157
0.0141678
0.0142203
0.0142733
0.0143268
0.0143808
0.0144353
0.0144903
0.0145458
0.0146018
0.0146583
0.0147152
0.0147727
0.0148306
0.0148891
0.014948
0.0150074
0.0150673
0.0151276
0.0151885
0.0152499
0.0153117
0.015374
0.0154368
0.0155001
0.0155639
0.0156281
0.0156928
0.015758
0.0158237
0.0158899
0.0159565
0.0160237
0.0160913
0.0161593
0.0162279
0.0162969
0.0163664
0.0164364
0.0165068
0.0165778
0.0166492
0.016721
0.0167934
0.0168662
0.0169394
0.0170132
0.0170874
0.0171621
0.0172372
0.0173128
0.0173889
0.0174654
0.0175424
0.0176199
0.0176978
0.0177761
0.017855
0.0179343
0.018014
0.0180943
0.0181749
0.0182561
0.0183376
0.0184197
0.0185022
0.0185851
0.0186685
0.0187523
0.0188366
0.0189214
0.0190066
0.0190922
0.0191783
0.0192648
0.0193518
0.0194392
0.0195271
0.0196154
0.0197041
0.0197933
0.019883
0.019973
0.0200635
0.0201545
0.0202459
0.0203377
0.0204299
0.0205226
0.0206157
0.0207093
0.0208033
0.0208977
0.0209925
0.0210878
0.0211835
0.0212796
0.0213761
0.0214731
0.0215705
0.0216683
0.0217665
0.0218652
0.0219643
0.0220638
0.0221637
0.022264
0.0223647
0.0224659
0.0225675
0.0226695
0.0227718
0.0228747
0.0229779
0.0230815
0.0231855
0.02329
0.0233948
0.0235
0.0236057
0.0237117
0.0238182
0.0239251
0.0240323
0.02414
0.024248
0.0243564
0.0244653
0.0245745
0.0246841
0.0247942
0.0249046
0.0250154
0.0251265
0.0252381
0.0253501
0.0254624
0.0255751
0.0256883
0.0258017
0.0259156
0.0260299
0.0261445
0.0262595
0.0263749
0.0264906
0.0266068
0.0267233
0.0268401
0.0269574
0.027075
0.027193
0.0273113
0.0274301
0.0275491
0.0276686
0.0277884
0.0279086
0.0280291
0.02815
0.0282712
0.0283928
0.0285148
0.0286371
0.0287597
0.0288827
0.0290061
0.0291298
0.0292539
0.0293783
0.029503
0.0296281
0.0297535
0.0298793
0.0300054
0.0301319
0.0302587
0.0303858
0.0305133
0.0306411
0.0307692
0.0308977
0.0310265
0.0311556
0.0312851
0.0314148
0.0315449
0.0316754
0.0318061
0.0319372
0.0320686
0.0322003
0.0323323
0.0324647
0.0325973
0.0327303
0.0328636
0.0329972
0.0331311
0.0332653
0.0333998
0.0335346
0.0336698
0.0338052
0.0339409
0.034077
0.0342133
0.0343499
0.0344868
0.0346241
0.0347616
0.0348994
0.0350375
0.0351759
0.0353145
0.0354535
0.0355928
0.0357323
0.0358721
0.0360122
0.0361526
0.0362932
0.0364341
0.0365754
0.0367168
0.0368586
0.0370006
0.0371429
0.0372855
0.0374283
0.0375714
0.0377147
0.0378584
0.0380023
0.0381464
0.0382908
0.0384355
0.0385804
0.0387256
0.038871
0.0390167
0.0391626
0.0393088
0.0394552
0.0396018
0.0397488
0.0398959
0.0400433
0.0401909
0.0403388
0.0404869
0.0406353
0.0407839
0.0409327
0.0410817
0.041231
0.0413805
0.0415302
0.0416802
0.0418304
0.0419808
0.0421314
0.0422822
0.0424333
0.0425846
0.042736
0.0428878
0.0430397
0.0431918
0.0433441
0.0434967
0.0436494
0.0438024
0.0439555
0.0441089
0.0442625
0.0444162
0.0445702
0.0447243
0.0448787
0.0450332
0.0451879
0.0453428
0.0454979
0.0456532
0.0458087
0.0459643
0.0461202
0.0462762
0.0464324
0.0465888
0.0467453
0.046902
0.0470589
0.047216
0.0473732
0.0475306
0.0476882
0.0478459
0.0480038
0.0481619
0.0483201
0.0484785
0.048637
0.0487957
0.0489545
0.0491135
0.0492727
0.049432
0.0495914
0.049751
0.0499107
0.0500706
0.0502306
0.0503908
0.050551
0.0507115
0.050872
0.0510327
0.0511936
0.0513545
0.0515156
0.0516768
0.0518381
0.0519996
0.0521612
0.0523229
0.0524847
0.0526466
0.0528087
0.0529709
0.0531331
0.0532955
0.053458
0.0536206
0.0537834
0.0539462
0.0541091
0.0542721
0.0544352
0.0545985
0.0547618
0.0549252
0.0550887
0.0552523
0.055416
0.0555797
0.0557436
0.0559076
0.0560716
0.0562357
0.0563999
0.0565642
0.0567285
0.0568929
0.0570574
0.057222
0.0573866
0.0575513
0.0577161
0.0578809
0.0580458
0.0582108
0.0583758
0.0585409
0.0587061
0.0588713
0.0590365
0.0592018
0.0593672
0.0595326
0.059698
0.0598635
0.0600291
0.0601947
0.0603603
0.060526
0.0606917
0.0608574
0.0610232
0.061189
0.0613548
0.0615207
0.0616866
0.0618525
0.0620185
0.0621844
0.0623504
0.0625164
0.0626825
0.0628485
0.0630146
0.0631807
0.0633467
0.0635128
0.0636789
0.0638451
0.0640112
0.0641773
0.0643434
0.0645095
0.0646757
0.0648418
0.0650079
0.065174
0.0653401
0.0655062
0.0656723
0.0658383
0.0660044
0.0661704
0.0663364
0.0665024
0.0666684
0.0668344
0.0670003
0.0671662
0.0673321
0.0674979
0.0676637
0.0678295
0.0679953
0.068161
0.0683266
0.0684923
0.0686579
0.0688234
0.0689889
0.0691544
0.0693198
0.0694852
0.0696505
0.0698158
0.069981
0.0701461
0.0703112
0.0704763
0.0706412
0.0708062
0.070971
0.0711358
0.0713005
0.0714652
0.0716297
0.0717943
0.0719587
0.072123
0.0722873
0.0724515
0.0726157
0.0727797
0.0729437
0.0731075
0.0732713
0.073435
0.0735987
0.0737622
0.0739256
0.0740889
0.0742522
0.0744153
0.0745784
0.0747413
0.0749041
0.0750669
0.0752295
0.075392
0.0755544
0.0757167
0.0758789
0.076041
0.076203
0.0763648
0.0765265
0.0766881
0.0768496
0.077011
0.0771722
0.0773333
0.0774943
0.0776552
0.0778159
0.0779765
0.0781369
0.0782973
0.0784574
0.0786175
0.0787774
0.0789371
0.0790967
0.0792562
0.0794155
0.0795747
0.0797337
0.0798926
0.0800513
0.0802099
0.0803683
0.0805265
0.0806846
0.0808426
0.0810003
0.0811579
0.0813154
0.0814726
0.0816297
0.0817866
0.0819434
0.0821
0.0822564
0.0824126
0.0825687
0.0827246
0.0828802
0.0830358
0.0831911
0.0833462
0.0835012
0.0836559
0.0838105
0.0839649
0.0841191
0.0842731
0.0844269
0.0845805
0.0847339
0.084887
0.08504
0.0851928
0.0853454
0.0854978
0.08565
0.0858019
0.0859537
0.0861052
0.0862565
0.0864076
0.0865585
0.0867092
0.0868596
0.0870098
0.0871598
0.0873096
0.0874592
0.0876085
0.0877576
0.0879064
0.0880551
0.0882035
0.0883516
0.0884995
0.0886472
0.0887947
0.0889419
0.0890888
0.0892355
0.089382
0.0895282
0.0896742
0.0898199
0.0899654
0.0901106
0.0902556
0.0904003
0.0905448
0.090689
0.0908329
0.0909766
0.09112
0.0912631
0.091406
0.0915486
0.091691
0.0918331
0.0919749
0.0921164
0.0922577
0.0923986
0.0925393
0.0926798
0.0928199
0.0929598
0.0930994
0.0932387
0.0933777
0.0935164
0.0936549
0.093793
0.0939309
0.0940685
0.0942058
0.0943427
0.0944794
0.0946158
0.0947519
0.0948877
0.0950232
0.0951584
0.0952933
0.0954279
0.0955621
0.0956961
0.0958297
0.0959631
0.0960961
0.0962288
0.0963612
0.0964933
0.0966251
0.0967566
0.0968877
0.0970185
0.097149
0.0972792
0.097409
0.0975385
0.0976677
0.0977966
0.0979251
0.0980533
0.0981812
0.0983087
0.0984359
0.0985628
0.0986893
0.0988155
0.0989413
0.0990668
0.099192
0.0993168
0.0994413
0.0995654
0.0996892
0.0998126
0.0999357
0.100058
0.100181
0.100303
0.100424
0.100546
0.100667
0.100787
0.100908
0.101027
0.101147
0.101266
0.101385
0.101503
0.101621
0.101739
0.101856
0.101973
0.10209
0.102206
0.102322
0.102437
0.102553
0.102667
0.102782
0.102895
0.103009
0.103122
0.103235
0.103347
0.103459
0.103571
0.103682
0.103793
0.103904
0.104014
0.104124
0.104233
0.104342
0.10445
0.104558
0.104666
0.104773
0.10488
0.104987
0.105093
0.105199
0.105304
0.105409
0.105514
0.105618
0.105721
0.105825
0.105928
0.10603
0.106132
0.106234
0.106335
0.106436
0.106536
0.106636
0.106736
0.106835
0.106934
0.107032
0.10713
0.107227
0.107324
0.107421
0.107517
0.107613
0.107708
0.107803
0.107898
0.107992
0.108086
0.108179
0.108271
0.108364
0.108456
0.108547
0.108638
0.108729
0.108819
0.108909
0.108998
0.109087
0.109175
0.109263
0.109351
0.109438
0.109524
0.109611
0.109696
0.109782
0.109866
0.109951
0.110035
0.110118
0.110201
0.110284
0.110366
0.110448
0.110529
0.11061
0.11069
0.11077
0.110849
0.110928
0.111006
0.111085
0.111162
0.111239
0.111316
0.111392
0.111468
0.111543
0.111618
0.111692
0.111766
0.111839
0.111912
0.111984
0.112056
0.112128
0.112199
0.112269
0.11234
0.112409
0.112478
0.112547
0.112615
0.112683
0.11275
0.112817
0.112883
0.112949
0.113014
0.113079
0.113143
0.113207
0.11327
0.113333
0.113396
0.113458
0.113519
0.11358
0.113641
0.113701
0.11376
0.113819
0.113878
0.113936
0.113993
0.11405
0.114107
0.114163
0.114218
0.114274
0.114328
0.114382
0.114436
0.114489
0.114542
0.114594
0.114645
0.114697
0.114747
0.114797
0.114847
0.114896
0.114945
0.114993
0.115041
0.115088
0.115134
0.11518
0.115226
0.115271
0.115316
0.11536
0.115404
0.115447
0.115489
0.115532
0.115573
0.115614
0.115655
0.115695
0.115735
0.115774
0.115812
0.11585
0.115888
0.115925
0.115961
0.115997
0.116033
0.116068
0.116103
0.116137
0.11617
0.116203
0.116235
0.116267
0.116299
0.11633
0.11636
0.11639
0.116419
0.116448
0.116477
0.116504
0.116532
0.116559
0.116585
0.116611
0.116636
0.116661
0.116685
0.116709
0.116732
0.116755
0.116777
0.116798
0.116819
0.11684
0.11686
0.11688
0.116899
0.116917
0.116935
0.116953
0.11697
0.116986
0.117002
0.117018
0.117033
0.117047
0.117061
0.117074
0.117087
0.117099
0.117111
0.117122
0.117133
0.117143
0.117153
0.117162
0.117171
0.117179
0.117187
0.117194
0.1172
0.117206
0.117212
0.117217
0.117221
0.117225
0.117229
0.117232
0.117234
0.117236
0.117237
0.117238
0.117239
0.117238
0.117238
0.117236
0.117235
0.117232
0.117229
0.117226
0.117222
0.117218
0.117213
0.117208
0.117202
0.117195
0.117188
0.117181
0.117173
0.117164
0.117155
0.117145
0.117135
0.117125
0.117113
0.117102
0.11709
0.117077
0.117064
0.11705
0.117036
0.117021
0.117005
0.11699
0.116973
0.116956
0.116939
0.116921
0.116903
0.116884
0.116864
0.116844
0.116824
0.116803
0.116781
0.116759
0.116736
0.116713
0.11669
0.116666
0.116641
0.116616
0.11659
0.116564
0.116537
0.11651
0.116482
0.116454
0.116425
0.116396
0.116366
0.116336
0.116305
0.116274
0.116242
0.116209
0.116177
0.116143
0.116109
0.116075
0.11604
0.116005
0.115969
0.115932
0.115895
0.115858
0.11582
0.115781
0.115742
0.115703
0.115663
0.115622
0.115581
0.11554
0.115498
0.115455
0.115412
0.115369
0.115325
0.11528
0.115235
0.11519
0.115143
0.115097
0.11505
0.115002
0.114954
0.114906
0.114857
0.114807
0.114757
0.114707
0.114656
0.114604
0.114552
0.114499
0.114446
0.114393
0.114339
0.114284
0.114229
0.114174
0.114118
0.114061
0.114005
0.113947
0.113889
0.113831
0.113772
0.113712
0.113652
0.113592
0.113531
0.11347
0.113408
0.113346
0.113283
0.11322
0.113156
0.113092
0.113027
0.112962
0.112896
0.11283
0.112763
0.112696
0.112628
0.11256
0.112492
0.112423
0.112353
0.112283
0.112213
0.112142
0.112071
0.111999
0.111926
0.111854
0.11178
0.111707
0.111632
0.111558
0.111483
0.111407
0.111331
0.111254
0.111177
0.1111
0.111022
0.110944
0.110865
0.110785
0.110706
0.110625
0.110545
0.110464
0.110382
0.1103
0.110218
0.110135
0.110051
0.109967
0.109883
0.109798
0.109713
0.109628
0.109541
0.109455
0.109368
0.109281
0.109193
0.109104
0.109016
0.108926
0.108837
0.108747
0.108656
0.108565
0.108474
0.108382
0.10829
0.108197
0.108104
0.10801
0.107916
0.107822
0.107727
0.107632
0.107536
0.10744
0.107344
0.107247
0.107149
0.107051
0.106953
0.106855
0.106755
0.106656
0.106556
0.106456
0.106355
0.106254
0.106152
0.10605
0.105948
0.105845
0.105742
0.105638
0.105534
0.10543
0.105325
0.10522
0.105114
0.105008
0.104902
0.104795
0.104687
0.10458
0.104472
0.104363
0.104254
0.104145
0.104036
0.103926
0.103815
0.103704
0.103593
0.103482
0.10337
0.103257
0.103145
0.103032
0.102918
0.102804
0.10269
0.102575
0.10246
0.102345
0.102229
0.102113
0.101996
0.10188
0.101762
0.101645
0.101527
0.101408
0.10129
0.101171
0.101051
0.100931
0.100811
0.100691
0.10057
0.100449
0.100327
0.100205
0.100083
0.09996
0.099837
0.0997137
0.09959
0.0994659
0.0993415
0.0992167
0.0990917
0.0989662
0.0988404
0.0987143
0.0985879
0.0984611
0.0983339
0.0982065
0.0980787
0.0979505
0.0978221
0.0976933
0.0975642
0.0974347
0.0973049
0.0971748
0.0970444
0.0969136
0.0967826
0.0966512
0.0965195
0.0963874
0.0962551
0.0961224
0.0959895
0.0958562
0.0957226
0.0955887
0.0954545
0.09532
0.0951851
0.09505
0.0949146
0.0947788
0.0946428
0.0945065
0.0943698
0.0942329
0.0940957
0.0939582
0.0938204
0.0936823
0.0935439
0.0934052
0.0932663
0.093127
0.0929875
0.0928477
0.0927076
0.0925672
0.0924265
0.0922856
0.0921444
0.0920029
0.0918612
0.0917191
0.0915769
0.0914343
0.0912915
0.0911484
0.091005
0.0908614
0.0907175
0.0905734
0.090429
0.0902843
0.0901394
0.0899942
0.0898488
0.0897031
0.0895572
0.089411
0.0892646
0.0891179
0.088971
0.0888238
0.0886765
0.0885288
0.0883809
0.0882328
0.0880845
0.0879359
0.0877871
0.087638
0.0874888
0.0873393
0.0871895
0.0870396
0.0868894
0.086739
0.0865884
0.0864375
0.0862865
0.0861352
0.0859837
0.085832
0.0856801
0.085528
0.0853756
0.0852231
0.0850703
0.0849174
0.0847642
0.0846109
0.0844573
0.0843035
0.0841496
0.0839954
0.0838411
0.0836866
0.0835318
0.0833769
0.0832218
0.0830665
0.0829111
0.0827554
0.0825996
0.0824436
0.0822874
0.082131
0.0819744
0.0818177
0.0816608
0.0815038
0.0813465
0.0811891
0.0810316
0.0808738
0.0807159
0.0805579
0.0803997
0.0802413
0.0800827
0.0799241
0.0797652
0.0796062
0.0794471
0.0792878
0.0791284
0.0789688
0.078809
0.0786492
0.0784892
0.078329
0.0781687
0.0780083
0.0778477
0.077687
0.0775262
0.0773652
0.0772042
0.0770429
0.0768816
0.0767202
0.0765586
0.0763969
0.076235
0.0760731
0.0759111
0.0757489
0.0755866
0.0754242
0.0752617
0.0750991
0.0749364
0.0747736
0.0746107
0.0744476
0.0742845
0.0741213
0.073958
0.0737946
0.0736311
0.0734675
0.0733038
0.07314
0.0729761
0.0728122
0.0726482
0.0724841
0.0723199
0.0721556
0.0719913
0.0718268
0.0716623
0.0714978
0.0713331
0.0711684
0.0710037
0.0708388
0.0706739
0.0705089
0.0703439
0.0701788
0.0700137
0.0698485
0.0696832
0.0695179
0.0693526
0.0691872
0.0690217
0.0688562
0.0686907
0.0685251
0.0683595
0.0681938
0.0680281
0.0678624
0.0676966
0.0675308
0.0673649
0.0671991
0.0670332
0.0668672
0.0667013
0.0665353
0.0663693
0.0662033
0.0660373
0.0658712
0.0657052
0.0655391
0.065373
0.0652069
0.0650408
0.0648747
0.0647086
0.0645425
0.0643763
0.0642102
0.0640441
0.063878
0.0637119
0.0635458
0.0633797
0.0632136
0.0630475
0.0628814
0.0627154
0.0625493
0.0623833
0.0622173
0.0620513
0.0618854
0.0617195
0.0615536
0.0613877
0.0612218
0.061056
0.0608902
0.0607245
0.0605588
0.0603931
0.0602275
0.0600619
0.0598963
0.0597308
0.0595654
0.0593999
0.0592346
0.0590693
0.058904
0.0587388
0.0585736
0.0584085
0.0582435
0.0580785
0.0579136
0.0577488
0.057584
0.0574192
0.0572546
0.05709
0.0569255
0.0567611
0.0565967
0.0564324
0.0562682
0.0561041
0.05594
0.0557761
0.0556122
0.0554484
0.0552847
0.0551211
0.0549576
0.0547941
0.0546308
0.0544676
0.0543044
0.0541414
0.0539784
0.0538156
0.0536529
0.0534902
0.0533277
0.0531653
0.053003
0.0528408
0.0526787
0.0525168
0.0523549
0.0521932
0.0520316
0.0518701
0.0517088
0.0515475
0.0513864
0.0512254
0.0510646
0.0509039
0.0507433
0.0505828
0.0504225
0.0502623
0.0501023
0.0499424
0.0497826
0.049623
0.0494635
0.0493042
0.049145
0.048986
0.0488272
0.0486684
0.0485099
0.0483515
0.0481932
0.0480351
0.0478772
0.0477194
0.0475618
0.0474044
0.0472471
0.04709
0.0469331
0.0467764
0.0466198
0.0464634
0.0463071
0.0461511
0.0459952
0.0458395
0.045684
0.0455287
0.0453735
0.0452186
0.0450638
0.0449093
0.0447549
0.0446007
0.0444467
0.0442929
0.0441393
0.0439859
0.0438327
0.0436797
0.0435269
0.0433743
0.043222
0.0430698
0.0429178
0.0427661
0.0426146
0.0424632
0.0423121
0.0421612
0.0420106
0.0418601
0.0417099
0.0415599
0.0414101
0.0412606
0.0411113
0.0409622
0.0408133
0.0406647
0.0405163
0.0403681
0.0402202
0.0400725
0.0399251
0.0397779
0.0396309
0.0394842
0.0393377
0.0391915
0.0390455
0.0388998
0.0387543
0.0386091
0.0384642
0.0383194
0.038175
0.0380308
0.0378869
0.0377432
0.0375998
0.0374566
0.0373137
0.0371711
0.0370288
0.0368867
0.0367449
0.0366034
0.0364621
0.0363211
0.0361804
0.03604
0.0358998
0.03576
0.0356204
0.0354811
0.0353421
0.0352033
0.0350649
0.0349267
0.0347889
0.0346513
0.034514
0.034377
0.0342403
0.0341039
0.0339678
0.0338321
0.0336966
0.0335614
0.0334265
0.0332919
0.0331576
0.0330237
0.03289
0.0327567
0.0326236
0.0324909
0.0323585
0.0322264
0.0320946
0.0319632
0.0318321
0.0317012
0.0315707
0.0314406
0.0313107
0.0311812
0.031052
0.0309232
0.0307946
0.0306664
0.0305386
0.030411
0.0302838
0.030157
0.0300305
0.0299043
0.0297784
0.0296529
0.0295278
0.0294029
0.0292785
0.0291543
0.0290306
0.0289071
0.0287841
0.0286613
0.028539
0.0284169
0.0282953
0.028174
0.028053
0.0279324
0.0278122
0.0276923
0.0275728
0.0274536
0.0273348
0.0272164
0.0270984
0.0269807
0.0268633
0.0267464
0.0266298
0.0265136
0.0263978
0.0262823
0.0261672
0.0260525
0.0259382
0.0258243
0.0257107
0.0255975
0.0254847
0.0253723
0.0252603
0.0251486
0.0250374
0.0249265
0.024816
0.0247059
0.0245962
0.0244869
0.024378
0.0242695
0.0241613
0.0240536
0.0239463
0.0238393
0.0237328
0.0236267
0.0235209
0.0234156
0.0233107
0.0232062
0.0231021
0.0229984
0.0228951
0.0227922
0.0226897
0.0225876
0.022486
0.0223847
0.0222839
0.0221835
0.0220835
0.0219839
0.0218848
0.021786
0.0216877
0.0215898
0.0214924
0.0213953
0.0212987
0.0212025
0.0211067
0.0210113
0.0209164
0.0208219
0.0207279
0.0206342
0.020541
0.0204483
0.0203559
0.020264
0.0201726
0.0200815
0.0199909
0.0199008
0.0198111
0.0197218
0.0196329
0.0195445
0.0194566
0.0193691
0.019282
0.0191954
0.0191092
0.0190235
0.0189382
0.0188534
0.018769
0.0186851
0.0186016
0.0185186
0.018436
0.0183539
0.0182722
0.018191
0.0181102
0.0180299
0.0179501
0.0178707
0.0177917
0.0177133
0.0176353
0.0175577
0.0174806
0.017404
0.0173278
0.0172521
0.0171769
0.0171021
0.0170278
0.016954
0.0168806
0.0168077
0.0167353
0.0166634
0.0165919
0.0165209
0.0164503
0.0163802
0.0163107
0.0162415
0.0161729
0.0161047
0.016037
0.0159698
0.0159031
0.0158368
0.015771
0.0157057
0.0156409
0.0155765
0.0155127
0.0154493
0.0153864
0.015324
0.0152621
0.0152006
0.0151397
0.0150792
0.0150192
0.0149597
0.0149007
0.0148422
0.0147841
0.0147266
0.0146695
0.014613
0.0145569
0.0145013
0.0144462
0.0143916
0.0143375
0.0142839
0.0142308
0.0141781
0.014126
0.0140744
0.0140233
0.0139726
0.0139225
0.0138728
0.0138237
0.013775
0.0137269
0.0136792
0.0136321
0.0135854
0.0135393
0.0134937
0.0134485
0.0134039
0.0133597
0.0133161
0.013273
0.0132303
0.0131882
0.0131466
0.0131055
0.0130649
0.0130248
0.0129852
0.0129461
0.0129075
0.0128695
0.0128319
0.0127949
0.0127583
0.0127223
0.0126868
0.0126517
0.0126172
0.0125832
0.0125498
0.0125168
0.0124843
0.0124524
0.0124209
0.01239
0.0123596
0.0123297
0.0123003
0.0122715
0.0122431
0.0122153
0.0121879
0.0121611
0.0121348
0.0121091
0.0120838
0.012059
0.0120348
0.0120111
0.0119879
0.0119652
0.011943
0.0119214
0.0119003
0.0118796
0.0118596
0.01184
0.0118209
0.0118024
0.0117844
0.0117669
0.0117499
0.0117334
0.0117175
0.011702
0.0116871
0.0116727
0.0116589
0.0116455
0.0116327
0.0116204
0.0116086
0.0115974
0.0115866
0.0115764
0.0115667
0.0115575
0.0115489
0.0115407
0.0115331
0.011526
0.0115194
0.0115134
0.0115078
0.0115028
0.0114983
0.0114944
0.0114909
0.011488
0.0114856
0.0114837
0.0114824
0.0114815
0.0114812
0.0114814
0.0114822
0.0114834
0.0114851
0.0114874
0.0114901
0.0114933
0.011497
0.0115012
0.0115058
0.0115108
0.0115163
0.0115222
0.0115286
0.0115353
0.0115425
0.01155
0.0115579
0.0115662
0.0115748
0.0115838
0.0115931
0.0116027
0.0116126
0.0116228
0.0116332
0.011644
0.0116549
0.0116662
0.0116776
0.0116892
0.0117011
0.0117131
0.0117253
0.0117376
0.0117501
0.0117627
0.0117754
0.0117882
0.0118011
0.0118141
0.0118271
0.0118402
0.0118533
0.0118664
0.0118795
0.0118926
0.0119056
0.0119187
0.0119317
0.0119446
0.0119575
0.0119702
0.0119829
0.0119955
0.0120079
0.0120202
0.0120324
0.0120444
0.0120562
0.0120679
0.0120794
0.0120907
0.0121018
0.0121127
0.0121233
0.0121337
0.0121439
0.0121539
0.0121636
0.012173
0.0121821
0.012191
0.0121996
0.012208
0.012216
0.0122237
0.0122312
0.0122383
0.0122451
0.0122516
0.0122578
0.0122637
0.0122692
0.0122744
0.0122793
0.0122839
0.0122881
0.012292
0.0122956
0.0122989
0.0123018
0.0123043
0.0123066
0.0123085
0.0123101
0.0123114
0.0123123
0.012313
0.0123133
0.0123132
0.0123129
0.0123123
0.0123113
0.0123101
0.0123086
0.0123067
0.0123046
0.0123022
0.0122995
0.0122966
0.0122933
0.0122898
0.0122861
0.0122821
0.0122779
0.0122734
0.0122687
0.0122638
0.0122587
0.0122533
0.0122478
0.0122421
0.0122361
0.0122301
0.0122238
0.0122174
0.0122108
0.0122041
0.0121972
0.0121902
0.0121831
0.0121759
0.0121686
0.0121612
0.0121537
0.0121461
0.0121384
0.0121307
0.0121229
0.0121151
0.0121073
0.0120994
0.0120915
0.0120836
0.0120756
0.0120677
0.0120598
0.0120519
0.0120441
0.0120363
0.0120285
0.0120208
0.0120131
0.0120055
0.0119979
0.0119905
0.0119831
0.0119758
0.0119686
0.0119615
0.0119545
0.0119477
0.0119409
0.0119343
0.0119278
0.0119215
0.0119153
0.0119092
0.0119033
0.0118976
0.011892
0.0118866
0.0118813
0.0118762
0.0118713
0.0118666
0.011862
0.0118576
0.0118534
0.0118494
0.0118456
0.011842
0.0118386
0.0118354
0.0118324
0.0118295
0.0118269
0.0118245
0.0118222
0.0118202
0.0118184
0.0118167
0.0118153
0.0118141
0.011813
0.0118122
0.0118116
0.0118111
0.0118109
0.0118108
0.0118109
0.0118113
0.0118118
0.0118124
0.0118133
0.0118143
0.0118156
0.011817
0.0118185
0.0118202
0.0118221
0.0118242
0.0118264
0.0118287
0.0118312
0.0118339
0.0118367
0.0118396
0.0118427
0.0118458
0.0118491
0.0118526
0.0118561
0.0118597
0.0118635
0.0118673
0.0118713
0.0118753
0.0118794
0.0118836
0.0118879
0.0118922
0.0118966
0.011901
0.0119056
0.0119101
0.0119147
0.0119194
0.0119241
0.0119288
0.0119335
0.0119383
0.011943
0.0119478
0.0119526
0.0119574
0.0119621
0.0119669
0.0119717
0.0119764
0.0119811
0.0119858
0.0119904
0.011995
0.0119996
0.0120041
0.0120086
0.012013
0.0120174
0.0120217
0.0120259
0.0120301
0.0120342
0.0120382
0.0120422
0.012046
0.0120498
0.0120535
0.0120571
0.0120606
0.012064
0.0120673
0.0120706
0.0120737
0.0120767
0.0120796
0.0120824
0.012085
0.0120876
0.0120901
0.0120924
0.0120946
0.0120967
0.0120987
0.0121006
0.0121023
0.012104
0.0121055
0.0121069
0.0121082
0.0121093
0.0121103
0.0121112
0.012112
0.0121127
0.0121132
0.0121137
0.012114
0.0121142
0.0121143
0.0121142
0.0121141
0.0121138
0.0121134
0.0121129
0.0121124
0.0121117
0.0121109
0.0121099
0.0121089
0.0121078
0.0121066
0.0121053
0.0121039
0.0121025
0.0121009
0.0120992
0.0120975
0.0120957
0.0120938
0.0120918
0.0120898
0.0120877
0.0120855
0.0120833
0.012081
0.0120786
0.0120762
0.0120737
0.0120712
0.0120687
0.0120661
0.0120634
0.0120607
0.012058
0.0120553
0.0120525
0.0120497
0.0120469
0.012044
0.0120412
0.0120383
0.0120354
0.0120326
0.0120297
0.0120268
0.0120239
0.012021
0.0120182
0.0120153
0.0120124
0.0120096
0.0120068
0.012004
0.0120012
0.0119985
0.0119958
0.0119931
0.0119904
0.0119878
0.0119853
0.0119827
0.0119802
0.0119778
0.0119754
0.011973
0.0119707
0.0119685
0.0119663
0.0119642
0.0119621
0.0119601
0.0119581
0.0119562
0.0119543
0.0119526
0.0119509
0.0119492
0.0119476
0.0119461
0.0119447
0.0119433
0.011942
0.0119408
0.0119397
0.0119386
0.0119376
0.0119366
0.0119357
0.011935
0.0119342
0.0119336
0.011933
0.0119325
0.0119321
0.0119317
0.0119314
0.0119312
0.0119311
0.011931
0.011931
0.0119311
0.0119312
0.0119314
0.0119317
0.011932
0.0119324
0.0119329
0.0119334
0.011934
0.0119346
0.0119353
0.0119361
0.0119369
0.0119378
0.0119387
0.0119397
0.0119407
0.0119418
0.0119429
0.0119441
0.0119453
0.0119466
0.0119479
0.0119492
0.0119506
0.011952
0.0119535
0.0119549
0.0119564
0.011958
0.0119595
0.0119611
0.0119627
0.0119644
0.011966
0.0119677
0.0119694
0.0119711
0.0119728
0.0119745
0.0119762
0.011978
0.0119797
0.0119814
0.0119832
0.0119849
0.0119867
0.0119884
0.0119901
0.0119919
0.0119936
0.0119953
0.011997
0.0119987
0.0120003
0.012002
0.0120036
0.0120052
0.0120068
0.0120083
0.0120099
0.0120114
0.0120129
0.0120143
0.0120158
0.0120172
0.0120185
0.0120199
0.0120212
0.0120225
0.0120237
0.0120249
0.012026
0.0120272
0.0120283
0.0120293
0.0120303
0.0120313
0.0120322
0.0120331
0.0120339
0.0120347
0.0120355
0.0120362
0.0120369
0.0120375
0.0120381
0.0120386
0.0120391
0.0120396
0.01204
0.0120403
0.0120407
0.0120409
0.0120412
0.0120413
0.0120415
0.0120416
0.0120417
0.0120417
0.0120416
0.0120416
0.0120415
0.0120413
0.0120411
0.0120409
0.0120406
0.0120403
0.01204
0.0120396
0.0120392
0.0120388
0.0120383
0.0120378
0.0120372
0.0120366
0.012036
0.0120354
0.0120347
0.012034
0.0120333
0.0120325
0.0120318
0.012031
0.0120301
0.0120293
0.0120284
0.0120275
0.0120266
0.0120257
0.0120248
0.0120238
0.0120229
0.0120219
0.0120209
0.0120199
0.0120189
0.0120178
0.0120168
0.0120158
0.0120147
0.0120137
0.0120126
0.0120116
0.0120105
0.0120095
0.0120084
0.0120074
0.0120063
0.0120053
0.0120042
0.0120032
0.0120022
0.0120012
0.0120002
0.0119992
0.0119982
0.0119972
0.0119962
0.0119953
0.0119944
0.0119934
0.0119925
0.0119917
0.0119908
0.0119899
0.0119891
0.0119883
0.0119875
0.0119867
0.011986
0.0119852
0.0119845
0.0119838
0.0119832
0.0119825
0.0119819
0.0119813
0.0119808
0.0119802
0.0119797
0.0119792
0.0119787
0.0119783
0.0119779
0.0119775
0.0119771
0.0119768
0.0119765
0.0119762
0.0119759
0.0119757
0.0119755
0.0119753
0.0119752
0.0119751
0.011975
0.0119749
0.0119749
0.0119748
0.0119748
0.0119749
0.0119749
0.011975
0.0119751
0.0119752
0.0119754
0.0119756
0.0119758
0.011976
0.0119762
0.0119765
0.0119768
0.0119771
0.0119774
0.0119777
0.0119781
0.0119785
0.0119789
0.0119793
0.0119797
0.0119802
0.0119806
0.0119811
0.0119816
0.0119821
0.0119826
0.0119832
0.0119837
0.0119843
0.0119848
0.0119854
0.011986
0.0119866
0.0119872
0.0119878
0.0119884
0.011989
0.0119896
0.0119902
0.0119909
0.0119915
0.0119921
0.0119928
0.0119934
0.011994
0.0119947
0.0119953
0.0119959
0.0119966
0.0119972
0.0119978
0.0119985
0.0119991
0.0119997
0.0120003
0.0120009
0.0120015
0.0120021
0.0120026
0.0120032
0.0120038
0.0120043
0.0120048
0.0120054
0.0120059
0.0120064
0.0120069
0.0120074
0.0120079
0.0120083
0.0120088
0.0120092
0.0120096
0.01201
0.0120104
0.0120108
0.0120112
0.0120115
0.0120118
0.0120122
0.0120125
0.0120127
0.012013
0.0120133
0.0120135
0.0120137
0.0120139
0.0120141
0.0120143
0.0120145
0.0120146
0.0120147
0.0120149
0.012015
0.012015
0.0120151
0.0120151
0.0120152
0.0120152
0.0120152
0.0120152
0.0120152
0.0120151
0.0120151
0.012015
0.0120149
0.0120148
0.0120147
0.0120146
0.0120144
0.0120143
0.0120141
0.0120139
0.0120137
0.0120135
0.0120133
0.0120131
0.0120128
0.0120126
0.0120123
0.0120121
0.0120118
0.0120115
0.0120112
0.0120109
0.0120106
0.0120103
0.01201
0.0120096
0.0120093
0.0120089
0.0120086
0.0120082
0.0120079
0.0120075
0.0120071
0.0120068
0.0120064
0.012006
0.0120056
0.0120053
0.0120049
0.0120045
0.0120041
0.0120037
0.0120034
0.012003
0.0120026
0.0120022
0.0120018
0.0120014
0.0120011
0.0120007
0.0120003
0.012
0.0119996
0.0119992
0.0119989
0.0119985
0.0119982
0.0119979
0.0119975
0.0119972
0.0119969
0.0119966
0.0119962
0.0119959
0.0119956
0.0119954
0.0119951
0.0119948
0.0119945
0.0119943
0.011994
0.0119938
0.0119936
0.0119933
0.0119931
0.0119929
0.0119927
0.0119925
0.0119924
0.0119922
0.011992
0.0119919
0.0119918
0.0119916
0.0119915
0.0119914
0.0119913
0.0119912
0.0119911
0.0119911
0.011991
0.0119909
0.0119909
0.0119909
0.0119908
0.0119908
0.0119908
0.0119908
0.0119908
0.0119909
0.0119909
0.0119909
0.011991
0.011991
0.0119911
0.0119912
0.0119913
0.0119914
0.0119915
0.0119916
0.0119917
0.0119918
0.0119919
0.0119921
0.0119922
0.0119923
0.0119925
0.0119927
0.0119928
0.011993
0.0119932
0.0119933
0.0119935
0.0119937
0.0119939
0.0119941
0.0119943
0.0119945
0.0119947
0.0119949
0.0119952
0.0119954
0.0119956
0.0119958
0.0119961
0.0119963
0.0119965
0.0119967
0.011997
0.0119972
0.0119974
0.0119977
0.0119979
0.0119981
0.0119984
0.0119986
0.0119988
0.011999
0.0119993
0.0119995
0.0119997
0.0119999
0.0120002
0.0120004
0.0120006
0.0120008
0.012001
0.0120012
0.0120014
0.0120016
0.0120018
0.012002
0.0120022
0.0120024
0.0120026
0.0120027
0.0120029
0.0120031
0.0120032
0.0120034
0.0120035
0.0120037
0.0120038
0.012004
0.0120041
0.0120042
0.0120043
0.0120045
0.0120046
0.0120047
0.0120048
0.0120049
0.012005
0.012005
0.0120051
0.0120052
0.0120052
0.0120053
0.0120053
0.0120054
0.0120054
0.0120055
0.0120055
0.0120055
0.0120055
0.0120055
0.0120055
0.0120055
0.0120055
0.0120055
0.0120055
0.0120055
0.0120055
0.0120054
0.0120054
0.0120053
0.0120053
0.0120052
0.0120052
0.0120051
0.0120051
0.012005
0.0120049
0.0120048
0.0120047
0.0120047
0.0120046
0.0120045
0.0120044
0.0120043
0.0120042
0.0120041
0.0120039
0.0120038
0.0120037
0.0120036
0.0120035
0.0120034
0.0120032
0.0120031
0.012003
0.0120028
0.0120027
0.0120026
0.0120024
0.0120023
0.0120022
0.012002
0.0120019
0.0120017
0.0120016
0.0120015
0.0120013
0.0120012
0.012001
0.0120009
0.0120008
0.0120006
0.0120005
0.0120004
0.0120002
0.0120001
0.0119999
0.0119998
0.0119997
0.0119996
0.0119994
0.0119993
0.0119992
0.0119991
0.0119989
0.0119988
0.0119987
0.0119986
0.0119985
0.0119984
0.0119983
0.0119982
0.0119981
0.011998
0.0119979
0.0119978
0.0119977
0.0119976
0.0119976
0.0119975
0.0119974
0.0119973
0.0119973
0.0119972
0.0119971
0.0119971
0.011997
0.011997
0.0119969
0.0119969
0.0119969
0.0119968
0.0119968
0.0119968
0.0119967
0.0119967
0.0119967
0.0119967
0.0119967
0.0119967
0.0119967
0.0119967
0.0119967
0.0119967
0.0119967
0.0119967
0.0119967
0.0119967
0.0119967
0.0119968
0.0119968
0.0119968
0.0119969
0.0119969
0.0119969
0.011997
0.011997
0.0119971
0.0119971
0.0119972
0.0119972
0.0119973
0.0119973
0.0119974
0.0119975
0.0119975
0.0119976
0.0119977
0.0119977
0.0119978
0.0119979
0.0119979
0.011998
0.0119981
0.0119982
0.0119983
0.0119983
0.0119984
0.0119985
0.0119986
0.0119987
0.0119987
0.0119988
0.0119989
0.011999
0.0119991
0.0119992
0.0119993
0.0119993
0.0119994
0.0119995
0.0119996
0.0119997
0.0119998
0.0119998
0.0119999
0.012
0.0120001
0.0120002
0.0120002
0.0120003
0.0120004
0.0120005
0.0120005
0.0120006
0.0120007
0.0120008
0.0120008
0.0120009
0.012001
0.012001
0.0120011
0.0120011
0.0120012
0.0120013
0.0120013
0.0120014
0.0120014
0.0120015
0.0120015
0.0120016
0.0120016
0.0120016
0.0120017
0.0120017
0.0120018
0.0120018
0.0120018
0.0120018
0.0120019
0.0120019
0.0120019
0.0120019
0.012002
0.012002
0.012002
0.012002
0.012002
0.012002
0.012002
0.012002
0.012002
0.012002
0.012002
0.012002
0.012002
0.012002
0.012002
0.012002
0.012002
0.0120019
0.0120019
0.0120019
0.0120019
0.0120019
0.0120018
0.0120018
0.0120018
0.0120018
0.0120017
0.0120017
0.0120017
0.0120016
0.0120016
0.0120015
0.0120015
0.0120015
0.0120014
0.0120014
0.0120013
0.0120013
0.0120013
0.0120012
0.0120012
0.0120011
0.0120011
0.012001
0.012001
0.0120009
0.0120009
0.0120008
0.0120008
0.0120007
0.0120007
0.0120006
0.0120006
0.0120005
0.0120005
0.0120004
0.0120004
0.0120003
0.0120003
0.0120002
0.0120002
0.0120001
0.0120001
0.012
0.012
0.0119999
0.0119999
0.0119998
0.0119998
0.0119997
0.0119997
0.0119996
0.0119996
0.0119996
0.0119995
0.0119995
0.0119994
0.0119994
0.0119994
0.0119993
0.0119993
0.0119993
0.0119992
0.0119992
0.0119992
0.0119991
0.0119991
0.0119991
0.011999
0.011999
0.011999
0.011999
0.011999
0.0119989
0.0119989
0.0119989
0.0119989
0.0119989
0.0119988
0.0119988
0.0119988
0.0119988
0.0119988
0.0119988
0.0119988
0.0119988
0.0119988
0.0119988
0.0119988
0.0119988
0.0119988
0.0119988
0.0119988
0.0119988
0.0119988
0.0119988
0.0119988
0.0119988
0.0119988
0.0119988
0.0119989
0.0119989
0.0119989
0.0119989
0.0119989
0.0119989
0.011999
0.011999
0.011999
0.011999
0.011999
0.0119991
0.0119991
0.0119991
0.0119991
0.0119992
0.0119992
0.0119992
0.0119992
0.0119993
0.0119993
0.0119993
0.0119993
0.0119994
0.0119994
0.0119994
0.0119995
0.0119995
0.0119995
0.0119996
0.0119996
0.0119996
0.0119996
0.0119997
0.0119997
0.0119997
0.0119998
0.0119998
0.0119998
0.0119999
0.0119999
0.0119999
0.0119999
0.012
0.012
0.012
0.0120001
0.0120001
0.0120001
0.0120002
0.0120002
0.0120002
0.0120002
0.0120003
0.0120003
0.0120003
0.0120003
0.0120004
0.0120004
0.0120004
0.0120004
0.0120004
0.0120005
0.0120005
0.0120005
0.0120005
0.0120005
0.0120006
0.0120006
0.0120006
0.0120006
0.0120006
0.0120006
0.0120006
0.0120007
0.0120007
0.0120007
0.0120007
0.0120007
0.0120007
0.0120007
0.0120007
0.0120007
0.0120007
0.0120007
0.0120007
0.0120007
0.0120007
0.0120007
0.0120007
0.0120007
0.0120007
0.0120007
0.0120007
0.0120007
0.0120007
0.0120007
0.0120007
0.0120007
0.0120007
0.0120007
0.0120007
0.0120007
0.0120007
0.0120007
0.0120006
0.0120006
0.0120006
0.0120006
0.0120006
0.0120006
0.0120006
0.0120006
0.0120005
0.0120005
0.0120005
0.0120005
0.0120005
0.0120005
0.0120005
0.0120004
0.0120004
0.0120004
0.0120004
0.0120004
0.0120003
0.0120003
0.0120003
0.0120003
0.0120003
0.0120003
0.0120002
0.0120002
0.0120002
0.0120002
0.0120002
0.0120001
0.0120001
0.0120001
0.0120001
0.0120001
0.0120001
0.012
0.012
0.012
0.012
0.012
0.0119999
0.0119999
0.0119999
0.0119999
0.0119999
0.0119999
0.0119999
0.0119998
0.0119998
0.0119998
0.0119998
0.0119998
0.0119998
0.0119998
0.0119997
0.0119997
0.0119997
0.0119997
0.0119997
0.0119997
0.0119997
0.0119997
0.0119996
0.0119996
0.0119996
0.0119996
0.0119996
0.0119996
0.0119996
0.0119996
0.0119996
0.0119996
0.0119996
0.0119996
0.0119996
0.0119996
0.0119996
0.0119996
0.0119996
0.0119996
0.0119996
0.0119996
0.0119996
0.0119996
0.0119996
0.0119996
0.0119996
0.0119996
0.0119996
0.0119996
0.0119996
0.0119996
0.0119996
0.0119996
0.0119996
0.0119996
0.0119996
0.0119996
0.0119996
0.0119996
0.0119996
0.0119996
0.0119996
0.0119996
0.0119997
0.0119997
0.0119997
0.0119997
0.0119997
0.0119997
0.0119997
0.0119997
0.0119997
0.0119997
0.0119997
0.0119998
0.0119998
0.0119998
0.0119998
0.0119998
0.0119998
0.0119998
0.0119998
0.0119998
0.0119999
0.0119999
0.0119999
0.0119999
0.0119999
0.0119999
0.0119999
0.0119999
0.0119999
0.012
0.012
0.012
0.012
0.012
0.012
0.012
0.012
0.012
0.012
0.0120001
0.0120001
0.0120001
0.0120001
0.0120001
0.0120001
0.0120001
0.0120001
0.0120001
0.0120001
0.0120001
0.0120002
0.0120002
0.0120002
0.0120002
0.0120002
0.0120002
0.0120002
0.0120002
0.0120002
0.0120002
0.0120002
0.0120002
0.0120002
0.0120002
0.0120002
0.0120002
0.0120002
0.0120003
0.0120003
0.0120003
0.0120003
0.0120003
0.0120003
0.0120003
0.0120003
0.0120003
0.0120003
0.0120003
0.0120003
0.0120003
0.0120003
0.0120003
0.0120003
0.0120003
0.0120003
0.0120003
0.0120003
0.0120003
0.0120003
0.0120003
0.0120003
0.0120002
0.0120002
0.0120002
0.0120002
0.0120002
0.0120002
0.0120002
0.0120002
0.0120002
0.0120002
0.0120002
0.0120002
0.0120002
0.0120002
0.0120002
0.0120002
0.0120002
0.0120002
0.0120002
0.0120002
0.0120002
0.0120001
0.0120001
0.0120001
0.0120001
0.0120001
0.0120001
0.0120001
0.0120001
0.0120001
0.0120001
0.0120001
0.0120001
0.0120001
0.0120001
0.0120001
0.012
0.012
0.012
0.012
0.012
0.012
0.012
0.012
0.012
0.012
0.012
0.012
0.012
0.012
0.012
0.0119999
0.0119999
0.0119999
0.0119999
0.0119999
0.0119999
0.0119999
0.0119999
0.0119999
0.0119999
0.0119999
0.0119999
0.0119999
0.0119999
0.0119999
0.0119999
0.0119999
0.0119999
0.0119999
0.0119999
0.0119999
0.0119999
0.0119999
0.0119999
0.0119999
0.0119998
0.0119998
0.0119998
0.0119998
0.0119998
0.0119998
0.0119998
0.0119998
0.0119998
0.0119998
0.0119998
0.0119998
0.0119998
0.0119998
0.0119998
0.0119998
0.0119998
0.0119998
0.0119998
0.0119998
0.0119998
0.0119998
0.0119998
0.0119998
0.0119998
0.0119999
0.0119999
0.0119999
0.0119999
0.0119999
0.0119999
0.0119999
0.0119999
0.0119999
0.0119999
0.0119999
0.0119999
0.0119999
0.0119999
0.0119999
0.0119999
0.0119999
0.0119999
0.0119999
0.0119999
0.0119999
0.0119999
0.0119999
0.0119999
0.0119999
0.0119999
0.0119999
0.0119999
0.0119999
0.0119999
0.012
0.012
0.012
0.012
0.012
0.012
0.012
0.012
0.012
0.012
0.012
0.012
0.012
0.012
0.012
0.012
0.012
0.012
0.012
0.012
0.012
0.012
0.012
0.012
0.012
0.012
0.012
0.0120001
0.0120001
0.0120001
0.0120001
0.0120001
0.0120001
0.0120001
0.0120001
0.0120001
0.0120001
0.0120001
0.0120001
0.0120001
0.0120001
0.0120001
0.0120001
0.0120001
0.0120001
0.0120001
0.0120001
0.0120001
0.0120001
0.0120001
0.0120001
0.0120001
0.0120001
0.0120001
0.0120001
0.0120001
0.0120001
0.0120001
0.0120001
0.0120001
0.0120001
0.0120001
0.0120001
0.0120001
0.0120001
0.0120001
0.0120001
0.0120001
0.0120001
0.0120001
0.0120001
0.0120001
0.0120001
0.0120001
0.0120001
0.0120001
0.0120001
0.0120001
0.0120001
0.0120001
0.0120001
0.0120001
0.0120001
0.0120001
0.0120001
0.0120001
0.0120001
0.0120001
0.0120001
0.0120001
0.0120001
0.0120001
0.012
0.012
0.012
0.012
0.012
0.012
0.012
0.012
0.012
0.012
0.012
0.012
0.012
0.012
0.012
0.012
0.012
0.012
0.012
0.012
0.012
0.012
0.012
0.012
0.012
0.012
0.012
0.012
0.012
0.012
0.012
0.012
0.012
0.012
0.012
0.012
0.012
0.012
0.012
0.012
0.012
0.012
0.012
0.012
0.012
0.012
0.012
0.012
0.012
0.0119999
0.0119999
0.0119999
0.0119999
0.0119999
0.0119999
0.0119999
0.0119999
0.0119999
0.0119999
0.0119999
0.0119999
0.0119999
0.0119999
0.0119999
0.0119999
0.0119999
0.0119999
0.0119999
0.0119999
0.0119999
0.0119999
0.0119999
0.0119999
0.0119999
0.0119999
0.0119999
0.0119999
0.0119999
0.0119999
0.0119999
0.0119999
0.0119999
0.0119999
0.0119999
0.0119999
0.012
0.012
0.012
0.012
0.012
0.012
0.012
0.012
0.012
0.012
0.012
0.012
0.012
0.012
0.012
0.012
0.012
0.012
0.012
0.012
0.012
0.012
0.012
0.012
0.012
0.012
0.012
0.012
0.012
0.012
0.012
0.012
0.012
0.012
0.012
0.012
0.012
0.012
0.012
0.012
0.012
0.012
0.012
0.012
0.012
0.012
0.012
0.012
0.012
0.012
0.012
0.012
0.012
0.012
0.012
0.012
0.012
0.012
0.012
0.012
0.012
0.012
0.012
0.012
0.012
0.012
0.012
0.012
0.012
0.012
0.012
0.012
0.012
0.012
0.012
0.012
0.012
0.012
0.012
0.012
0.012
0.012
0.012
0.012
0.012
0.012
0.012
0.012
0.012
0.012
0.012
0.012
0.012
0.012
0.012
0.012
0.012
0.012
0.012
0.012
0.012
0.012
0.012
0.012
0.012
0.012
0.012
0.012
0.012
0.012
0.012
0.012
0.012
0.012
0.012
0.012
0.012
0.012
0.012
0.012
0.012
0.012
0.012
0.012
0.012
0.012
0.012
0.012
0.012
0.012
0.012
0.012
0.012
0.012
0.012
0.012
0.012
0.012
0.012
0.012
0.012
0.012
0.012
0.012
0.012
0.012
0.012
0.012
0.012
0.012
0.012
0.012
0.012
0.012
0.012
0.012
0.012
0.012
0.012
0.012
0.012
0.012
0.012
0.012
0.012
0.012
0.012
0.012
0.012
0.012
0.012
0.012
0.012
0.012
0.012
