0
0
2.17043e-08
8.86445e-08
2.26137e-07
4.61239e-07
8.22703e-07
1.34093e-06
2.04791e-06
2.97721e-06
4.16388e-06
5.6444e-06
7.45668e-06
9.63996e-06
1.22348e-05
1.52828e-05
1.88271e-05
2.29117e-05
2.75816e-05
3.28831e-05
3.88632e-05
4.55697e-05
5.30517e-05
6.13585e-05
7.05404e-05
8.06484e-05
9.17339e-05
0.000103849
0.000117046
0.000131379
0.000146899
0.000163661
0.000181719
0.000201126
0.000221937
0.000244206
0.000267986
0.000293332
0.000320298
0.000348937
0.000379304
0.00041145
0.00044543
0.000481295
0.000519097
0.000558889
0.000600721
0.000644643
0.000690705
0.000738956
0.000789445
0.000842219
0.000897325
0.000954808
0.00101471
0.00107708
0.00114196
0.0012094
0.00127942
0.00135207
0.0014274
0.00150543
0.00158621
0.00166976
0.00175613
0.00184534
0.00193742
0.00203241
0.00213034
0.00223122
0.00233509
0.00244197
0.00255189
0.00266486
0.0027809
0.00290003
0.00302228
0.00314764
0.00327615
0.00340781
0.00354263
0.00368061
0.00382178
0.00396613
0.00411368
0.00426441
0.00441834
0.00457546
0.00473578
0.00489929
0.00506598
0.00523585
0.0054089
0.00558512
0.00576449
0.005947
0.00613264
0.0063214
0.00651327
0.00670821
0.00690623
0.00710729
0.00731138
0.00751847
0.00772854
0.00794157
0.00815754
0.0083764
0.00859815
0.00882275
0.00905016
0.00928036
0.00951333
0.00974901
0.00998739
0.0102284
0.0104721
0.0107183
0.0109671
0.0112184
0.0114722
0.0117284
0.011987
0.0122479
0.0125112
0.0127767
0.0130445
0.0133144
0.0135865
0.0138607
0.014137
0.0144153
0.0146955
0.0149777
0.0152617
0.0155476
0.0158353
0.0161248
0.0164159
0.0167087
0.0170032
0.0172992
0.0175967
0.0178957
0.0181961
0.018498
0.0188012
0.0191057
0.0194114
0.0197184
0.0200266
0.0203359
0.0206463
0.0209578
0.0212702
0.0215837
0.021898
0.0222133
0.0225294
0.0228463
0.023164
0.0234825
0.0238016
0.0241215
0.0244419
0.024763
0.0250846
0.0254067
0.0257294
0.0260525
0.0263761
0.0267
0.0270244
0.0273491
0.0276741
0.0279994
0.0283249
0.0286507
0.0289768
0.029303
0.0296294
0.0299559
0.0302826
0.0306094
0.0309363
0.0312632
0.0315902
0.0319172
0.0322443
0.0325713
0.0328984
0.0332254
0.0335524
0.0338793
0.0342061
0.0345329
0.0348596
0.0351863
0.0355128
0.0358392
0.0361655
0.0364917
0.0368177
0.0371436
0.0374694
0.0377951
0.0381206
0.038446
0.0387712
0.0390963
0.0394212
0.039746
0.0400706
0.0403951
0.0407195
0.0410437
0.0413678
0.0416917
0.0420156
0.0423392
0.0426628
0.0429863
0.0433096
0.0436328
0.0439559
0.044279
0.0446019
0.0449248
0.0452475
0.0455702
0.0458929
0.0462154
0.046538
0.0468605
0.0471829
0.0475053
0.0478277
0.0481501
0.0484725
0.0487948
0.0491172
0.0494396
0.049762
0.0500845
0.050407
0.0507295
0.0510521
0.0513747
0.0516974
0.0520201
0.052343
0.0526659
0.0529889
0.053312
0.0536351
0.0539584
0.0542818
0.0546052
0.0549288
0.0552525
0.0555763
0.0559003
0.0562243
0.0565485
0.0568728
0.0571972
0.0575217
0.0578464
0.0581711
0.058496
0.058821
0.0591462
0.0594714
0.0597967
0.0601222
0.0604478
0.0607734
0.0610991
0.061425
0.0617509
0.0620769
0.0624029
0.062729
0.0630552
0.0633814
0.0637076
0.0640338
0.0643601
0.0646864
0.0650126
0.0653389
0.0656651
0.0659912
0.0663173
0.0666433
0.0669693
0.0672951
0.0676208
0.0679464
0.0682718
0.0685971
0.0689222
0.0692471
0.0695718
0.0698962
0.0702204
0.0705443
0.070868
0.0711913
0.0715143
0.0718369
0.0721592
0.0724811
0.0728026
0.0731236
0.0734442
0.0737643
0.0740839
0.074403
0.0747215
0.0750395
0.0753569
0.0756737
0.0759898
0.0763053
0.0766201
0.0769342
0.0772476
0.0775602
0.077872
0.0781831
0.0784933
0.0788026
0.0791111
0.0794187
0.0797254
0.0800311
0.0803358
0.0806396
0.0809423
0.081244
0.0815446
0.0818441
0.0821425
0.0824398
0.0827359
0.0830309
0.0833246
0.0836171
0.0839083
0.0841982
0.0844869
0.0847742
0.0850602
0.0853448
0.0856281
0.0859099
0.0861903
0.0864692
0.0867467
0.0870227
0.0872971
0.08757
0.0878414
0.0881112
0.0883795
0.0886461
0.0889111
0.0891744
0.0894361
0.0896961
0.0899544
0.090211
0.0904659
0.090719
0.0909704
0.09122
0.0914678
0.0917138
0.0919579
0.0922003
0.0924408
0.0926795
0.0929163
0.0931512
0.0933842
0.0936153
0.0938445
0.0940718
0.0942971
0.0945205
0.0947419
0.0949614
0.0951789
0.0953945
0.095608
0.0958195
0.0960291
0.0962366
0.0964421
0.0966456
0.0968471
0.0970466
0.097244
0.0974393
0.0976326
0.0978239
0.0980131
0.0982003
0.0983853
0.0985684
0.0987493
0.0989282
0.099105
0.0992798
0.0994524
0.099623
0.0997916
0.099958
0.100122
0.100285
0.100445
0.100603
0.100759
0.100913
0.101065
0.101215
0.101362
0.101508
0.101652
0.101793
0.101933
0.10207
0.102205
0.102338
0.10247
0.102599
0.102726
0.102851
0.102974
0.103095
0.103213
0.10333
0.103445
0.103558
0.103668
0.103777
0.103884
0.103988
0.104091
0.104191
0.10429
0.104386
0.104481
0.104573
0.104663
0.104752
0.104838
0.104923
0.105005
0.105086
0.105164
0.10524
0.105315
0.105387
0.105458
0.105526
0.105593
0.105657
0.10572
0.10578
0.105839
0.105895
0.10595
0.106003
0.106053
0.106102
0.106149
0.106193
0.106236
0.106277
0.106316
0.106353
0.106388
0.106421
0.106452
0.106481
0.106508
0.106533
0.106556
0.106577
0.106596
0.106614
0.106629
0.106642
0.106654
0.106663
0.10667
0.106676
0.106679
0.106681
0.10668
0.106678
0.106673
0.106667
0.106658
0.106648
0.106636
0.106621
0.106605
0.106587
0.106566
0.106544
0.106519
0.106493
0.106465
0.106434
0.106402
0.106368
0.106331
0.106293
0.106253
0.10621
0.106166
0.106119
0.106071
0.10602
0.105968
0.105913
0.105857
0.105798
0.105737
0.105675
0.10561
0.105543
0.105474
0.105404
0.105331
0.105256
0.105179
0.1051
0.105018
0.104935
0.10485
0.104763
0.104673
0.104582
0.104489
0.104393
0.104296
0.104196
0.104094
0.10399
0.103885
0.103777
0.103667
0.103555
0.103441
0.103325
0.103207
0.103086
0.102964
0.10284
0.102714
0.102585
0.102455
0.102322
0.102188
0.102051
0.101912
0.101772
0.101629
0.101484
0.101338
0.101189
0.101038
0.100885
0.100731
0.100574
0.100415
0.100254
0.100092
0.0999269
0.0997602
0.0995915
0.0994209
0.0992482
0.0990737
0.0988972
0.0987187
0.0985383
0.098356
0.0981717
0.0979856
0.0977975
0.0976075
0.0974157
0.0972219
0.0970263
0.0968289
0.0966295
0.0964283
0.0962253
0.0960204
0.0958137
0.0956052
0.0953949
0.0951828
0.0949689
0.0947533
0.0945359
0.0943167
0.0940958
0.0938731
0.0936487
0.0934226
0.0931948
0.0929653
0.0927342
0.0925013
0.0922669
0.0920307
0.0917929
0.0915536
0.0913126
0.0910699
0.0908258
0.09058
0.0903327
0.0900838
0.0898334
0.0895815
0.089328
0.0890731
0.0888166
0.0885587
0.0882994
0.0880385
0.0877763
0.0875126
0.0872475
0.086981
0.0867132
0.0864439
0.0861733
0.0859014
0.0856281
0.0853536
0.0850777
0.0848005
0.0845221
0.0842423
0.0839614
0.0836792
0.0833958
0.0831111
0.0828253
0.0825383
0.0822501
0.0819608
0.0816703
0.0813787
0.081086
0.0807922
0.0804973
0.0802013
0.0799043
0.0796062
0.0793071
0.079007
0.0787058
0.0784037
0.0781006
0.0777965
0.0774915
0.0771855
0.0768786
0.0765708
0.0762621
0.0759525
0.075642
0.0753307
0.0750185
0.0747055
0.0743917
0.074077
0.0737616
0.0734454
0.0731284
0.0728106
0.0724921
0.0721729
0.071853
0.0715323
0.071211
0.070889
0.0705663
0.0702429
0.0699189
0.0695943
0.0692691
0.0689433
0.0686168
0.0682898
0.0679622
0.0676341
0.0673054
0.0669762
0.0666465
0.0663162
0.0659855
0.0656542
0.0653226
0.0649904
0.0646578
0.0643248
0.0639913
0.0636574
0.0633232
0.0629885
0.0626535
0.0623181
0.0619823
0.0616463
0.0613098
0.0609731
0.0606361
0.0602987
0.0599611
0.0596233
0.0592851
0.0589467
0.0586081
0.0582693
0.0579303
0.057591
0.0572516
0.056912
0.0565722
0.0562323
0.0558922
0.055552
0.0552117
0.0548713
0.0545308
0.0541903
0.0538496
0.0535089
0.0531682
0.0528274
0.0524866
0.0521458
0.051805
0.0514642
0.0511234
0.0507827
0.050442
0.0501014
0.0497609
0.0494205
0.0490801
0.0487399
0.0483998
0.0480598
0.04772
0.0473803
0.0470408
0.0467015
0.0463624
0.0460235
0.0456849
0.0453464
0.0450082
0.0446703
0.0443327
0.0439953
0.0436582
0.0433215
0.042985
0.0426489
0.0423132
0.0419778
0.0416428
0.0413081
0.0409739
0.0406401
0.0403067
0.0399737
0.0396412
0.0393092
0.0389776
0.0386466
0.038316
0.037986
0.0376564
0.0373274
0.036999
0.0366712
0.0363439
0.0360172
0.0356911
0.0353657
0.0350409
0.0347167
0.0343932
0.0340703
0.0337482
0.0334267
0.033106
0.032786
0.0324667
0.0321481
0.0318304
0.0315134
0.0311972
0.0308818
0.0305673
0.0302535
0.0299406
0.0296286
0.0293174
0.0290072
0.0286978
0.0283893
0.0280817
0.0277751
0.0274695
0.0271648
0.026861
0.0265583
0.0262565
0.0259558
0.0256561
0.0253574
0.0250598
0.0247633
0.0244678
0.0241734
0.0238802
0.023588
0.0232969
0.0230071
0.0227183
0.0224307
0.0221443
0.0218591
0.0215751
0.0212923
0.0210107
0.0207304
0.0204513
0.0201735
0.0198969
0.0196216
0.0193477
0.019075
0.0188037
0.0185337
0.018265
0.0179977
0.0177317
0.0174672
0.017204
0.0169422
0.0166818
0.0164229
0.0161654
0.0159093
0.0156547
0.0154015
0.0151499
0.0148997
0.014651
0.0144038
0.0141581
0.013914
0.0136713
0.0134303
0.0131908
0.0129528
0.0127165
0.0124817
0.0122485
0.0120169
0.011787
0.0115587
0.011332
0.0111069
0.0108835
0.0106617
0.0104417
0.0102233
0.0100065
0.00979152
0.00957821
0.0093666
0.00915672
0.00894857
0.00874215
0.00853748
0.00833456
0.0081334
0.00793401
0.0077364
0.00754057
0.00734653
0.00715429
0.00696386
0.00677523
0.00658843
0.00640346
0.00622032
0.00603903
0.00585958
0.00568198
0.00550625
0.00533239
0.0051604
0.00499029
0.00482206
0.00465573
0.0044913
0.00432878
0.00416816
0.00400947
0.00385269
0.00369785
0.00354494
0.00339396
0.00324494
0.00309786
0.00295274
0.00280957
0.00266838
0.00252915
0.0023919
0.00225663
0.00212335
0.00199206
0.00186276
0.00173545
0.00161016
0.00148687
0.00136559
0.00124633
0.00112909
0.00101387
0.00090068
0.000789524
0.000680404
0.000573323
0.000468286
0.000365297
0.000264358
0.000165473
6.86453e-05
-2.61213e-05
-0.000118824
-0.000209459
-0.000298024
-0.000384516
-0.000468932
-0.000551268
-0.000631523
-0.000709692
-0.000785775
-0.000859767
-0.000931667
-0.00100147
-0.00106918
-0.00113479
-0.00119829
-0.0012597
-0.00131899
-0.00137618
-0.00143126
-0.00148423
-0.00153508
-0.00158381
-0.00163043
-0.00167493
-0.00171731
-0.00175757
-0.00179571
-0.00183171
-0.0018656
-0.00189736
-0.00192698
-0.00195448
-0.00197985
-0.00200309
-0.00202419
-0.00204316
-0.00206
-0.00207471
-0.00208727
-0.00209771
-0.002106
-0.00211217
-0.00211619
-0.00211808
-0.00211783
-0.00211544
-0.00211092
-0.00210426
-0.00209546
-0.00208453
-0.00207146
-0.00205625
-0.00203891
-0.00201943
-0.00199782
-0.00197408
-0.0019482
-0.00192019
-0.00189004
-0.00185777
-0.00182337
-0.00178684
-0.00174818
-0.00170739
-0.00166448
-0.00161945
-0.0015723
-0.00152302
-0.00147163
-0.00141812
-0.00136249
-0.00130475
-0.0012449
-0.00118294
-0.00111887
-0.0010527
-0.000984427
-0.000914051
-0.000841578
-0.000767009
-0.000690347
-0.000611595
-0.000530756
-0.000447832
-0.000362826
-0.000275741
-0.000186581
-9.53481e-05
-2.04615e-06
9.33217e-05
0.000190752
0.000290241
0.000391786
0.000495382
0.000601027
0.000708715
0.000818444
0.000930209
0.00104401
0.00115983
0.00127768
0.00139755
0.00151943
0.00164332
0.00176922
0.00189712
0.00202702
0.0021589
0.00229278
0.00242863
0.00256646
0.00270627
0.00284803
0.00299176
0.00313745
0.00328508
0.00343466
0.00358617
0.00373962
0.00389499
0.00405229
0.00421149
0.00437261
0.00453563
0.00470054
0.00486735
0.00503603
0.0052066
0.00537903
0.00555332
0.00572947
0.00590747
0.00608732
0.00626899
0.0064525
0.00663782
0.00682496
0.00701391
0.00720465
0.00739719
0.00759151
0.0077876
0.00798547
0.00818509
0.00838647
0.00858958
0.00879444
0.00900102
0.00920933
0.00941934
0.00963106
0.00984447
0.0100596
0.0102763
0.0104948
0.0107149
0.0109367
0.0111601
0.0113851
0.0116117
0.01184
0.0120699
0.0123014
0.0125344
0.0127691
0.0130053
0.0132431
0.0134824
0.0137232
0.0139656
0.0142095
0.0144549
0.0147019
0.0149503
0.0152002
0.0154515
0.0157044
0.0159586
0.0162143
0.0164715
0.0167301
0.01699
0.0172514
0.0175142
0.0177783
0.0180438
0.0183107
0.0185789
0.0188484
0.0191193
0.0193915
0.0196649
0.0199397
0.0202158
0.0204931
0.0207717
0.0210515
0.0213325
0.0216148
0.0218983
0.022183
0.0224689
0.022756
0.0230442
0.0233336
0.0236241
0.0239158
0.0242086
0.0245025
0.0247974
0.0250935
0.0253907
0.0256889
0.0259881
0.0262884
0.0265897
0.0268921
0.0271954
0.0274997
0.027805
0.0281113
0.0284185
0.0287267
0.0290358
0.0293458
0.0296567
0.0299685
0.0302812
0.0305947
0.0309091
0.0312244
0.0315404
0.0318573
0.032175
0.0324935
0.0328128
0.0331328
0.0334536
0.0337751
0.0340974
0.0344204
0.034744
0.0350684
0.0353934
0.0357191
0.0360455
0.0363725
0.0367001
0.0370284
0.0373572
0.0376866
0.0380166
0.0383472
0.0386783
0.0390099
0.0393421
0.0396748
0.040008
0.0403416
0.0406758
0.0410103
0.0413454
0.0416808
0.0420167
0.042353
0.0426897
0.0430267
0.0433641
0.0437019
0.04404
0.0443785
0.0447172
0.0450563
0.0453956
0.0457352
0.0460751
0.0464152
0.0467555
0.0470961
0.0474368
0.0477778
0.0481189
0.0484602
0.0488017
0.0491433
0.049485
0.0498269
0.0501688
0.0505108
0.0508529
0.0511951
0.0515373
0.0518795
0.0522217
0.052564
0.0529062
0.0532485
0.0535906
0.0539328
0.0542749
0.0546169
0.0549588
0.0553006
0.0556423
0.0559839
0.0563253
0.0566666
0.0570077
0.0573486
0.0576894
0.0580299
0.0583702
0.0587102
0.0590501
0.0593896
0.0597289
0.0600679
0.0604066
0.060745
0.061083
0.0614207
0.061758
0.062095
0.0624316
0.0627678
0.0631036
0.063439
0.0637739
0.0641084
0.0644425
0.064776
0.0651091
0.0654416
0.0657737
0.0661052
0.0664362
0.0667667
0.0670965
0.0674258
0.0677545
0.0680826
0.0684101
0.0687369
0.0690631
0.0693887
0.0697136
0.0700378
0.0703613
0.0706841
0.0710061
0.0713275
0.0716481
0.0719679
0.072287
0.0726053
0.0729227
0.0732394
0.0735553
0.0738703
0.0741845
0.0744978
0.0748102
0.0751218
0.0754324
0.0757422
0.076051
0.0763589
0.0766659
0.0769719
0.0772769
0.0775809
0.077884
0.078186
0.0784871
0.078787
0.079086
0.0793839
0.0796807
0.0799765
0.0802712
0.0805647
0.0808572
0.0811485
0.0814387
0.0817278
0.0820156
0.0823024
0.0825879
0.0828722
0.0831554
0.0834373
0.083718
0.0839975
0.0842757
0.0845526
0.0848283
0.0851027
0.0853758
0.0856476
0.0859181
0.0861873
0.0864551
0.0867216
0.0869867
0.0872505
0.0875128
0.0877738
0.0880334
0.0882916
0.0885483
0.0888037
0.0890576
0.08931
0.089561
0.0898105
0.0900585
0.0903051
0.0905501
0.0907936
0.0910357
0.0912761
0.0915151
0.0917525
0.0919883
0.0922226
0.0924553
0.0926864
0.092916
0.0931439
0.0933702
0.0935949
0.0938179
0.0940394
0.0942591
0.0944772
0.0946937
0.0949085
0.0951216
0.095333
0.0955427
0.0957507
0.095957
0.0961615
0.0963644
0.0965655
0.0967648
0.0969624
0.0971582
0.0973523
0.0975446
0.0977351
0.0979238
0.0981107
0.0982958
0.0984791
0.0986605
0.0988401
0.0990179
0.0991939
0.099368
0.0995402
0.0997106
0.0998791
0.100046
0.10021
0.100373
0.100534
0.100693
0.10085
0.101006
0.101159
0.10131
0.10146
0.101607
0.101753
0.101897
0.102038
0.102178
0.102316
0.102451
0.102585
0.102717
0.102847
0.102975
0.1031
0.103224
0.103346
0.103466
0.103583
0.103699
0.103813
0.103925
0.104034
0.104142
0.104247
0.104351
0.104452
0.104552
0.104649
0.104744
0.104838
0.104929
0.105018
0.105105
0.10519
0.105273
0.105353
0.105432
0.105509
0.105583
0.105655
0.105726
0.105794
0.10586
0.105924
0.105986
0.106045
0.106103
0.106158
0.106212
0.106263
0.106312
0.106359
0.106404
0.106446
0.106487
0.106525
0.106562
0.106596
0.106628
0.106658
0.106685
0.106711
0.106734
0.106756
0.106775
0.106792
0.106806
0.106819
0.10683
0.106838
0.106844
0.106848
0.10685
0.10685
0.106863
0.106888
0.106926
0.106976
0.107038
0.107113
0.107198
0.107296
0.107404
0.107523
0.107654
0.107794
0.107944
0.108105
0.108274
0.108453
0.108641
0.108837
0.109041
0.109254
0.109473
0.1097
0.109933
0.110173
0.110419
0.11067
0.110927
0.111189
0.111454
0.111724
0.111998
0.112275
0.112555
0.112837
0.113122
0.113408
0.113695
0.113983
0.114272
0.114561
0.114849
0.115137
0.115424
0.115709
0.115993
0.116274
0.116553
0.116828
0.117101
0.117369
0.117634
0.117894
0.11815
0.1184
0.118645
0.118885
0.119118
0.119345
0.119565
0.119779
0.119985
0.120184
0.120375
0.120557
0.120732
0.120898
0.121055
0.121204
0.121343
0.121473
0.121593
0.121703
0.121804
0.121894
0.121974
0.122044
0.122103
0.122151
0.122189
0.122215
0.122231
0.122235
0.122229
0.122211
0.122182
0.122142
0.12209
0.122027
0.121952
0.121866
0.121769
0.12166
0.12154
0.121408
0.121266
0.121112
0.120947
0.120771
0.120583
0.120385
0.120176
0.119957
0.119726
0.119486
0.119235
0.118973
0.118702
0.11842
0.118129
0.117829
0.117518
0.117199
0.11687
0.116533
0.116187
0.115832
0.115469
0.115098
0.114719
0.114333
0.113939
0.113538
0.11313
0.112715
0.112293
0.111866
0.111432
0.110992
0.110547
0.110097
0.109642
0.109182
0.108717
0.108248
0.107775
0.107298
0.106818
0.106334
0.105847
0.105358
0.104866
0.104372
0.103875
0.103377
0.102878
0.102377
0.101875
0.101372
0.100868
0.100365
0.0998608
0.099357
0.0988535
0.0983506
0.0978484
0.0973471
0.096847
0.0963483
0.0958512
0.0953558
0.0948623
0.094371
0.093882
0.0933955
0.0929116
0.0924306
0.0919525
0.0914775
0.0910058
0.0905376
0.0900728
0.0896118
0.0891545
0.0887012
0.0882519
0.0878068
0.0873658
0.0869292
0.0864971
0.0860694
0.0856463
0.0852279
0.0848141
0.0844052
0.084001
0.0836017
0.0832074
0.0828179
0.0824334
0.082054
0.0816795
0.08131
0.0809456
0.0805861
0.0802317
0.0798823
0.0795378
0.0791983
0.0788637
0.0785341
0.0782092
0.0778892
0.077574
0.0772634
0.0769575
0.0766562
0.0763595
0.0760671
0.0757792
0.0754955
0.0752161
0.0749407
0.0746694
0.0744021
0.0741386
0.0738788
0.0736227
0.0733701
0.0731209
0.0728751
0.0726324
0.0723928
0.0721562
0.0719224
0.0716913
0.0714628
0.0712368
0.0710131
0.0707917
0.0705723
0.0703549
0.0701393
0.0699253
0.069713
0.069502
0.0692924
0.0690839
0.0688764
0.0686698
0.068464
0.0682588
0.0680541
0.0678498
0.0676457
0.0674417
0.0672377
0.0670336
0.0668292
0.0666244
0.0664191
0.0662132
0.0660066
0.0657991
0.0655906
0.065381
0.0651703
0.0649582
0.0647448
0.0645299
0.0643134
0.0640952
0.0638752
0.0636533
0.0634295
0.0632037
0.0629758
0.0627456
0.0625132
0.0622785
0.0620414
0.0618018
0.0615597
0.061315
0.0610677
0.0608177
0.060565
0.0603095
0.0600513
0.0597902
0.0595262
0.0592594
0.0589896
0.0587169
0.0584413
0.0581627
0.0578811
0.0575966
0.0573091
0.0570186
0.0567252
0.0564288
0.0561295
0.0558273
0.0555221
0.0552141
0.0549032
0.0545895
0.054273
0.0539538
0.0536319
0.0533073
0.05298
0.0526502
0.0523179
0.0519831
0.0516459
0.0513064
0.0509645
0.0506205
0.0502743
0.049926
0.0495757
0.0492234
0.0488693
0.0485134
0.0481558
0.0477966
0.0474359
0.0470737
0.0467101
0.0463453
0.0459793
0.0456122
0.0452441
0.0448751
0.0445053
0.0441347
0.0437636
0.0433919
0.0430198
0.0426474
0.0422747
0.041902
0.0415292
0.0411564
0.0407839
0.0404116
0.0400397
0.0396683
0.0392974
0.0389272
0.0385578
0.0381893
0.0378217
0.0374552
0.0370898
0.0367257
0.0363629
0.0360016
0.0356418
0.0352837
0.0349272
0.0345726
0.0342198
0.033869
0.0335203
0.0331738
0.0328294
0.0324874
0.0321477
0.0318105
0.0314758
0.0311438
0.0308144
0.0304878
0.0301639
0.029843
0.029525
0.02921
0.028898
0.0285892
0.0282835
0.0279811
0.0276819
0.027386
0.0270935
0.0268045
0.0265188
0.0262367
0.0259581
0.025683
0.0254115
0.0251437
0.0248795
0.0246189
0.0243621
0.024109
0.0238596
0.0236139
0.023372
0.0231339
0.0228996
0.022669
0.0224423
0.0222193
0.0220002
0.0217848
0.0215732
0.0213655
0.0211615
0.0209612
0.0207647
0.020572
0.020383
0.0201977
0.0200161
0.0198382
0.0196639
0.0194932
0.0193262
0.0191627
0.0190028
0.0188464
0.0186935
0.018544
0.0183979
0.0182553
0.0181159
0.0179799
0.0178472
0.0177177
0.0175913
0.0174682
0.0173481
0.0172311
0.0171172
0.0170062
0.0168981
0.0167929
0.0166906
0.0165911
0.0164943
0.0164002
0.0163088
0.0162199
0.0161337
0.0160499
0.0159686
0.0158897
0.0158132
0.015739
0.015667
0.0155973
0.0155298
0.0154644
0.015401
0.0153397
0.0152804
0.015223
0.0151676
0.0151139
0.0150621
0.0150121
0.0149638
0.0149171
0.0148721
0.0148287
0.0147868
0.0147465
0.0147077
0.0146703
0.0146343
0.0145997
0.0145664
0.0145345
0.0145038
0.0144744
0.0144461
0.0144191
0.0143932
0.0143685
0.0143449
0.0143224
0.0143009
0.0142805
0.0142611
0.0142427
0.0142253
0.0142089
0.0141934
0.0141789
0.0141653
0.0141526
0.0141408
0.0141299
0.0141199
0.0141108
0.0141026
0.0140953
0.0140888
0.0140832
0.0140785
0.0140746
0.0140717
0.0140696
0.0140684
0.0140681
0.0140687
0.0140702
0.0140726
0.0140759
0.0140802
0.0140854
0.0140916
0.0140987
0.0141069
0.014116
0.0141262
0.0141374
0.0141497
0.0141631
0.0141775
0.0141931
0.0142098
0.0142277
0.0142468
0.0142671
0.0142886
0.0143114
0.0143354
0.0143608
0.0143875
0.0144156
0.0144451
0.014476
0.0145083
0.0145421
0.0145775
0.0146143
0.0146527
0.0146927
0.0147344
0.0147776
0.0148226
0.0148692
0.0149176
0.0149678
0.0150197
0.0150735
0.0151291
0.0151866
0.0152461
0.0153074
0.0153707
0.015436
0.0155034
0.0155728
0.0156442
0.0157178
0.0157934
0.0158713
0.0159513
0.0160335
0.0161179
0.0162046
0.0162935
0.0163848
0.0164783
0.0165742
0.0166725
0.0167731
0.0168761
0.0169815
0.0170894
0.0171997
0.0173124
0.0174277
0.0175454
0.0176656
0.0177884
0.0179136
0.0180414
0.0181718
0.0183047
0.0184402
0.0185783
0.0187189
0.0188621
0.0190079
0.0191563
0.0193074
0.019461
0.0196172
0.019776
0.0199374
0.0201014
0.0202681
0.0204373
0.0206091
0.0207835
0.0209604
0.02114
0.0213221
0.0215068
0.021694
0.0218837
0.022076
0.0222708
0.0224682
0.022668
0.0228702
0.023075
0.0232822
0.0234918
0.0237039
0.0239183
0.0241351
0.0243543
0.0245758
0.0247997
0.0250258
0.0252543
0.025485
0.0257179
0.025953
0.0261903
0.0264298
0.0266715
0.0269152
0.027161
0.0274089
0.0276589
0.0279108
0.0281648
0.0284207
0.0286785
0.0289382
0.0291998
0.0294633
0.0297286
0.0299956
0.0302644
0.030535
0.0308072
0.0310811
0.0313567
0.0316339
0.0319126
0.0321929
0.0324748
0.0327581
0.0330429
0.0333291
0.0336167
0.0339057
0.0341961
0.0344878
0.0347807
0.0350749
0.0353703
0.035667
0.0359648
0.0362637
0.0365638
0.0368649
0.0371671
0.0374704
0.0377746
0.0380798
0.038386
0.0386931
0.0390011
0.0393099
0.0396196
0.0399302
0.0402415
0.0405536
0.0408664
0.04118
0.0414943
0.0418092
0.0421248
0.0424411
0.0427579
0.0430754
0.0433934
0.043712
0.0440311
0.0443508
0.0446709
0.0449915
0.0453125
0.045634
0.045956
0.0462783
0.0466011
0.0469242
0.0472476
0.0475715
0.0478956
0.0482201
0.0485449
0.04887
0.0491953
0.0495209
0.0498468
0.050173
0.0504993
0.0508259
0.0511528
0.0514798
0.051807
0.0521344
0.052462
0.0527898
0.0531177
0.0534458
0.053774
0.0541024
0.054431
0.0547596
0.0550884
0.0554173
0.0557463
0.0560755
0.0564047
0.0567341
0.0570635
0.057393
0.0577227
0.0580524
0.0583822
0.0587121
0.0590421
0.0593721
0.0597022
0.0600324
0.0603627
0.060693
0.0610234
0.0613538
0.0616844
0.0620149
0.0623456
0.0626763
0.063007
0.0633378
0.0636686
0.0639995
0.0643305
0.0646615
0.0649925
0.0653236
0.0656547
0.0659858
0.066317
0.0666482
0.0669795
0.0673108
0.0676421
0.0679734
0.0683047
0.0686361
0.0689675
0.0692989
0.0696303
0.0699617
0.0702931
0.0706245
0.0709559
0.0712873
0.0716186
0.07195
0.0722813
0.0726126
0.0729438
0.073275
0.0736062
0.0739373
0.0742683
0.0745993
0.0749302
0.075261
0.0755917
0.0759223
0.0762529
0.0765833
0.0769135
0.0772437
0.0775737
0.0779035
0.0782332
0.0785627
0.0788921
0.0792212
0.0795501
0.0798789
0.0802073
0.0805356
0.0808636
0.0811913
0.0815188
0.081846
0.0821729
0.0824994
0.0828257
0.0831516
0.0834771
0.0838023
0.084127
0.0844514
0.0847754
0.0850989
0.085422
0.0857446
0.0860668
0.0863884
0.0867096
0.0870302
0.0873503
0.0876698
0.0879888
0.0883071
0.0886248
0.088942
0.0892584
0.0895742
0.0898893
0.0902038
0.0905175
0.0908304
0.0911426
0.0914541
0.0917647
0.0920746
0.0923836
0.0926917
0.092999
0.0933055
0.093611
0.0939156
0.0942192
0.0945219
0.0948236
0.0951244
0.0954241
0.0957228
0.0960204
0.0963169
0.0966124
0.0969067
0.0972
0.0974921
0.097783
0.0980727
0.0983613
0.0986486
0.0989347
0.0992195
0.0995031
0.0997854
0.100066
0.100346
0.100624
0.100901
0.101177
0.101451
0.101724
0.101995
0.102265
0.102534
0.102801
0.103066
0.10333
0.103593
0.103854
0.104113
0.104371
0.104627
0.104882
0.105135
0.105386
0.105636
0.105885
0.106131
0.106376
0.106619
0.106861
0.1071
0.107339
0.107575
0.107809
0.108042
0.108273
0.108503
0.10873
0.108956
0.10918
0.109402
0.109622
0.109841
0.110058
0.110272
0.110485
0.110696
0.110905
0.111113
0.111318
0.111522
0.111723
0.111923
0.112121
0.112317
0.112511
0.112703
0.112893
0.113081
0.113267
0.113451
0.113633
0.113814
0.113992
0.114168
0.114343
0.114515
0.114685
0.114854
0.11502
0.115185
0.115347
0.115507
0.115666
0.115822
0.115977
0.116129
0.116279
0.116428
0.116574
0.116718
0.11686
0.117001
0.117139
0.117275
0.117409
0.117541
0.117671
0.117799
0.117925
0.118049
0.118171
0.118291
0.118409
0.118525
0.118639
0.118751
0.11886
0.118968
0.119074
0.119177
0.119279
0.119378
0.119476
0.119571
0.119665
0.119756
0.119845
0.119933
0.120018
0.120101
0.120182
0.120261
0.120338
0.120414
0.120487
0.120557
0.120626
0.120693
0.120758
0.120821
0.120882
0.12094
0.120997
0.121052
0.121104
0.121155
0.121203
0.12125
0.121294
0.121337
0.121377
0.121415
0.121452
0.121486
0.121518
0.121548
0.121576
0.121602
0.121626
0.121648
0.121668
0.121686
0.121702
0.121716
0.121728
0.121737
0.121745
0.12175
0.121754
0.121756
0.121755
0.121752
0.121748
0.121741
0.121732
0.121721
0.121709
0.121694
0.121677
0.121658
0.121636
0.121613
0.121588
0.121561
0.121531
0.1215
0.121467
0.121431
0.121394
0.121354
0.121312
0.121268
0.121223
0.121175
0.121125
0.121073
0.121019
0.120962
0.120904
0.120844
0.120782
0.120717
0.120651
0.120582
0.120512
0.120439
0.120364
0.120287
0.120208
0.120128
0.120045
0.119959
0.119872
0.119783
0.119692
0.119599
0.119503
0.119406
0.119307
0.119205
0.119101
0.118996
0.118888
0.118779
0.118667
0.118553
0.118437
0.118319
0.1182
0.118078
0.117954
0.117828
0.1177
0.11757
0.117438
0.117304
0.117168
0.11703
0.11689
0.116748
0.116604
0.116458
0.11631
0.11616
0.116008
0.115854
0.115698
0.11554
0.11538
0.115219
0.115055
0.114889
0.114722
0.114552
0.114381
0.114208
0.114032
0.113855
0.113676
0.113495
0.113313
0.113128
0.112942
0.112753
0.112563
0.112371
0.112177
0.111981
0.111784
0.111584
0.111383
0.11118
0.110975
0.110769
0.110561
0.110351
0.110139
0.109925
0.10971
0.109493
0.109274
0.109054
0.108831
0.108608
0.108382
0.108155
0.107926
0.107696
0.107464
0.10723
0.106994
0.106758
0.106519
0.106279
0.106037
0.105794
0.105549
0.105303
0.105055
0.104805
0.104554
0.104302
0.104048
0.103793
0.103536
0.103278
0.103018
0.102757
0.102494
0.10223
0.101965
0.101698
0.10143
0.101161
0.10089
0.100618
0.100344
0.10007
0.0997935
0.0995161
0.0992376
0.0989577
0.0986766
0.0983943
0.0981108
0.097826
0.0975401
0.097253
0.0969647
0.0966753
0.0963847
0.096093
0.0958001
0.0955062
0.0952112
0.0949151
0.0946179
0.0943197
0.0940204
0.0937201
0.0934188
0.0931165
0.0928132
0.0925089
0.0922036
0.0918975
0.0915903
0.0912823
0.0909733
0.0906634
0.0903526
0.090041
0.0897285
0.0894151
0.0891009
0.0887859
0.0884701
0.0881535
0.0878361
0.0875179
0.087199
0.0868793
0.0865589
0.0862377
0.0859159
0.0855933
0.0852701
0.0849462
0.0846216
0.0842964
0.0839706
0.0836441
0.083317
0.0829894
0.0826611
0.0823323
0.0820029
0.081673
0.0813425
0.0810116
0.0806801
0.0803481
0.0800156
0.0796827
0.0793493
0.0790155
0.0786813
0.0783466
0.0780115
0.077676
0.0773401
0.0770039
0.0766673
0.0763304
0.0759931
0.0756556
0.0753177
0.0749795
0.074641
0.0743023
0.0739633
0.0736241
0.0732846
0.0729449
0.072605
0.0722649
0.0719247
0.0715842
0.0712437
0.0709029
0.070562
0.0702211
0.06988
0.0695388
0.0691975
0.0688562
0.0685148
0.0681734
0.0678319
0.0674904
0.0671489
0.0668074
0.066466
0.0661245
0.0657832
0.0654418
0.0651006
0.0647594
0.0644183
0.0640774
0.0637365
0.0633958
0.0630552
0.0627148
0.0623746
0.0620345
0.0616947
0.061355
0.0610156
0.0606764
0.0603375
0.0599988
0.0596604
0.0593223
0.0589845
0.058647
0.0583098
0.057973
0.0576365
0.0573004
0.0569647
0.0566293
0.0562944
0.0559598
0.0556257
0.0552921
0.0549589
0.0546262
0.0542939
0.0539621
0.0536309
0.0533002
0.05297
0.0526403
0.0523112
0.0519827
0.0516548
0.0513275
0.0510007
0.0506746
0.0503492
0.0500244
0.0497002
0.0493768
0.049054
0.0487319
0.0484105
0.0480899
0.04777
0.0474509
0.0471325
0.0468149
0.0464981
0.0461821
0.0458669
0.0455526
0.0452391
0.0449264
0.0446146
0.0443037
0.0439937
0.0436846
0.0433765
0.0430692
0.0427629
0.0424576
0.0421532
0.0418498
0.0415474
0.041246
0.0409457
0.0406464
0.0403481
0.0400508
0.0397547
0.0394596
0.0391656
0.0388727
0.038581
0.0382903
0.0380009
0.0377125
0.0374254
0.0371394
0.0368546
0.036571
0.0362886
0.0360074
0.0357275
0.0354488
0.0351714
0.0348953
0.0346204
0.0343469
0.0340746
0.0338037
0.033534
0.0332658
0.0329988
0.0327333
0.0324691
0.0322063
0.0319448
0.0316848
0.0314262
0.0311691
0.0309133
0.030659
0.0304062
0.0301548
0.029905
0.0296566
0.0294097
0.0291643
0.0289204
0.028678
0.0284372
0.028198
0.0279603
0.0277241
0.0274896
0.0272566
0.0270252
0.0267954
0.0265673
0.0263407
0.0261158
0.0258925
0.0256709
0.025451
0.0252327
0.0250161
0.0248011
0.0245879
0.0243764
0.0241665
0.0239584
0.0237521
0.0235474
0.0233445
0.0231434
0.022944
0.0227463
0.0225505
0.0223564
0.0221641
0.0219736
0.021785
0.0215981
0.021413
0.0212298
0.0210484
0.0208689
0.0206912
0.0205153
0.0203413
0.0201692
0.0199989
0.0198306
0.0196641
0.0194995
0.0193368
0.019176
0.0190171
0.0188601
0.0187051
0.018552
0.0184008
0.0182516
0.0181043
0.0179589
0.0178155
0.0176741
0.0175347
0.0173972
0.0172617
0.0171282
0.0169966
0.0168671
0.0167395
0.016614
0.0164904
0.0163689
0.0162494
0.0161319
0.0160164
0.015903
0.0157916
0.0156822
0.0155749
0.0154696
0.0153664
0.0152652
0.0151661
0.015069
0.014974
0.014881
0.0147902
0.0147014
0.0146146
0.01453
0.0144474
0.014367
0.0142886
0.0142123
0.0141381
0.014066
0.013996
0.0139281
0.0138623
0.0137986
0.013737
0.0136775
0.0136202
0.0135649
0.0135118
0.0134608
0.0134119
0.0133651
0.0133205
0.013278
0.0132376
0.0131994
0.0131632
0.0131292
0.0130974
0.0130677
0.0130401
0.0130146
0.0129913
0.0129701
0.0129511
0.0129342
0.0129195
0.0129068
0.0128964
0.012888
0.0128819
0.0128778
0.0128759
0.0128762
0.0128785
0.0128831
0.0128897
0.0128986
0.0129095
0.0129226
0.0129379
0.0129552
0.0129748
0.0129964
0.0130202
0.0130462
0.0130742
0.0131045
0.0131368
0.0131713
0.0132079
0.0132467
0.0132875
0.0133305
0.0133757
0.0134229
0.0134723
0.0135238
0.0135775
0.0136332
0.0136911
0.013751
0.0138131
0.0138773
0.0139436
0.0140121
0.0140826
0.0141552
0.0142299
0.0143067
0.0143856
0.0144666
0.0145497
0.0146348
0.014722
0.0148114
0.0149027
0.0149962
0.0150917
0.0151893
0.0152889
0.0153906
0.0154944
0.0156002
0.015708
0.0158179
0.0159298
0.0160437
0.0161597
0.0162777
0.0163977
0.0165197
0.0166438
0.0167698
0.0168979
0.0170279
0.0171599
0.0172939
0.0174299
0.0175678
0.0177078
0.0178497
0.0179935
0.0181393
0.018287
0.0184367
0.0185883
0.0187419
0.0188974
0.0190548
0.0192141
0.0193753
0.0195384
0.0197034
0.0198702
0.020039
0.0202096
0.0203821
0.0205565
0.0207327
0.0209107
0.0210906
0.0212724
0.0214559
0.0216413
0.0218284
0.0220174
0.0222082
0.0224008
0.0225951
0.0227912
0.0229891
0.0231887
0.0233901
0.0235932
0.0237981
0.0240046
0.0242129
0.0244229
0.0246346
0.024848
0.0250631
0.0252799
0.0254983
0.0257184
0.0259401
0.0261634
0.0263884
0.026615
0.0268433
0.0270731
0.0273045
0.0275375
0.0277721
0.0280082
0.0282459
0.0284852
0.028726
0.0289683
0.0292121
0.0294575
0.0297043
0.0299527
0.0302025
0.0304538
0.0307065
0.0309607
0.0312163
0.0314734
0.0317319
0.0319918
0.032253
0.0325157
0.0327798
0.0330452
0.0333119
0.0335801
0.0338495
0.0341203
0.0343924
0.0346658
0.0349404
0.0352164
0.0354936
0.0357721
0.0360518
0.0363328
0.036615
0.0368984
0.037183
0.0374688
0.0377558
0.038044
0.0383333
0.0386237
0.0389153
0.039208
0.0395018
0.0397967
0.0400927
0.0403898
0.0406879
0.0409871
0.0412873
0.0415886
0.0418909
0.0421941
0.0424984
0.0428036
0.0431098
0.043417
0.0437251
0.0440341
0.0443441
0.044655
0.0449667
0.0452794
0.0455929
0.0459072
0.0462224
0.0465385
0.0468553
0.047173
0.0474915
0.0478107
0.0481307
0.0484515
0.048773
0.0490952
0.0494182
0.0497419
0.0500662
0.0503912
0.050717
0.0510433
0.0513703
0.0516979
0.0520262
0.052355
0.0526845
0.0530145
0.053345
0.0536762
0.0540078
0.05434
0.0546727
0.0550059
0.0553396
0.0556738
0.0560084
0.0563434
0.0566789
0.0570148
0.0573512
0.0576879
0.058025
0.0583624
0.0587002
0.0590384
0.0593769
0.0597157
0.0600547
0.0603941
0.0607338
0.0610737
0.0614138
0.0617542
0.0620948
0.0624357
0.0627767
0.0631179
0.0634592
0.0638007
0.0641424
0.0644842
0.0648261
0.0651681
0.0655101
0.0658523
0.0661945
0.0665367
0.066879
0.0672213
0.0675636
0.0679059
0.0682482
0.0685905
0.0689327
0.0692748
0.0696169
0.0699588
0.0703007
0.0706424
0.0709841
0.0713256
0.0716669
0.072008
0.072349
0.0726898
0.0730304
0.0733707
0.0737108
0.0740507
0.0743903
0.0747296
0.0750686
0.0754073
0.0757458
0.0760838
0.0764216
0.076759
0.077096
0.0774326
0.0777688
0.0781047
0.0784401
0.078775
0.0791095
0.0794436
0.0797772
0.0801103
0.0804428
0.0807749
0.0811065
0.0814375
0.0817679
0.0820978
0.0824271
0.0827558
0.0830839
0.0834114
0.0837383
0.0840645
0.08439
0.0847149
0.0850391
0.0853626
0.0856854
0.0860075
0.0863288
0.0866494
0.0869692
0.0872883
0.0876065
0.087924
0.0882407
0.0885565
0.0888715
0.0891857
0.089499
0.0898114
0.0901229
0.0904336
0.0907433
0.0910521
0.09136
0.0916669
0.0919729
0.0922779
0.0925819
0.0928849
0.0931869
0.0934879
0.0937879
0.0940868
0.0943847
0.0946815
0.0949772
0.0952719
0.0955654
0.0958578
0.0961491
0.0964393
0.0967283
0.0970162
0.0973029
0.0975884
0.0978727
0.0981558
0.0984377
0.0987183
0.0989978
0.0992759
0.0995529
0.0998285
0.100103
0.100376
0.100648
0.100918
0.101187
0.101455
0.101722
0.101987
0.10225
0.102513
0.102774
0.103033
0.103291
0.103548
0.103803
0.104057
0.10431
0.104561
0.10481
0.105058
0.105305
0.10555
0.105793
0.106035
0.106276
0.106515
0.106752
0.106988
0.107222
0.107455
0.107686
0.107915
0.108143
0.10837
0.108594
0.108817
0.109039
0.109258
0.109477
0.109693
0.109908
0.110121
0.110332
0.110542
0.11075
0.110956
0.111161
0.111364
0.111565
0.111764
0.111962
0.112157
0.112352
0.112544
0.112734
0.112923
0.11311
0.113295
0.113478
0.11366
0.113839
0.114017
0.114193
0.114367
0.114539
0.11471
0.114878
0.115045
0.11521
0.115373
0.115534
0.115693
0.11585
0.116005
0.116158
0.11631
0.116459
0.116607
0.116752
0.116896
0.117038
0.117177
0.117315
0.117451
0.117585
0.117717
0.117846
0.117974
0.1181
0.118224
0.118346
0.118465
0.118583
0.118699
0.118813
0.118924
0.119034
0.119142
0.119247
0.119351
0.119452
0.119552
0.119649
0.119744
0.119838
0.119929
0.120018
0.120105
0.12019
0.120273
0.120353
0.120432
0.120509
0.120583
0.120656
0.120726
0.120794
0.12086
0.120924
0.120986
0.121045
0.121103
0.121159
0.121212
0.121263
0.121312
0.121359
0.121404
0.121447
0.121487
0.121526
0.121562
0.121596
0.121628
0.121658
0.121686
0.121711
0.121735
0.121756
0.121775
0.121792
0.121807
0.12182
0.12183
0.121839
0.121845
0.121849
0.121851
0.121851
0.121848
0.121844
0.121837
0.121828
0.121817
0.121804
0.121789
0.121772
0.121752
0.12173
0.121707
0.121681
0.121652
0.121622
0.12159
0.121555
0.121518
0.12148
0.121439
0.121396
0.12135
0.121303
0.121253
0.121202
0.121148
0.121092
0.121034
0.120974
0.120912
0.120848
0.120781
0.120713
0.120642
0.120569
0.120494
0.120417
0.120338
0.120257
0.120174
0.120089
0.120001
0.119912
0.11982
0.119726
0.119631
0.119533
0.119433
0.119331
0.119227
0.119121
0.119013
0.118903
0.118791
0.118677
0.118561
0.118443
0.118323
0.1182
0.118076
0.11795
0.117822
0.117692
0.117559
0.117425
0.117289
0.117151
0.117011
0.116869
0.116725
0.116579
0.116431
0.116281
0.116129
0.115976
0.11582
0.115663
0.115503
0.115342
0.115179
0.115013
0.114847
0.114678
0.114507
0.114334
0.11416
0.113984
0.113805
0.113625
0.113444
0.11326
0.113075
0.112887
0.112698
0.112508
0.112315
0.112121
0.111924
0.111726
0.111527
0.111325
0.111122
0.110917
0.110711
0.110502
0.110292
0.110081
0.109867
0.109652
0.109436
0.109217
0.108997
0.108775
0.108552
0.108327
0.108101
0.107872
0.107643
0.107411
0.107178
0.106944
0.106708
0.10647
0.106231
0.10599
0.105748
0.105504
0.105259
0.105012
0.104764
0.104514
0.104263
0.10401
0.103756
0.103501
0.103244
0.102985
0.102726
0.102464
0.102202
0.101938
0.101672
0.101406
0.101138
0.100868
0.100598
0.100326
0.100053
0.099778
0.0995021
0.099225
0.0989466
0.098667
0.0983862
0.0981041
0.0978208
0.0975363
0.0972506
0.0969637
0.0966757
0.0963865
0.0960961
0.0958046
0.095512
0.0952183
0.0949235
0.0946276
0.0943306
0.0940326
0.0937335
0.0934334
0.0931322
0.09283
0.0925268
0.0922226
0.0919175
0.0916114
0.0913043
0.0909962
0.0906873
0.0903774
0.0900666
0.0897549
0.0894423
0.0891289
0.0888146
0.0884994
0.0881834
0.0878666
0.087549
0.0872306
0.0869114
0.0865914
0.0862707
0.0859492
0.085627
0.0853041
0.0849804
0.0846561
0.0843311
0.0840054
0.083679
0.083352
0.0830244
0.0826962
0.0823673
0.0820379
0.0817079
0.0813773
0.0810462
0.0807145
0.0803823
0.0800496
0.0797164
0.0793827
0.0790485
0.0787138
0.0783788
0.0780432
0.0777073
0.0773709
0.0770342
0.0766971
0.0763596
0.0760217
0.0756835
0.075345
0.0750062
0.074667
0.0743276
0.0739879
0.0736479
0.0733077
0.0729673
0.0726266
0.0722857
0.0719447
0.0716034
0.071262
0.0709204
0.0705787
0.0702369
0.0698949
0.0695529
0.0692107
0.0688685
0.0685262
0.0681839
0.0678416
0.0674992
0.0671568
0.0668144
0.0664721
0.0661298
0.0657875
0.0654453
0.0651032
0.0647612
0.0644192
0.0640774
0.0637357
0.0633942
0.0630528
0.0627116
0.0623705
0.0620297
0.0616891
0.0613487
0.0610085
0.0606686
0.0603289
0.0599896
0.0596505
0.0593117
0.0589732
0.0586351
0.0582973
0.0579599
0.0576228
0.0572862
0.0569499
0.056614
0.0562786
0.0559436
0.055609
0.0552749
0.0549413
0.0546082
0.0542756
0.0539435
0.0536119
0.0532809
0.0529504
0.0526205
0.0522912
0.0519625
0.0516343
0.0513068
0.05098
0.0506538
0.0503282
0.0500033
0.0496791
0.0493556
0.0490328
0.0487107
0.0483894
0.0480688
0.047749
0.0474299
0.0471117
0.0467942
0.0464775
0.0461617
0.0458467
0.0455326
0.0452193
0.0449069
0.0445954
0.0442847
0.043975
0.0436662
0.0433584
0.0430515
0.0427455
0.0424406
0.0421366
0.0418336
0.0415316
0.0412306
0.0409307
0.0406318
0.0403339
0.0400372
0.0397415
0.0394469
0.0391534
0.038861
0.0385697
0.0382796
0.0379906
0.0377028
0.0374161
0.0371307
0.0368464
0.0365633
0.0362815
0.0360009
0.0357215
0.0354433
0.0351665
0.0348909
0.0346165
0.0343435
0.0340718
0.0338014
0.0335323
0.0332645
0.0329981
0.032733
0.0324694
0.0322071
0.0319461
0.0316866
0.0314285
0.0311718
0.0309165
0.0306627
0.0304103
0.0301594
0.02991
0.029662
0.0294155
0.0291705
0.028927
0.0286851
0.0284446
0.0282057
0.0279684
0.0277326
0.0274984
0.0272657
0.0270346
0.0268051
0.0265773
0.026351
0.0261263
0.0259033
0.0256819
0.0254622
0.0252441
0.0250276
0.0248129
0.0245998
0.0243884
0.0241787
0.0239708
0.0237645
0.0235599
0.0233571
0.023156
0.0229567
0.0227591
0.0225633
0.0223692
0.0221769
0.0219864
0.0217977
0.0216108
0.0214257
0.0212424
0.021061
0.0208813
0.0207035
0.0205275
0.0203534
0.0201812
0.0200108
0.0198423
0.0196756
0.0195108
0.019348
0.019187
0.0190279
0.0188707
0.0187155
0.0185621
0.0184107
0.0182612
0.0181137
0.0179681
0.0178244
0.0176828
0.017543
0.0174053
0.0172695
0.0171357
0.0170038
0.016874
0.0167461
0.0166203
0.0164964
0.0163746
0.0162548
0.016137
0.0160212
0.0159074
0.0157957
0.015686
0.0155783
0.0154727
0.0153692
0.0152677
0.0151682
0.0150708
0.0149755
0.0148822
0.014791
0.0147019
0.0146149
0.0145299
0.0144471
0.0143663
0.0142876
0.014211
0.0141365
0.0140641
0.0139939
0.0139257
0.0138596
0.0137956
0.0137338
0.0136741
0.0136165
0.013561
0.0135076
0.0134564
0.0134073
0.0133603
0.0133155
0.0132727
0.0132322
0.0131937
0.0131574
0.0131233
0.0130912
0.0130614
0.0130336
0.013008
0.0129846
0.0129633
0.0129442
0.0129271
0.0129123
0.0128996
0.012889
0.0128806
0.0128744
0.0128703
0.0128683
0.0128685
0.0128709
0.0128754
0.012882
0.0128908
0.0129018
0.0129149
0.0129302
0.0129476
0.0129671
0.0129888
0.0130126
0.0130386
0.0130668
0.013097
0.0131295
0.013164
0.0132007
0.0132396
0.0132805
0.0133236
0.0133689
0.0134163
0.0134658
0.0135174
0.0135712
0.013627
0.013685
0.0137452
0.0138074
0.0138717
0.0139382
0.0140068
0.0140775
0.0141502
0.0142251
0.0143021
0.0143812
0.0144623
0.0145456
0.0146309
0.0147184
0.0148079
0.0148994
0.0149931
0.0150888
0.0151866
0.0152864
0.0153883
0.0154922
0.0155982
0.0157063
0.0158163
0.0159284
0.0160426
0.0161587
0.0162769
0.0163971
0.0165193
0.0166436
0.0167698
0.016898
0.0170282
0.0171604
0.0172946
0.0174308
0.0175689
0.017709
0.017851
0.017995
0.018141
0.0182889
0.0184387
0.0185905
0.0187442
0.0188998
0.0190574
0.0192168
0.0193781
0.0195414
0.0197065
0.0198735
0.0200423
0.0202131
0.0203857
0.0205601
0.0207365
0.0209146
0.0210946
0.0212764
0.02146
0.0216454
0.0218327
0.0220217
0.0222126
0.0224052
0.0225996
0.0227957
0.0229936
0.0231933
0.0233947
0.0235978
0.0238027
0.0240093
0.0242176
0.0244276
0.0246393
0.0248527
0.0250678
0.0252845
0.0255029
0.0257229
0.0259446
0.026168
0.0263929
0.0266195
0.0268477
0.0270774
0.0273088
0.0275418
0.0277763
0.0280124
0.02825
0.0284892
0.0287299
0.0289721
0.0292159
0.0294612
0.0297079
0.0299562
0.0302059
0.0304571
0.0307097
0.0309638
0.0312194
0.0314763
0.0317347
0.0319945
0.0322556
0.0325182
0.0327821
0.0330474
0.0333141
0.0335821
0.0338514
0.0341221
0.0343941
0.0346673
0.0349419
0.0352177
0.0354948
0.0357732
0.0360528
0.0363337
0.0366158
0.036899
0.0371835
0.0374692
0.0377561
0.0380441
0.0383333
0.0386236
0.0389151
0.0392077
0.0395014
0.0397962
0.0400921
0.0403891
0.0406871
0.0409862
0.0412863
0.0415875
0.0418897
0.0421928
0.042497
0.0428022
0.0431083
0.0434154
0.0437234
0.0440324
0.0443422
0.044653
0.0449647
0.0452773
0.0455907
0.045905
0.0462202
0.0465362
0.046853
0.0471706
0.047489
0.0478082
0.0481282
0.0484489
0.0487704
0.0490926
0.0494155
0.0497391
0.0500635
0.0503885
0.0507142
0.0510405
0.0513675
0.0516951
0.0520234
0.0523522
0.0526816
0.0530117
0.0533422
0.0536734
0.054005
0.0543372
0.05467
0.0550032
0.0553369
0.0556711
0.0560057
0.0563408
0.0566763
0.0570123
0.0573486
0.0576854
0.0580225
0.05836
0.0586979
0.0590361
0.0593746
0.0597134
0.0600526
0.060392
0.0607317
0.0610717
0.0614119
0.0617523
0.062093
0.0624339
0.062775
0.0631162
0.0634576
0.0637992
0.0641409
0.0644828
0.0648247
0.0651668
0.0655089
0.0658512
0.0661934
0.0665358
0.0668781
0.0672205
0.0675629
0.0679052
0.0682476
0.0685899
0.0689322
0.0692744
0.0696165
0.0699586
0.0703005
0.0706423
0.070984
0.0713256
0.071667
0.0720082
0.0723492
0.0726901
0.0730307
0.0733711
0.0737113
0.0740512
0.0743908
0.0747302
0.0750693
0.0754081
0.0757466
0.0760847
0.0764225
0.0767599
0.077097
0.0774337
0.0777699
0.0781058
0.0784412
0.0787763
0.0791108
0.0794449
0.0797785
0.0801116
0.0804443
0.0807764
0.0811079
0.081439
0.0817694
0.0820994
0.0824287
0.0827574
0.0830855
0.083413
0.0837399
0.0840661
0.0843917
0.0847166
0.0850408
0.0853643
0.0856871
0.0860092
0.0863305
0.0866511
0.0869709
0.08729
0.0876082
0.0879257
0.0882423
0.0885582
0.0888732
0.0891873
0.0895006
0.089813
0.0901245
0.0904351
0.0907448
0.0910536
0.0913615
0.0916684
0.0919743
0.0922793
0.0925833
0.0928863
0.0931883
0.0934892
0.0937892
0.0940881
0.0943859
0.0946827
0.0949784
0.095273
0.0955665
0.0958589
0.0961501
0.0964402
0.0967292
0.097017
0.0973037
0.0975891
0.0978734
0.0981565
0.0984383
0.0987189
0.0989983
0.0992765
0.0995533
0.0998289
0.100103
0.100376
0.100648
0.100918
0.101188
0.101455
0.101722
0.101987
0.10225
0.102513
0.102774
0.103033
0.103291
0.103548
0.103803
0.104057
0.104309
0.10456
0.10481
0.105058
0.105304
0.105549
0.105793
0.106035
0.106275
0.106514
0.106751
0.106987
0.107221
0.107454
0.107685
0.107915
0.108142
0.108369
0.108593
0.108816
0.109038
0.109258
0.109476
0.109692
0.109907
0.11012
0.110331
0.110541
0.110749
0.110955
0.11116
0.111363
0.111564
0.111763
0.111961
0.112156
0.11235
0.112543
0.112733
0.112922
0.113109
0.113294
0.113477
0.113659
0.113838
0.114016
0.114192
0.114366
0.114539
0.114709
0.114877
0.115044
0.115209
0.115372
0.115533
0.115692
0.115849
0.116004
0.116158
0.116309
0.116458
0.116606
0.116752
0.116895
0.117037
0.117177
0.117314
0.11745
0.117584
0.117716
0.117846
0.117974
0.118099
0.118223
0.118345
0.118465
0.118583
0.118699
0.118812
0.118924
0.119034
0.119141
0.119247
0.119351
0.119452
0.119552
0.119649
0.119744
0.119838
0.119929
0.120018
0.120105
0.12019
0.120273
0.120353
0.120432
0.120509
0.120583
0.120656
0.120726
0.120794
0.12086
0.120924
0.120986
0.121046
0.121103
0.121159
0.121212
0.121263
0.121312
0.121359
0.121404
0.121447
0.121488
0.121526
0.121562
0.121597
0.121629
0.121658
0.121686
0.121712
0.121735
0.121756
0.121776
0.121793
0.121808
0.12182
0.121831
0.121839
0.121845
0.12185
0.121851
0.121851
0.121849
0.121844
0.121838
0.121829
0.121818
0.121805
0.12179
0.121772
0.121753
0.121731
0.121707
0.121681
0.121653
0.121623
0.12159
0.121556
0.121519
0.12148
0.121439
0.121396
0.121351
0.121304
0.121254
0.121202
0.121149
0.121093
0.121035
0.120975
0.120912
0.120848
0.120782
0.120713
0.120642
0.12057
0.120495
0.120418
0.120339
0.120257
0.120174
0.120089
0.120001
0.119912
0.11982
0.119727
0.119631
0.119533
0.119433
0.119331
0.119228
0.119122
0.119014
0.118903
0.118791
0.118677
0.118561
0.118443
0.118323
0.1182
0.118076
0.11795
0.117822
0.117692
0.117559
0.117425
0.117289
0.117151
0.117011
0.116869
0.116725
0.116579
0.116431
0.116281
0.116129
0.115976
0.11582
0.115662
0.115503
0.115342
0.115178
0.115013
0.114846
0.114677
0.114507
0.114334
0.11416
0.113983
0.113805
0.113625
0.113443
0.11326
0.113074
0.112887
0.112698
0.112507
0.112315
0.11212
0.111924
0.111726
0.111526
0.111325
0.111122
0.110917
0.11071
0.110502
0.110292
0.11008
0.109867
0.109652
0.109435
0.109217
0.108997
0.108775
0.108552
0.108327
0.1081
0.107872
0.107642
0.107411
0.107178
0.106943
0.106707
0.10647
0.106231
0.10599
0.105748
0.105504
0.105259
0.105012
0.104764
0.104514
0.104263
0.10401
0.103756
0.1035
0.103243
0.102985
0.102725
0.102464
0.102202
0.101938
0.101672
0.101406
0.101138
0.100868
0.100598
0.100326
0.100052
0.0997778
0.099502
0.0992249
0.0989465
0.0986669
0.0983861
0.098104
0.0978207
0.0975362
0.0972505
0.0969637
0.0966756
0.0963864
0.0960961
0.0958046
0.095512
0.0952183
0.0949235
0.0946276
0.0943307
0.0940326
0.0937336
0.0934334
0.0931323
0.0928301
0.0925269
0.0922227
0.0919176
0.0916115
0.0913044
0.0909964
0.0906874
0.0903775
0.0900667
0.089755
0.0894425
0.089129
0.0888147
0.0884996
0.0881836
0.0878668
0.0875492
0.0872308
0.0869116
0.0865916
0.0862709
0.0859494
0.0856272
0.0853043
0.0849806
0.0846563
0.0843313
0.0840056
0.0836792
0.0833523
0.0830246
0.0826964
0.0823676
0.0820381
0.0817081
0.0813775
0.0810464
0.0807147
0.0803825
0.0800498
0.0797166
0.0793829
0.0790487
0.0787141
0.078379
0.0780435
0.0777075
0.0773712
0.0770344
0.0766973
0.0763598
0.0760219
0.0756837
0.0753452
0.0750064
0.0746672
0.0743278
0.0739881
0.0736481
0.0733079
0.0729674
0.0726268
0.0722859
0.0719448
0.0716036
0.0712621
0.0709206
0.0705788
0.070237
0.069895
0.069553
0.0692108
0.0688686
0.0685263
0.068184
0.0678416
0.0674993
0.0671569
0.0668145
0.0664722
0.0661298
0.0657876
0.0654454
0.0651032
0.0647612
0.0644193
0.0640774
0.0637357
0.0633942
0.0630528
0.0627116
0.0623705
0.0620297
0.0616891
0.0613487
0.0610085
0.0606686
0.0603289
0.0599895
0.0596504
0.0593117
0.0589732
0.0586351
0.0582973
0.0579598
0.0576228
0.0572861
0.0569498
0.0566139
0.0562785
0.0559435
0.0556089
0.0552748
0.0549412
0.0546081
0.0542755
0.0539434
0.0536118
0.0532808
0.0529503
0.0526204
0.0522911
0.0519623
0.0516342
0.0513067
0.0509798
0.0506536
0.0503281
0.0500032
0.049679
0.0493555
0.0490327
0.0487106
0.0483893
0.0480687
0.0477488
0.0474298
0.0471115
0.0467941
0.0464774
0.0461616
0.0458466
0.0455324
0.0452192
0.0449068
0.0445952
0.0442846
0.0439749
0.0436661
0.0433583
0.0430514
0.0427454
0.0424404
0.0421364
0.0418335
0.0415315
0.0412305
0.0409306
0.0406317
0.0403338
0.0400371
0.0397414
0.0394468
0.0391533
0.0388609
0.0385696
0.0382795
0.0379905
0.0377027
0.0374161
0.0371306
0.0368463
0.0365633
0.0362814
0.0360008
0.0357214
0.0354433
0.0351664
0.0348908
0.0346165
0.0343435
0.0340717
0.0338013
0.0335322
0.0332645
0.0329981
0.032733
0.0324693
0.032207
0.0319461
0.0316866
0.0314285
0.0311718
0.0309165
0.0306627
0.0304103
0.0301594
0.02991
0.029662
0.0294155
0.0291705
0.0289271
0.0286851
0.0284447
0.0282058
0.0279684
0.0277326
0.0274984
0.0272657
0.0270347
0.0268052
0.0265773
0.026351
0.0261264
0.0259034
0.025682
0.0254622
0.0252441
0.0250277
0.024813
0.0245999
0.0243885
0.0241788
0.0239708
0.0237646
0.02356
0.0233572
0.0231561
0.0229568
0.0227592
0.0225633
0.0223693
0.022177
0.0219865
0.0217978
0.0216109
0.0214258
0.0212425
0.021061
0.0208814
0.0207036
0.0205276
0.0203535
0.0201813
0.0200109
0.0198423
0.0196757
0.0195109
0.019348
0.019187
0.019028
0.0188708
0.0187155
0.0185622
0.0184108
0.0182613
0.0181138
0.0179682
0.0178245
0.0176828
0.0175431
0.0174053
0.0172695
0.0171357
0.0170039
0.016874
0.0167462
0.0166203
0.0164965
0.0163746
0.0162548
0.016137
0.0160212
0.0159074
0.0157957
0.015686
0.0155784
0.0154728
0.0153692
0.0152677
0.0151682
0.0150708
0.0149755
0.0148822
0.014791
0.0147019
0.0146149
0.0145299
0.0144471
0.0143663
0.0142876
0.014211
0.0141365
0.0140641
0.0139938
0.0139257
0.0138596
0.0137956
0.0137338
0.0136741
0.0136165
0.013561
0.0135076
0.0134564
0.0134073
0.0133603
0.0133154
0.0132727
0.0132321
0.0131937
0.0131574
0.0131232
0.0130912
0.0130613
0.0130336
0.013008
0.0129846
0.0129633
0.0129441
0.0129271
0.0129123
0.0128995
0.012889
0.0128806
0.0128743
0.0128702
0.0128683
0.0128685
0.0128708
0.0128753
0.012882
0.0128908
0.0129017
0.0129148
0.0129301
0.0129475
0.0129671
0.0129888
0.0130126
0.0130386
0.0130667
0.013097
0.0131294
0.013164
0.0132007
0.0132395
0.0132805
0.0133236
0.0133688
0.0134162
0.0134657
0.0135174
0.0135711
0.013627
0.013685
0.0137451
0.0138074
0.0138717
0.0139382
0.0140067
0.0140774
0.0141502
0.0142251
0.0143021
0.0143811
0.0144623
0.0145456
0.0146309
0.0147183
0.0148078
0.0148994
0.0149931
0.0150888
0.0151865
0.0152864
0.0153883
0.0154922
0.0155982
0.0157062
0.0158163
0.0159284
0.0160426
0.0161587
0.0162769
0.0163971
0.0165193
0.0166436
0.0167698
0.016898
0.0170282
0.0171604
0.0172946
0.0174308
0.0175689
0.017709
0.017851
0.0179951
0.018141
0.0182889
0.0184388
0.0185905
0.0187442
0.0188998
0.0190574
0.0192168
0.0193781
0.0195414
0.0197065
0.0198735
0.0200424
0.0202131
0.0203857
0.0205602
0.0207365
0.0209146
0.0210946
0.0212764
0.02146
0.0216455
0.0218327
0.0220218
0.0222126
0.0224052
0.0225996
0.0227957
0.0229937
0.0231933
0.0233947
0.0235979
0.0238027
0.0240093
0.0242176
0.0244276
0.0246393
0.0248527
0.0250678
0.0252845
0.0255029
0.025723
0.0259447
0.026168
0.0263929
0.0266195
0.0268477
0.0270775
0.0273088
0.0275418
0.0277763
0.0280124
0.02825
0.0284892
0.0287299
0.0289722
0.0292159
0.0294612
0.029708
0.0299562
0.0302059
0.0304571
0.0307098
0.0309638
0.0312194
0.0314763
0.0317347
0.0319945
0.0322557
0.0325182
0.0327822
0.0330475
0.0333141
0.0335821
0.0338515
0.0341221
0.0343941
0.0346673
0.0349419
0.0352177
0.0354949
0.0357732
0.0360528
0.0363337
0.0366158
0.0368991
0.0371835
0.0374692
0.0377561
0.0380441
0.0383333
0.0386237
0.0389151
0.0392077
0.0395014
0.0397962
0.0400921
0.0403891
0.0406871
0.0409862
0.0412863
0.0415875
0.0418897
0.0421928
0.042497
0.0428022
0.0431083
0.0434154
0.0437234
0.0440324
0.0443422
0.044653
0.0449647
0.0452773
0.0455907
0.045905
0.0462202
0.0465362
0.046853
0.0471706
0.047489
0.0478082
0.0481282
0.0484489
0.0487704
0.0490926
0.0494155
0.0497391
0.0500635
0.0503885
0.0507142
0.0510405
0.0513675
0.0516951
0.0520233
0.0523522
0.0526816
0.0530116
0.0533422
0.0536734
0.054005
0.0543372
0.0546699
0.0550032
0.0553369
0.055671
0.0560057
0.0563408
0.0566763
0.0570122
0.0573486
0.0576854
0.0580225
0.05836
0.0586978
0.059036
0.0593746
0.0597134
0.0600525
0.060392
0.0607317
0.0610717
0.0614119
0.0617523
0.062093
0.0624339
0.0627749
0.0631162
0.0634576
0.0637992
0.0641409
0.0644828
0.0648247
0.0651668
0.0655089
0.0658511
0.0661934
0.0665358
0.0668781
0.0672205
0.0675629
0.0679052
0.0682476
0.0685899
0.0689322
0.0692744
0.0696165
0.0699586
0.0703005
0.0706423
0.070984
0.0713256
0.071667
0.0720082
0.0723492
0.0726901
0.0730307
0.0733711
0.0737113
0.0740512
0.0743908
0.0747302
0.0750693
0.0754081
0.0757466
0.0760847
0.0764225
0.0767599
0.077097
0.0774337
0.0777699
0.0781058
0.0784413
0.0787763
0.0791108
0.0794449
0.0797785
0.0801116
0.0804443
0.0807764
0.0811079
0.081439
0.0817695
0.0820994
0.0824287
0.0827574
0.0830855
0.083413
0.0837399
0.0840661
0.0843917
0.0847166
0.0850408
0.0853643
0.0856871
0.0860092
0.0863305
0.0866511
0.0869709
0.08729
0.0876082
0.0879257
0.0882424
0.0885582
0.0888732
0.0891873
0.0895006
0.089813
0.0901245
0.0904351
0.0907449
0.0910536
0.0913615
0.0916684
0.0919743
0.0922793
0.0925833
0.0928863
0.0931883
0.0934893
0.0937892
0.0940881
0.0943859
0.0946827
0.0949784
0.095273
0.0955665
0.0958589
0.0961501
0.0964402
0.0967292
0.097017
0.0973037
0.0975891
0.0978734
0.0981565
0.0984383
0.0987189
0.0989983
0.0992765
0.0995533
0.0998289
0.100103
0.100376
0.100648
0.100918
0.101188
0.101455
0.101722
0.101987
0.10225
0.102513
0.102774
0.103033
0.103291
0.103548
0.103803
0.104057
0.104309
0.10456
0.10481
0.105058
0.105304
0.105549
0.105793
0.106035
0.106275
0.106514
0.106751
0.106987
0.107221
0.107454
0.107685
0.107915
0.108142
0.108369
0.108593
0.108816
0.109038
0.109258
0.109476
0.109692
0.109907
0.11012
0.110331
0.110541
0.110749
0.110955
0.11116
0.111363
0.111564
0.111763
0.111961
0.112156
0.11235
0.112543
0.112733
0.112922
0.113109
0.113294
0.113477
0.113659
0.113838
0.114016
0.114192
0.114366
0.114539
0.114709
0.114877
0.115044
0.115209
0.115372
0.115533
0.115692
0.115849
0.116004
0.116158
0.116309
0.116458
0.116606
0.116752
0.116895
0.117037
0.117177
0.117314
0.11745
0.117584
0.117716
0.117846
0.117974
0.118099
0.118223
0.118345
0.118465
0.118583
0.118699
0.118812
0.118924
0.119034
0.119141
0.119247
0.119351
0.119452
0.119552
0.119649
0.119744
0.119838
0.119929
0.120018
0.120105
0.12019
0.120273
0.120353
0.120432
0.120509
0.120583
0.120656
0.120726
0.120794
0.12086
0.120924
0.120986
0.121046
0.121103
0.121159
0.121212
0.121263
0.121312
0.121359
0.121404
0.121447
0.121488
0.121526
0.121562
0.121597
0.121629
0.121658
0.121686
0.121712
0.121735
0.121756
0.121776
0.121793
0.121808
0.12182
0.121831
0.121839
0.121845
0.12185
0.121851
0.121851
0.121849
0.121844
0.121838
0.121829
0.121818
0.121805
0.12179
0.121772
0.121753
0.121731
0.121707
0.121681
0.121653
0.121623
0.12159
0.121556
0.121519
0.12148
0.121439
0.121396
0.121351
0.121304
0.121254
0.121202
0.121149
0.121093
0.121035
0.120975
0.120912
0.120848
0.120782
0.120713
0.120642
0.12057
0.120495
0.120418
0.120339
0.120257
0.120174
0.120089
0.120001
0.119912
0.11982
0.119727
0.119631
0.119533
0.119433
0.119331
0.119228
0.119122
0.119014
0.118903
0.118791
0.118677
0.118561
0.118443
0.118323
0.1182
0.118076
0.11795
0.117822
0.117692
0.117559
0.117425
0.117289
0.117151
0.117011
0.116869
0.116725
0.116579
0.116431
0.116281
0.116129
0.115976
0.11582
0.115662
0.115503
0.115342
0.115178
0.115013
0.114846
0.114677
0.114507
0.114334
0.11416
0.113983
0.113805
0.113625
0.113443
0.11326
0.113074
0.112887
0.112698
0.112507
0.112315
0.11212
0.111924
0.111726
0.111526
0.111325
0.111122
0.110917
0.11071
0.110502
0.110292
0.11008
0.109867
0.109652
0.109435
0.109217
0.108997
0.108775
0.108552
0.108327
0.1081
0.107872
0.107642
0.107411
0.107178
0.106943
0.106707
0.10647
0.106231
0.10599
0.105748
0.105504
0.105259
0.105012
0.104764
0.104514
0.104263
0.10401
0.103756
0.1035
0.103243
0.102985
0.102725
0.102464
0.102202
0.101938
0.101672
0.101406
0.101138
0.100868
0.100598
0.100326
0.100052
0.0997778
0.099502
0.0992249
0.0989465
0.0986669
0.0983861
0.098104
0.0978207
0.0975362
0.0972505
0.0969637
0.0966756
0.0963864
0.0960961
0.0958046
0.095512
0.0952183
0.0949235
0.0946276
0.0943307
0.0940326
0.0937336
0.0934334
0.0931323
0.0928301
0.0925269
0.0922227
0.0919176
0.0916115
0.0913044
0.0909964
0.0906874
0.0903775
0.0900667
0.089755
0.0894425
0.089129
0.0888147
0.0884996
0.0881836
0.0878668
0.0875492
0.0872308
0.0869116
0.0865916
0.0862709
0.0859494
0.0856272
0.0853043
0.0849806
0.0846563
0.0843313
0.0840056
0.0836792
0.0833523
0.0830246
0.0826964
0.0823676
0.0820381
0.0817081
0.0813775
0.0810464
0.0807147
0.0803825
0.0800498
0.0797166
0.0793829
0.0790487
0.0787141
0.078379
0.0780435
0.0777075
0.0773712
0.0770344
0.0766973
0.0763598
0.0760219
0.0756837
0.0753452
0.0750064
0.0746672
0.0743278
0.0739881
0.0736481
0.0733079
0.0729674
0.0726268
0.0722859
0.0719448
0.0716036
0.0712621
0.0709206
0.0705788
0.070237
0.069895
0.069553
0.0692108
0.0688686
0.0685263
0.068184
0.0678416
0.0674993
0.0671569
0.0668145
0.0664722
0.0661298
0.0657876
0.0654454
0.0651032
0.0647612
0.0644193
0.0640774
0.0637357
0.0633942
0.0630528
0.0627116
0.0623705
0.0620297
0.0616891
0.0613487
0.0610085
0.0606686
0.0603289
0.0599895
0.0596504
0.0593117
0.0589732
0.0586351
0.0582973
0.0579598
0.0576228
0.0572861
0.0569498
0.0566139
0.0562785
0.0559435
0.0556089
0.0552748
0.0549412
0.0546081
0.0542755
0.0539434
0.0536118
0.0532808
0.0529503
0.0526204
0.0522911
0.0519623
0.0516342
0.0513067
0.0509798
0.0506536
0.0503281
0.0500032
0.049679
0.0493555
0.0490327
0.0487106
0.0483893
0.0480687
0.0477488
0.0474298
0.0471115
0.0467941
0.0464774
0.0461616
0.0458466
0.0455324
0.0452192
0.0449068
0.0445952
0.0442846
0.0439749
0.0436661
0.0433583
0.0430514
0.0427454
0.0424404
0.0421364
0.0418335
0.0415315
0.0412305
0.0409306
0.0406317
0.0403338
0.0400371
0.0397414
0.0394468
0.0391533
0.0388609
0.0385696
0.0382795
0.0379905
0.0377027
0.0374161
0.0371306
0.0368463
0.0365633
0.0362814
0.0360008
0.0357214
0.0354433
0.0351664
0.0348908
0.0346165
0.0343435
0.0340717
0.0338013
0.0335322
0.0332645
0.0329981
0.032733
0.0324693
0.032207
0.0319461
0.0316866
0.0314285
0.0311718
0.0309165
0.0306627
0.0304103
0.0301594
0.02991
0.029662
0.0294155
0.0291705
0.0289271
0.0286851
0.0284447
0.0282058
0.0279684
0.0277326
0.0274984
0.0272657
0.0270347
0.0268052
0.0265773
0.026351
0.0261264
0.0259034
0.025682
0.0254622
0.0252441
0.0250277
0.024813
0.0245999
0.0243885
0.0241788
0.0239708
0.0237646
0.02356
0.0233572
0.0231561
0.0229568
0.0227592
0.0225633
0.0223693
0.022177
0.0219865
0.0217978
0.0216109
0.0214258
0.0212425
0.021061
0.0208814
0.0207036
0.0205276
0.0203535
0.0201813
0.0200109
0.0198423
0.0196757
0.0195109
0.019348
0.019187
0.019028
0.0188708
0.0187155
0.0185622
0.0184108
0.0182613
0.0181138
0.0179682
0.0178245
0.0176828
0.0175431
0.0174053
0.0172695
0.0171357
0.0170039
0.016874
0.0167462
0.0166203
0.0164965
0.0163746
0.0162548
0.016137
0.0160212
0.0159074
0.0157957
0.015686
0.0155784
0.0154728
0.0153692
0.0152677
0.0151682
0.0150708
0.0149755
0.0148822
0.014791
0.0147019
0.0146149
0.0145299
0.0144471
0.0143663
0.0142876
0.014211
0.0141365
0.0140641
0.0139938
0.0139257
0.0138596
0.0137956
0.0137338
0.0136741
0.0136165
0.013561
0.0135076
0.0134564
0.0134073
0.0133603
0.0133154
0.0132727
0.0132321
0.0131937
0.0131574
0.0131232
0.0130912
0.0130613
0.0130336
0.013008
0.0129846
0.0129633
0.0129441
0.0129271
0.0129123
0.0128995
0.012889
0.0128806
0.0128743
0.0128702
0.0128683
0.0128685
0.0128708
0.0128753
0.012882
0.0128908
0.0129017
0.0129148
0.0129301
0.0129475
0.0129671
0.0129888
0.0130126
0.0130386
0.0130667
0.013097
0.0131294
0.013164
0.0132007
0.0132395
0.0132805
0.0133236
0.0133688
0.0134162
0.0134657
0.0135174
0.0135711
0.013627
0.013685
0.0137451
0.0138074
0.0138717
0.0139382
0.0140067
0.0140774
0.0141502
0.0142251
0.0143021
0.0143811
0.0144623
0.0145456
0.0146309
0.0147183
0.0148078
0.0148994
0.0149931
0.0150888
0.0151865
0.0152864
0.0153883
0.0154922
0.0155982
0.0157062
0.0158163
0.0159284
0.0160426
0.0161587
0.0162769
0.0163971
0.0165193
0.0166436
0.0167698
0.016898
0.0170282
0.0171604
0.0172946
0.0174308
0.0175689
0.017709
0.017851
0.0179951
0.018141
0.0182889
0.0184388
0.0185905
0.0187442
0.0188998
0.0190574
0.0192168
0.0193781
0.0195414
0.0197065
0.0198735
0.0200424
0.0202131
0.0203857
0.0205602
0.0207365
0.0209146
0.0210946
0.0212764
0.02146
0.0216455
0.0218327
0.0220218
0.0222126
0.0224052
0.0225996
0.0227957
0.0229937
0.0231933
0.0233947
0.0235979
0.0238027
0.0240093
0.0242176
0.0244276
0.0246393
0.0248527
0.0250678
0.0252845
0.0255029
0.025723
0.0259447
0.026168
0.0263929
0.0266195
0.0268477
0.0270775
0.0273088
0.0275418
0.0277763
0.0280124
0.02825
0.0284892
0.0287299
0.0289722
0.0292159
0.0294612
0.029708
0.0299562
0.0302059
0.0304571
0.0307098
0.0309638
0.0312194
0.0314763
0.0317347
0.0319945
0.0322557
0.0325182
0.0327822
0.0330475
0.0333141
0.0335821
0.0338515
0.0341221
0.0343941
0.0346673
0.0349419
0.0352177
0.0354949
0.0357732
0.0360528
0.0363337
0.0366158
0.0368991
0.0371835
0.0374692
0.0377561
0.0380441
0.0383333
0.0386237
0.0389151
0.0392077
0.0395014
0.0397962
0.0400921
0.0403891
0.0406871
0.0409862
0.0412863
0.0415875
0.0418897
0.0421928
0.042497
0.0428022
0.0431083
0.0434154
0.0437234
0.0440324
0.0443422
0.044653
0.0449647
0.0452773
0.0455907
0.045905
0.0462202
0.0465362
0.046853
0.0471706
0.047489
0.0478082
0.0481282
0.0484489
0.0487704
0.0490926
0.0494155
0.0497391
0.0500635
0.0503885
0.0507142
0.0510405
0.0513675
0.0516951
0.0520233
0.0523522
0.0526816
0.0530116
0.0533422
0.0536734
0.054005
0.0543372
0.0546699
0.0550032
0.0553369
0.055671
0.0560057
0.0563408
0.0566763
0.0570122
0.0573486
0.0576854
0.0580225
0.05836
0.0586978
0.059036
0.0593746
0.0597134
0.0600525
0.060392
0.0607317
0.0610717
0.0614119
0.0617523
0.062093
0.0624339
0.0627749
0.0631162
0.0634576
0.0637992
0.0641409
0.0644828
0.0648247
0.0651668
0.0655089
0.0658511
0.0661934
0.0665358
0.0668781
0.0672205
0.0675629
0.0679052
0.0682476
0.0685899
0.0689322
0.0692744
0.0696165
0.0699586
0.0703005
0.0706423
0.070984
0.0713256
0.071667
0.0720082
0.0723492
0.0726901
0.0730307
0.0733711
0.0737113
0.0740512
0.0743908
0.0747302
0.0750693
0.0754081
0.0757466
0.0760847
0.0764225
0.0767599
0.077097
0.0774337
0.0777699
0.0781058
0.0784413
0.0787763
0.0791108
0.0794449
0.0797785
0.0801116
0.0804443
0.0807764
0.0811079
0.081439
0.0817695
0.0820994
0.0824287
0.0827574
0.0830855
0.083413
0.0837399
0.0840661
0.0843917
0.0847166
0.0850408
0.0853643
0.0856871
0.0860092
0.0863305
0.0866511
0.0869709
0.08729
0.0876082
0.0879257
0.0882424
0.0885582
0.0888732
0.0891873
0.0895006
0.089813
0.0901245
0.0904351
0.0907449
0.0910536
0.0913615
0.0916684
0.0919743
0.0922793
0.0925833
0.0928863
0.0931883
0.0934893
0.0937892
0.0940881
0.0943859
0.0946827
0.0949784
0.095273
0.0955665
0.0958589
0.0961501
0.0964402
0.0967292
0.097017
0.0973037
0.0975891
0.0978734
0.0981565
0.0984383
0.0987189
0.0989983
0.0992765
0.0995533
0.0998289
0.100103
0.100376
0.100648
0.100918
0.101188
0.101455
0.101722
0.101987
0.10225
0.102513
0.102774
0.103033
0.103291
0.103548
0.103803
0.104057
0.104309
0.10456
0.10481
0.105058
0.105304
0.105549
0.105793
0.106035
0.106275
0.106514
0.106751
0.106987
0.107221
0.107454
0.107685
0.107915
0.108142
0.108369
0.108593
0.108816
0.109038
0.109258
0.109476
0.109692
0.109907
0.11012
0.110331
0.110541
0.110749
0.110955
0.11116
0.111363
0.111564
0.111763
0.111961
0.112156
0.11235
0.112543
0.112733
0.112922
0.113109
0.113294
0.113477
0.113659
0.113838
0.114016
0.114192
0.114366
0.114539
0.114709
0.114877
0.115044
0.115209
0.115372
0.115533
0.115692
0.115849
0.116004
0.116158
0.116309
0.116458
0.116606
0.116752
0.116895
0.117037
0.117177
0.117314
0.11745
0.117584
0.117716
0.117846
0.117974
0.118099
0.118223
0.118345
0.118465
0.118583
0.118699
0.118812
0.118924
0.119034
0.119141
0.119247
0.119351
0.119452
0.119552
0.119649
0.119744
0.119838
0.119929
0.120018
0.120105
0.12019
0.120273
0.120353
0.120432
0.120509
0.120583
0.120656
0.120726
0.120794
0.12086
0.120924
0.120986
0.121046
0.121103
0.121159
0.121212
0.121263
0.121312
0.121359
0.121404
0.121447
0.121488
0.121526
0.121562
0.121597
0.121629
0.121658
0.121686
0.121712
0.121735
0.121756
0.121776
0.121793
0.121808
0.12182
0.121831
0.121839
0.121845
0.12185
0.121851
0.121851
0.121849
0.121844
0.121838
0.121829
0.121818
0.121805
0.12179
0.121772
0.121753
0.121731
0.121707
0.121681
0.121653
0.121623
0.12159
0.121556
0.121519
0.12148
0.121439
0.121396
0.121351
0.121304
0.121254
0.121202
0.121149
0.121093
0.121035
0.120975
0.120912
0.120848
0.120782
0.120713
0.120642
0.12057
0.120495
0.120418
0.120339
0.120257
0.120174
0.120089
0.120001
0.119912
0.11982
0.119727
0.119631
0.119533
0.119433
0.119331
0.119228
0.119122
0.119014
0.118903
0.118791
0.118677
0.118561
0.118443
0.118323
0.1182
0.118076
0.11795
0.117822
0.117692
0.117559
0.117425
0.117289
0.117151
0.117011
0.116869
0.116725
0.116579
0.116431
0.116281
0.116129
0.115976
0.11582
0.115662
0.115503
0.115342
0.115178
0.115013
0.114846
0.114677
0.114507
0.114334
0.11416
0.113983
0.113805
0.113625
0.113443
0.11326
0.113074
0.112887
0.112698
0.112507
0.112315
0.11212
0.111924
0.111726
0.111526
0.111325
0.111122
0.110917
0.11071
0.110502
0.110292
0.11008
0.109867
0.109652
0.109435
0.109217
0.108997
0.108775
0.108552
0.108327
0.1081
0.107872
0.107642
0.107411
0.107178
0.106943
0.106707
0.10647
0.106231
0.10599
0.105748
0.105504
0.105259
0.105012
0.104764
0.104514
0.104263
0.10401
0.103756
0.1035
0.103243
0.102985
0.102725
0.102464
0.102202
0.101938
0.101672
0.101406
0.101138
0.100868
0.100598
0.100326
0.100052
0.0997778
0.099502
0.0992249
0.0989465
0.0986669
0.0983861
0.098104
0.0978207
0.0975362
0.0972505
0.0969637
0.0966756
0.0963864
0.0960961
0.0958046
0.095512
0.0952183
0.0949235
0.0946276
0.0943307
0.0940326
0.0937336
0.0934334
0.0931323
0.0928301
0.0925269
0.0922227
0.0919176
0.0916115
0.0913044
0.0909964
0.0906874
0.0903775
0.0900667
0.089755
0.0894425
0.089129
0.0888147
0.0884996
0.0881836
0.0878668
0.0875492
0.0872308
0.0869116
0.0865916
0.0862709
0.0859494
0.0856272
0.0853043
0.0849806
0.0846563
0.0843313
0.0840056
0.0836792
0.0833523
0.0830246
0.0826964
0.0823676
0.0820381
0.0817081
0.0813775
0.0810464
0.0807147
0.0803825
0.0800498
0.0797166
0.0793829
0.0790487
0.0787141
0.078379
0.0780435
0.0777075
0.0773712
0.0770344
0.0766973
0.0763598
0.0760219
0.0756837
0.0753452
0.0750064
0.0746672
0.0743278
0.0739881
0.0736481
0.0733079
0.0729674
0.0726268
0.0722859
0.0719448
0.0716036
0.0712621
0.0709206
0.0705788
0.070237
0.069895
0.069553
0.0692108
0.0688686
0.0685263
0.068184
0.0678416
0.0674993
0.0671569
0.0668145
0.0664722
0.0661298
0.0657876
0.0654454
0.0651032
0.0647612
0.0644193
0.0640774
0.0637357
0.0633942
0.0630528
0.0627116
0.0623705
0.0620297
0.0616891
0.0613487
0.0610085
0.0606686
0.0603289
0.0599895
0.0596504
0.0593117
0.0589732
0.0586351
0.0582973
0.0579598
0.0576228
0.0572861
0.0569498
0.0566139
0.0562785
0.0559435
0.0556089
0.0552748
0.0549412
0.0546081
0.0542755
0.0539434
0.0536118
0.0532808
0.0529503
0.0526204
0.0522911
0.0519623
0.0516342
0.0513067
0.0509798
0.0506536
0.0503281
0.0500032
0.049679
0.0493555
0.0490327
0.0487106
0.0483893
0.0480687
0.0477488
0.0474298
0.0471115
0.0467941
0.0464774
0.0461616
0.0458466
0.0455324
0.0452192
0.0449068
0.0445952
0.0442846
0.0439749
0.0436661
0.0433583
0.0430514
0.0427454
0.0424404
0.0421364
0.0418335
0.0415315
0.0412305
0.0409306
0.0406317
0.0403338
0.0400371
0.0397414
0.0394468
0.0391533
0.0388609
0.0385696
0.0382795
0.0379905
0.0377027
0.0374161
0.0371306
0.0368463
0.0365633
0.0362814
0.0360008
0.0357214
0.0354433
0.0351664
0.0348908
0.0346165
0.0343435
0.0340717
0.0338013
0.0335322
0.0332645
0.0329981
0.032733
0.0324693
0.032207
0.0319461
0.0316866
0.0314285
0.0311718
0.0309165
0.0306627
0.0304103
0.0301594
0.02991
0.029662
0.0294155
0.0291705
0.0289271
0.0286851
0.0284447
0.0282058
0.0279684
0.0277326
0.0274984
0.0272657
0.0270347
0.0268052
0.0265773
0.026351
0.0261264
0.0259034
0.025682
0.0254622
0.0252441
0.0250277
0.024813
0.0245999
0.0243885
0.0241788
0.0239708
0.0237646
0.02356
0.0233572
0.0231561
0.0229568
0.0227592
0.0225633
0.0223693
0.022177
0.0219865
0.0217978
0.0216109
0.0214258
0.0212425
0.021061
0.0208814
0.0207036
0.0205276
0.0203535
0.0201813
0.0200109
0.0198423
0.0196757
0.0195109
0.019348
0.019187
0.019028
0.0188708
0.0187155
0.0185622
0.0184108
0.0182613
0.0181138
0.0179682
0.0178245
0.0176828
0.0175431
0.0174053
0.0172695
0.0171357
0.0170039
0.016874
0.0167462
0.0166203
0.0164965
0.0163746
0.0162548
0.016137
0.0160212
0.0159074
0.0157957
0.015686
0.0155784
0.0154728
0.0153692
0.0152677
0.0151682
0.0150708
0.0149755
0.0148822
0.014791
0.0147019
0.0146149
0.0145299
0.0144471
0.0143663
0.0142876
0.014211
0.0141365
0.0140641
0.0139938
0.0139257
0.0138596
0.0137956
0.0137338
0.0136741
0.0136165
0.013561
0.0135076
0.0134564
0.0134073
0.0133603
0.0133154
0.0132727
0.0132321
0.0131937
0.0131574
0.0131232
0.0130912
0.0130613
0.0130336
0.013008
0.0129846
0.0129633
0.0129441
0.0129271
0.0129123
0.0128995
0.012889
0.0128806
0.0128743
0.0128702
0.0128683
0.0128685
0.0128708
0.0128753
0.012882
0.0128908
0.0129017
0.0129148
0.0129301
0.0129475
0.0129671
0.0129888
0.0130126
0.0130386
0.0130667
0.013097
0.0131294
0.013164
0.0132007
0.0132395
0.0132805
0.0133236
0.0133688
0.0134162
0.0134657
0.0135174
0.0135711
0.013627
0.013685
0.0137451
0.0138074
0.0138717
0.0139382
0.0140067
0.0140774
0.0141502
0.0142251
0.0143021
0.0143811
0.0144623
0.0145456
0.0146309
0.0147183
0.0148078
0.0148994
0.0149931
0.0150888
0.0151865
0.0152864
0.0153883
0.0154922
0.0155982
0.0157062
0.0158163
0.0159284
0.0160426
0.0161587
0.0162769
0.0163971
0.0165193
0.0166436
0.0167698
0.016898
0.0170282
0.0171604
0.0172946
0.0174308
0.0175689
0.017709
0.017851
0.0179951
0.018141
0.0182889
0.0184388
0.0185905
0.0187442
0.0188998
0.0190574
0.0192168
0.0193781
0.0195414
0.0197065
0.0198735
0.0200424
0.0202131
0.0203857
0.0205602
0.0207365
0.0209146
0.0210946
0.0212764
0.02146
0.0216455
0.0218327
0.0220218
0.0222126
0.0224052
0.0225996
0.0227957
0.0229937
0.0231933
0.0233947
0.0235979
0.0238027
0.0240093
0.0242176
0.0244276
0.0246393
0.0248527
0.0250678
0.0252845
0.0255029
0.025723
0.0259447
0.026168
0.0263929
0.0266195
0.0268477
0.0270775
0.0273088
0.0275418
0.0277763
0.0280124
0.02825
0.0284892
0.0287299
0.0289722
0.0292159
0.0294612
0.029708
0.0299562
0.0302059
0.0304571
0.0307098
0.0309638
0.0312194
0.0314763
0.0317347
0.0319945
0.0322557
0.0325182
0.0327822
0.0330475
0.0333141
0.0335821
0.0338515
0.0341221
0.0343941
0.0346673
0.0349419
0.0352177
0.0354949
0.0357732
0.0360528
0.0363337
0.0366158
0.0368991
0.0371835
0.0374692
0.0377561
0.0380441
0.0383333
0.0386237
0.0389151
0.0392077
0.0395014
0.0397962
0.0400921
0.0403891
0.0406871
0.0409862
0.0412863
0.0415875
0.0418897
0.0421928
0.042497
0.0428022
0.0431083
0.0434154
0.0437234
0.0440324
0.0443422
0.044653
0.0449647
0.0452773
0.0455907
0.045905
0.0462202
0.0465362
0.046853
0.0471706
0.047489
0.0478082
0.0481282
0.0484489
0.0487704
0.0490926
0.0494155
0.0497391
0.0500635
0.0503885
0.0507142
0.0510405
0.0513675
0.0516951
0.0520233
0.0523522
0.0526816
0.0530116
0.0533422
0.0536734
0.054005
0.0543372
0.0546699
0.0550032
0.0553369
0.055671
0.0560057
0.0563408
0.0566763
0.0570122
0.0573486
0.0576854
0.0580225
0.05836
0.0586978
0.059036
0.0593746
0.0597134
0.0600525
0.060392
0.0607317
0.0610717
0.0614119
0.0617523
0.062093
0.0624339
0.0627749
0.0631162
0.0634576
0.0637992
0.0641409
0.0644828
0.0648247
0.0651668
0.0655089
0.0658511
0.0661934
0.0665358
0.0668781
0.0672205
0.0675629
0.0679052
0.0682476
0.0685899
0.0689322
0.0692744
0.0696165
0.0699586
0.0703005
0.0706423
0.070984
0.0713256
0.071667
0.0720082
0.0723492
0.0726901
0.0730307
0.0733711
0.0737113
0.0740512
0.0743908
0.0747302
0.0750693
0.0754081
0.0757466
0.0760847
0.0764225
0.0767599
0.077097
0.0774337
0.0777699
0.0781058
0.0784413
0.0787763
0.0791108
0.0794449
0.0797785
0.0801116
0.0804443
0.0807764
0.0811079
0.081439
0.0817695
0.0820994
0.0824287
0.0827574
0.0830855
0.083413
0.0837399
0.0840661
0.0843917
0.0847166
0.0850408
0.0853643
0.0856871
0.0860092
0.0863305
0.0866511
0.0869709
0.08729
0.0876082
0.0879257
0.0882424
0.0885582
0.0888732
0.0891873
0.0895006
0.089813
0.0901245
0.0904351
0.0907449
0.0910536
0.0913615
0.0916684
0.0919743
0.0922793
0.0925833
0.0928863
0.0931883
0.0934893
0.0937892
0.0940881
0.0943859
0.0946827
0.0949784
0.095273
0.0955665
0.0958589
0.0961501
0.0964402
0.0967292
0.097017
0.0973037
0.0975891
0.0978734
0.0981565
0.0984383
0.0987189
0.0989983
0.0992765
0.0995533
0.0998289
0.100103
0.100376
0.100648
0.100918
0.101188
0.101455
0.101722
0.101987
0.10225
0.102513
0.102774
0.103033
0.103291
0.103548
0.103803
0.104057
0.104309
0.10456
0.10481
0.105058
0.105304
0.105549
0.105793
0.106035
0.106275
0.106514
0.106751
0.106987
0.107221
0.107454
0.107685
0.107915
0.108142
0.108369
0.108593
0.108816
0.109038
0.109258
0.109476
0.109692
0.109907
0.11012
0.110331
0.110541
0.110749
0.110955
0.11116
0.111363
0.111564
0.111763
0.111961
0.112156
0.11235
0.112543
0.112733
0.112922
0.113109
0.113294
0.113477
0.113659
0.113838
0.114016
0.114192
0.114366
0.114539
0.114709
0.114877
0.115044
0.115209
0.115372
0.115533
0.115692
0.115849
0.116004
0.116158
0.116309
0.116458
0.116606
0.116752
0.116895
0.117037
0.117177
0.117314
0.11745
0.117584
0.117716
0.117846
0.117974
0.118099
0.118223
0.118345
0.118465
0.118583
0.118699
0.118812
0.118924
0.119034
0.119141
0.119247
0.119351
0.119452
0.119552
0.119649
0.119744
0.119838
0.119929
0.120018
0.120105
0.12019
0.120273
0.120353
0.120432
0.120509
0.120583
0.120656
0.120726
0.120794
0.12086
0.120924
0.120986
0.121046
0.121103
0.121159
0.121212
0.121263
0.121312
0.121359
0.121404
0.121447
0.121488
0.121526
0.121562
0.121597
0.121629
0.121658
0.121686
0.121712
0.121735
0.121756
0.121776
0.121793
0.121808
0.12182
0.121831
0.121839
0.121845
0.12185
0.121851
0.121851
0.121849
0.121844
0.121838
0.121829
0.121818
0.121805
0.12179
0.121772
0.121753
0.121731
0.121707
0.121681
0.121653
0.121623
0.12159
0.121556
0.121519
0.12148
0.121439
0.121396
0.121351
0.121304
0.121254
0.121202
0.121149
0.121093
0.121035
0.120975
0.120912
0.120848
0.120782
0.120713
0.120642
0.12057
0.120495
0.120418
0.120339
0.120257
0.120174
0.120089
0.120001
0.119912
0.11982
0.119727
0.119631
0.119533
0.119433
0.119331
0.119228
0.119122
0.119014
0.118903
0.118791
0.118677
0.118561
0.118443
0.118323
0.1182
0.118076
0.11795
0.117822
0.117692
0.117559
0.117425
0.117289
0.117151
0.117011
0.116869
0.116725
0.116579
0.116431
0.116281
0.116129
0.115976
0.11582
0.115662
0.115503
0.115342
0.115178
0.115013
0.114846
0.114677
0.114507
0.114334
0.11416
0.113983
0.113805
0.113625
0.113443
0.11326
0.113074
0.112887
0.112698
0.112507
0.112315
0.11212
0.111924
0.111726
0.111526
0.111325
0.111122
0.110917
0.11071
0.110502
0.110292
0.11008
0.109867
0.109652
0.109435
0.109217
0.108997
0.108775
0.108552
0.108327
0.1081
0.107872
0.107642
0.107411
0.107178
0.106943
0.106707
0.10647
0.106231
0.10599
0.105748
0.105504
0.105259
0.105012
0.104764
0.104514
0.104263
0.10401
0.103756
0.1035
0.103243
0.102985
0.102725
0.102464
0.102202
0.101938
0.101672
0.101406
0.101138
0.100868
0.100598
0.100326
0.100052
0.0997778
0.099502
0.0992249
0.0989465
0.0986669
0.0983861
0.098104
0.0978207
0.0975362
0.0972505
0.0969637
0.0966756
0.0963864
0.0960961
0.0958046
0.095512
0.0952183
0.0949235
0.0946276
0.0943307
0.0940326
0.0937336
0.0934334
0.0931323
0.0928301
0.0925269
0.0922227
0.0919176
0.0916115
0.0913044
0.0909964
0.0906874
0.0903775
0.0900667
0.089755
0.0894425
0.089129
0.0888147
0.0884996
0.0881836
0.0878668
0.0875492
0.0872308
0.0869116
0.0865916
0.0862709
0.0859494
0.0856272
0.0853043
0.0849806
0.0846563
0.0843313
0.0840056
0.0836792
0.0833523
0.0830246
0.0826964
0.0823676
0.0820381
0.0817081
0.0813775
0.0810464
0.0807147
0.0803825
0.0800498
0.0797166
0.0793829
0.0790487
0.0787141
0.078379
0.0780435
0.0777075
0.0773712
0.0770344
0.0766973
0.0763598
0.0760219
0.0756837
0.0753452
0.0750064
0.0746672
0.0743278
0.0739881
0.0736481
0.0733079
0.0729674
0.0726268
0.0722859
0.0719448
0.0716036
0.0712621
0.0709206
0.0705788
0.070237
0.069895
0.069553
0.0692108
0.0688686
0.0685263
0.068184
0.0678416
0.0674993
0.0671569
0.0668145
0.0664722
0.0661298
0.0657876
0.0654454
0.0651032
0.0647612
0.0644193
0.0640774
0.0637357
0.0633942
0.0630528
0.0627116
0.0623705
0.0620297
0.0616891
0.0613487
0.0610085
0.0606686
0.0603289
0.0599895
0.0596504
0.0593117
0.0589732
0.0586351
0.0582973
0.0579598
0.0576228
0.0572861
0.0569498
0.0566139
0.0562785
0.0559435
0.0556089
0.0552748
0.0549412
0.0546081
0.0542755
0.0539434
0.0536118
0.0532808
0.0529503
0.0526204
0.0522911
0.0519623
0.0516342
0.0513067
0.0509798
0.0506536
0.0503281
0.0500032
0.049679
0.0493555
0.0490327
0.0487106
0.0483893
0.0480687
0.0477488
0.0474298
0.0471115
0.0467941
0.0464774
0.0461616
0.0458466
0.0455324
0.0452192
0.0449068
0.0445952
0.0442846
0.0439749
0.0436661
0.0433583
0.0430514
0.0427454
0.0424404
0.0421364
0.0418335
0.0415315
0.0412305
0.0409306
0.0406317
0.0403338
0.0400371
0.0397414
0.0394468
0.0391533
0.0388609
0.0385696
0.0382795
0.0379905
0.0377027
0.0374161
0.0371306
0.0368463
0.0365633
0.0362814
0.0360008
0.0357214
0.0354433
0.0351664
0.0348908
0.0346165
0.0343435
0.0340717
0.0338013
0.0335322
0.0332645
0.0329981
0.032733
0.0324693
0.032207
0.0319461
0.0316866
0.0314285
0.0311718
0.0309165
0.0306627
0.0304103
0.0301594
0.02991
0.029662
0.0294155
0.0291705
0.0289271
0.0286851
0.0284447
0.0282058
0.0279684
0.0277326
0.0274984
0.0272657
0.0270347
0.0268052
0.0265773
0.026351
0.0261264
0.0259034
0.025682
0.0254622
0.0252441
0.0250277
0.024813
0.0245999
0.0243885
0.0241788
0.0239708
0.0237646
0.02356
0.0233572
0.0231561
0.0229568
0.0227592
0.0225633
0.0223693
0.022177
0.0219865
0.0217978
0.0216109
0.0214258
0.0212425
0.021061
0.0208814
0.0207036
0.0205276
0.0203535
0.0201813
0.0200109
0.0198423
0.0196757
0.0195109
0.019348
0.019187
0.019028
0.0188708
0.0187155
0.0185622
0.0184108
0.0182613
0.0181138
0.0179682
0.0178245
0.0176828
0.0175431
0.0174053
0.0172695
0.0171357
0.0170039
0.016874
0.0167462
0.0166203
0.0164965
0.0163746
0.0162548
0.016137
0.0160212
0.0159074
0.0157957
0.015686
0.0155784
0.0154728
0.0153692
0.0152677
0.0151682
0.0150708
0.0149755
0.0148822
0.014791
0.0147019
0.0146149
0.0145299
0.0144471
0.0143663
0.0142876
0.014211
0.0141365
0.0140641
0.0139938
0.0139257
0.0138596
0.0137956
0.0137338
0.0136741
0.0136165
0.013561
0.0135076
0.0134564
0.0134073
0.0133603
0.0133154
0.0132727
0.0132321
0.0131937
0.0131574
0.0131232
0.0130912
0.0130613
0.0130336
0.013008
0.0129846
0.0129633
0.0129441
0.0129271
0.0129123
0.0128995
0.012889
0.0128806
0.0128743
0.0128702
0.0128683
0.0128685
0.0128708
0.0128752
0.0128818
0.0128903
0.0129009
0.0129135
0.0129281
0.0129445
0.0129629
0.0129831
0.0130051
0.0130289
0.0130545
0.0130817
0.0131106
0.0131411
0.0131731
0.0132066
0.0132416
0.013278
0.0133158
0.0133549
0.0133952
0.0134367
0.0134794
0.0135231
0.013568
0.0136137
0.0136605
0.013708
0.0137565
0.0138056
0.0138555
0.013906
0.0139571
0.0140087
0.0140608
0.0141134
0.0141663
0.0142195
0.0142729
0.0143265
0.0143803
0.0144342
0.014488
0.0145419
0.0145957
0.0146493
0.0147028
0.014756
0.0148089
0.0148615
0.0149137
0.0149655
0.0150168
0.0150675
0.0151177
0.0151673
0.0152162
0.0152644
0.0153118
0.0153585
0.0154043
0.0154493
0.0154933
0.0155365
0.0155787
0.0156198
0.01566
0.015699
0.015737
0.0157739
0.0158096
0.0158442
0.0158776
0.0159097
0.0159407
0.0159703
0.0159987
0.0160259
0.0160517
0.0160762
0.0160994
0.0161213
0.0161418
0.016161
0.0161788
0.0161953
0.0162104
0.0162242
0.0162366
0.0162476
0.0162573
0.0162656
0.0162726
0.0162782
0.0162825
0.0162854
0.0162871
0.0162874
0.0162865
0.0162843
0.0162808
0.0162761
0.0162701
0.0162629
0.0162546
0.016245
0.0162344
0.0162226
0.0162096
0.0161957
0.0161806
0.0161645
0.0161474
0.0161294
0.0161104
0.0160905
0.0160696
0.016048
0.0160254
0.0160021
0.015978
0.0159532
0.0159277
0.0159015
0.0158747
0.0158472
0.0158192
0.0157907
0.0157616
0.0157321
0.0157021
0.0156717
0.015641
0.0156099
0.0155786
0.0155469
0.0155151
0.015483
0.0154508
0.0154184
0.015386
0.0153535
0.0153209
0.0152884
0.0152559
0.0152235
0.0151912
0.015159
0.0151269
0.0150951
0.0150635
0.0150321
0.015001
0.0149703
0.0149398
0.0149098
0.0148801
0.0148508
0.014822
0.0147937
0.0147658
0.0147384
0.0147116
0.0146854
0.0146597
0.0146346
0.0146101
0.0145863
0.0145631
0.0145406
0.0145188
0.0144976
0.0144772
0.0144575
0.0144386
0.0144204
0.014403
0.0143863
0.0143704
0.0143553
0.014341
0.0143275
0.0143148
0.0143029
0.0142919
0.0142816
0.0142722
0.0142636
0.0142558
0.0142489
0.0142427
0.0142374
0.0142329
0.0142292
0.0142263
0.0142243
0.014223
0.0142225
0.0142228
0.0142238
0.0142257
0.0142283
0.0142316
0.0142357
0.0142404
0.0142459
0.0142521
0.014259
0.0142666
0.0142748
0.0142837
0.0142932
0.0143033
0.0143139
0.0143252
0.0143371
0.0143494
0.0143623
0.0143758
0.0143897
0.014404
0.0144189
0.0144341
0.0144498
0.0144659
0.0144823
0.0144991
0.0145162
0.0145337
0.0145514
0.0145694
0.0145877
0.0146062
0.0146249
0.0146437
0.0146628
0.014682
0.0147013
0.0147207
0.0147402
0.0147598
0.0147794
0.0147991
0.0148187
0.0148384
0.014858
0.0148775
0.014897
0.0149164
0.0149356
0.0149548
0.0149738
0.0149926
0.0150113
0.0150297
0.015048
0.015066
0.0150837
0.0151012
0.0151185
0.0151354
0.015152
0.0151683
0.0151843
0.0152
0.0152152
0.0152301
0.0152447
0.0152588
0.0152726
0.0152859
0.0152988
0.0153113
0.0153233
0.015335
0.0153461
0.0153568
0.015367
0.0153768
0.0153861
0.0153949
0.0154032
0.0154111
0.0154184
0.0154253
0.0154316
0.0154375
0.0154429
0.0154478
0.0154521
0.015456
0.0154594
0.0154623
0.0154647
0.0154666
0.0154681
0.015469
0.0154695
0.0154695
0.015469
0.0154681
0.0154667
0.0154648
0.0154625
0.0154598
0.0154566
0.015453
0.015449
0.0154446
0.0154398
0.0154346
0.015429
0.015423
0.0154167
0.01541
0.015403
0.0153956
0.0153879
0.0153799
0.0153717
0.0153631
0.0153542
0.0153451
0.0153357
0.0153261
0.0153162
0.0153062
0.0152959
0.0152854
0.0152748
0.015264
0.015253
0.0152419
0.0152306
0.0152193
0.0152078
0.0151963
0.0151846
0.0151729
0.0151611
0.0151493
0.0151375
0.0151256
0.0151138
0.0151019
0.01509
0.0150782
0.0150665
0.0150547
0.0150431
0.0150315
0.01502
0.0150086
0.0149973
0.0149861
0.014975
0.0149641
0.0149533
0.0149427
0.0149322
0.0149219
0.0149118
0.0149019
0.0148922
0.0148826
0.0148733
0.0148642
0.0148554
0.0148468
0.0148384
0.0148302
0.0148223
0.0148147
0.0148073
0.0148002
0.0147934
0.0147868
0.0147805
0.0147745
0.0147688
0.0147634
0.0147583
0.0147534
0.0147489
0.0147446
0.0147407
0.014737
0.0147337
0.0147306
0.0147279
0.0147254
0.0147233
0.0147214
0.0147198
0.0147186
0.0147176
0.0147169
0.0147165
0.0147164
0.0147166
0.0147171
0.0147178
0.0147189
0.0147201
0.0147217
0.0147235
0.0147256
0.0147279
0.0147305
0.0147333
0.0147364
0.0147397
0.0147432
0.014747
0.0147509
0.0147551
0.0147595
0.014764
0.0147688
0.0147737
0.0147788
0.0147841
0.0147896
0.0147952
0.014801
0.0148069
0.0148129
0.014819
0.0148253
0.0148317
0.0148382
0.0148448
0.0148515
0.0148582
0.0148651
0.014872
0.014879
0.014886
0.014893
0.0149001
0.0149072
0.0149144
0.0149215
0.0149287
0.0149359
0.014943
0.0149502
0.0149573
0.0149644
0.0149715
0.0149785
0.0149854
0.0149923
0.0149992
0.015006
0.0150127
0.0150193
0.0150259
0.0150323
0.0150387
0.0150449
0.0150511
0.0150571
0.015063
0.0150688
0.0150745
0.01508
0.0150854
0.0150907
0.0150958
0.0151008
0.0151056
0.0151103
0.0151148
0.0151191
0.0151233
0.0151273
0.0151312
0.0151349
0.0151384
0.0151417
0.0151449
0.0151479
0.0151507
0.0151533
0.0151558
0.015158
0.0151601
0.015162
0.0151638
0.0151653
0.0151667
0.0151679
0.0151689
0.0151697
0.0151703
0.0151708
0.0151711
0.0151712
0.0151712
0.015171
0.0151706
0.01517
0.0151693
0.0151684
0.0151674
0.0151662
0.0151648
0.0151633
0.0151617
0.0151599
0.0151579
0.0151559
0.0151537
0.0151513
0.0151488
0.0151462
0.0151435
0.0151407
0.0151377
0.0151347
0.0151315
0.0151283
0.0151249
0.0151215
0.0151179
0.0151143
0.0151106
0.0151069
0.015103
0.0150991
0.0150952
0.0150912
0.0150871
0.015083
0.0150788
0.0150746
0.0150704
0.0150661
0.0150619
0.0150576
0.0150533
0.0150489
0.0150446
0.0150403
0.015036
0.0150316
0.0150273
0.015023
0.0150188
0.0150145
0.0150103
0.0150061
0.015002
0.0149979
0.0149938
0.0149898
0.0149858
0.0149819
0.014978
0.0149742
0.0149705
0.0149668
0.0149632
0.0149597
0.0149562
0.0149529
0.0149496
0.0149464
0.0149433
0.0149402
0.0149373
0.0149344
0.0149317
0.014929
0.0149264
0.014924
0.0149216
0.0149193
0.0149172
0.0149151
0.0149132
0.0149113
0.0149096
0.014908
0.0149065
0.014905
0.0149037
0.0149025
0.0149015
0.0149005
0.0148996
0.0148989
0.0148982
0.0148977
0.0148973
0.0148969
0.0148967
0.0148966
0.0148966
0.0148967
0.0148969
0.0148972
0.0148976
0.0148981
0.0148987
0.0148994
0.0149001
0.014901
0.014902
0.014903
0.0149042
0.0149054
0.0149067
0.0149081
0.0149096
0.0149111
0.0149127
0.0149144
0.0149162
0.014918
0.0149199
0.0149218
0.0149238
0.0149259
0.014928
0.0149302
0.0149324
0.0149346
0.0149369
0.0149393
0.0149417
0.0149441
0.0149465
0.014949
0.0149515
0.014954
0.0149566
0.0149591
0.0149617
0.0149643
0.0149669
0.0149695
0.0149721
0.0149747
0.0149773
0.0149799
0.0149826
0.0149851
0.0149877
0.0149903
0.0149929
0.0149954
0.0149979
0.0150004
0.0150029
0.0150053
0.0150077
0.0150101
0.0150124
0.0150147
0.015017
0.0150192
0.0150214
0.0150236
0.0150257
0.0150277
0.0150297
0.0150317
0.0150336
0.0150354
0.0150372
0.015039
0.0150407
0.0150423
0.0150439
0.0150454
0.0150468
0.0150482
0.0150495
0.0150508
0.015052
0.0150531
0.0150542
0.0150552
0.0150562
0.015057
0.0150579
0.0150586
0.0150593
0.0150599
0.0150604
0.0150609
0.0150613
0.0150617
0.015062
0.0150622
0.0150623
0.0150624
0.0150625
0.0150624
0.0150623
0.0150622
0.0150619
0.0150617
0.0150613
0.0150609
0.0150605
0.01506
0.0150594
0.0150588
0.0150581
0.0150574
0.0150566
0.0150558
0.0150549
0.015054
0.0150531
0.0150521
0.015051
0.0150499
0.0150488
0.0150476
0.0150464
0.0150452
0.0150439
0.0150427
0.0150413
0.01504
0.0150386
0.0150372
0.0150358
0.0150343
0.0150328
0.0150313
0.0150298
0.0150283
0.0150268
0.0150252
0.0150237
0.0150221
0.0150206
0.015019
0.0150174
0.0150158
0.0150143
0.0150127
0.0150111
0.0150095
0.015008
0.0150064
0.0150049
0.0150033
0.0150018
0.0150003
0.0149988
0.0149973
0.0149959
0.0149944
0.014993
0.0149916
0.0149902
0.0149889
0.0149875
0.0149862
0.0149849
0.0149837
0.0149825
0.0149813
0.0149801
0.014979
0.0149779
0.0149768
0.0149758
0.0149748
0.0149738
0.0149729
0.014972
0.0149712
0.0149704
0.0149696
0.0149688
0.0149681
0.0149675
0.0149669
0.0149663
0.0149657
0.0149652
0.0149648
0.0149643
0.014964
0.0149636
0.0149633
0.014963
0.0149628
0.0149626
0.0149625
0.0149624
0.0149623
0.0149623
0.0149623
0.0149623
0.0149624
0.0149625
0.0149627
0.0149629
0.0149631
0.0149634
0.0149637
0.014964
0.0149644
0.0149648
0.0149652
0.0149656
0.0149661
0.0149666
0.0149672
0.0149677
0.0149683
0.014969
0.0149696
0.0149703
0.014971
0.0149717
0.0149724
0.0149732
0.014974
0.0149748
0.0149756
0.0149764
0.0149772
0.0149781
0.014979
0.0149798
0.0149807
0.0149816
0.0149826
0.0149835
0.0149844
0.0149854
0.0149863
0.0149872
0.0149882
0.0149891
0.0149901
0.014991
0.014992
0.014993
0.0149939
0.0149948
0.0149958
0.0149967
0.0149977
0.0149986
0.0149995
0.0150004
0.0150013
0.0150022
0.0150031
0.0150039
0.0150048
0.0150056
0.0150064
0.0150072
0.015008
0.0150088
0.0150096
0.0150103
0.015011
0.0150118
0.0150124
0.0150131
0.0150138
0.0150144
0.015015
0.0150156
0.0150162
0.0150167
0.0150172
0.0150177
0.0150182
0.0150187
0.0150191
0.0150195
0.0150199
0.0150202
0.0150206
0.0150209
0.0150212
0.0150214
0.0150217
0.0150219
0.0150221
0.0150223
0.0150224
0.0150225
0.0150226
0.0150227
0.0150227
0.0150228
0.0150228
0.0150228
0.0150227
0.0150227
0.0150226
0.0150225
0.0150223
0.0150222
0.015022
0.0150218
0.0150216
0.0150214
0.0150211
0.0150209
0.0150206
0.0150203
0.0150199
0.0150196
0.0150193
0.0150189
0.0150185
0.0150181
0.0150177
0.0150173
0.0150168
0.0150164
0.0150159
0.0150154
0.0150149
0.0150144
0.0150139
0.0150134
0.0150129
0.0150124
0.0150118
0.0150113
0.0150107
0.0150102
0.0150096
0.0150091
0.0150085
0.0150079
0.0150073
0.0150068
0.0150062
0.0150056
0.015005
0.0150045
0.0150039
0.0150033
0.0150028
0.0150022
0.0150016
0.0150011
0.0150005
0.015
0.0149994
0.0149989
0.0149983
0.0149978
0.0149973
0.0149968
0.0149963
0.0149958
0.0149953
0.0149948
0.0149944
0.0149939
0.0149935
0.0149931
0.0149926
0.0149922
0.0149918
0.0149914
0.0149911
0.0149907
0.0149904
0.01499
0.0149897
0.0149894
0.0149891
0.0149888
0.0149886
0.0149883
0.0149881
0.0149879
0.0149876
0.0149875
0.0149873
0.0149871
0.014987
0.0149868
0.0149867
0.0149866
0.0149865
0.0149864
0.0149864
0.0149863
0.0149863
0.0149863
0.0149862
0.0149863
0.0149863
0.0149863
0.0149864
0.0149864
0.0149865
0.0149866
0.0149867
0.0149868
0.0149869
0.014987
0.0149872
0.0149873
0.0149875
0.0149877
0.0149879
0.0149881
0.0149883
0.0149885
0.0149887
0.014989
0.0149892
0.0149895
0.0149897
0.01499
0.0149903
0.0149906
0.0149909
0.0149912
0.0149915
0.0149918
0.0149921
0.0149924
0.0149927
0.0149931
0.0149934
0.0149937
0.0149941
0.0149944
0.0149948
0.0149951
0.0149954
0.0149958
0.0149961
0.0149965
0.0149968
0.0149972
0.0149975
0.0149979
0.0149982
0.0149986
0.0149989
0.0149992
0.0149996
0.0149999
0.0150002
0.0150006
0.0150009
0.0150012
0.0150015
0.0150018
0.0150021
0.0150024
0.0150027
0.015003
0.0150033
0.0150036
0.0150038
0.0150041
0.0150044
0.0150046
0.0150048
0.0150051
0.0150053
0.0150055
0.0150057
0.0150059
0.0150061
0.0150063
0.0150065
0.0150067
0.0150068
0.015007
0.0150071
0.0150073
0.0150074
0.0150075
0.0150076
0.0150078
0.0150078
0.0150079
0.015008
0.0150081
0.0150081
0.0150082
0.0150082
0.0150083
0.0150083
0.0150083
0.0150083
0.0150083
0.0150083
0.0150083
0.0150083
0.0150082
0.0150082
0.0150081
0.0150081
0.015008
0.0150079
0.0150079
0.0150078
0.0150077
0.0150076
0.0150075
0.0150074
0.0150072
0.0150071
0.015007
0.0150068
0.0150067
0.0150066
0.0150064
0.0150062
0.0150061
0.0150059
0.0150058
0.0150056
0.0150054
0.0150052
0.015005
0.0150048
0.0150046
0.0150045
0.0150043
0.0150041
0.0150039
0.0150037
0.0150034
0.0150032
0.015003
0.0150028
0.0150026
0.0150024
0.0150022
0.015002
0.0150018
0.0150016
0.0150014
0.0150012
0.0150009
0.0150007
0.0150005
0.0150003
0.0150001
0.0149999
0.0149997
0.0149995
0.0149993
0.0149992
0.014999
0.0149988
0.0149986
0.0149984
0.0149982
0.0149981
0.0149979
0.0149977
0.0149976
0.0149974
0.0149973
0.0149971
0.014997
0.0149968
0.0149967
0.0149966
0.0149965
0.0149963
0.0149962
0.0149961
0.014996
0.0149959
0.0149958
0.0149957
0.0149956
0.0149955
0.0149955
0.0149954
0.0149953
0.0149953
0.0149952
0.0149952
0.0149951
0.0149951
0.0149951
0.014995
0.014995
0.014995
0.014995
0.014995
0.014995
0.014995
0.014995
0.014995
0.014995
0.0149951
0.0149951
0.0149951
0.0149951
0.0149952
0.0149952
0.0149953
0.0149953
0.0149954
0.0149955
0.0149955
0.0149956
0.0149957
0.0149958
0.0149958
0.0149959
0.014996
0.0149961
0.0149962
0.0149963
0.0149964
0.0149965
0.0149966
0.0149967
0.0149968
0.0149969
0.014997
0.0149972
0.0149973
0.0149974
0.0149975
0.0149976
0.0149977
0.0149979
0.014998
0.0149981
0.0149982
0.0149984
0.0149985
0.0149986
0.0149988
0.0149989
0.014999
0.0149991
0.0149993
0.0149994
0.0149995
0.0149996
0.0149998
0.0149999
0.015
0.0150001
0.0150002
0.0150004
0.0150005
0.0150006
0.0150007
0.0150008
0.0150009
0.015001
0.0150011
0.0150012
0.0150013
0.0150014
0.0150015
0.0150016
0.0150017
0.0150018
0.0150019
0.015002
0.015002
0.0150021
0.0150022
0.0150023
0.0150023
0.0150024
0.0150025
0.0150025
0.0150026
0.0150026
0.0150027
0.0150027
0.0150028
0.0150028
0.0150028
0.0150029
0.0150029
0.0150029
0.015003
0.015003
0.015003
0.015003
0.015003
0.015003
0.015003
0.015003
0.015003
0.015003
0.015003
0.015003
0.015003
0.015003
0.015003
0.0150029
0.0150029
0.0150029
0.0150029
0.0150028
0.0150028
0.0150028
0.0150027
0.0150027
0.0150026
0.0150026
0.0150025
0.0150025
0.0150024
0.0150024
0.0150023
0.0150023
0.0150022
0.0150021
0.0150021
0.015002
0.015002
0.0150019
0.0150018
0.0150017
0.0150017
0.0150016
0.0150015
0.0150015
0.0150014
0.0150013
0.0150012
0.0150012
0.0150011
0.015001
0.0150009
0.0150009
0.0150008
0.0150007
0.0150006
0.0150006
0.0150005
0.0150004
0.0150003
0.0150002
0.0150002
0.0150001
0.015
0.015
0.0149999
0.0149998
0.0149997
0.0149997
0.0149996
0.0149995
0.0149995
0.0149994
0.0149993
0.0149993
0.0149992
0.0149992
0.0149991
0.014999
0.014999
0.0149989
0.0149989
0.0149988
0.0149988
0.0149987
0.0149987
0.0149987
0.0149986
0.0149986
0.0149985
0.0149985
0.0149985
0.0149984
0.0149984
0.0149984
0.0149983
0.0149983
0.0149983
0.0149983
0.0149983
0.0149982
0.0149982
0.0149982
0.0149982
0.0149982
0.0149982
0.0149982
0.0149982
0.0149982
0.0149982
0.0149982
0.0149982
0.0149982
0.0149982
0.0149982
0.0149982
0.0149982
0.0149982
0.0149983
0.0149983
0.0149983
0.0149983
0.0149983
0.0149984
0.0149984
0.0149984
0.0149984
0.0149985
0.0149985
0.0149985
0.0149986
0.0149986
0.0149986
0.0149987
0.0149987
0.0149987
0.0149988
0.0149988
0.0149988
0.0149989
0.0149989
0.014999
0.014999
0.0149991
0.0149991
0.0149991
0.0149992
0.0149992
0.0149993
0.0149993
0.0149994
0.0149994
0.0149995
0.0149995
0.0149996
0.0149996
0.0149997
0.0149997
0.0149997
0.0149998
0.0149998
0.0149999
0.0149999
0.015
0.015
0.0150001
0.0150001
0.0150001
0.0150002
0.0150002
0.0150003
0.0150003
0.0150003
0.0150004
0.0150004
0.0150005
0.0150005
0.0150005
0.0150006
0.0150006
0.0150006
0.0150007
0.0150007
0.0150007
0.0150008
0.0150008
0.0150008
0.0150008
0.0150009
0.0150009
0.0150009
0.0150009
0.0150009
0.015001
0.015001
0.015001
0.015001
0.015001
0.015001
0.015001
0.0150011
0.0150011
0.0150011
0.0150011
0.0150011
0.0150011
0.0150011
0.0150011
0.0150011
0.0150011
0.0150011
0.0150011
0.0150011
0.0150011
0.0150011
0.0150011
0.0150011
0.0150011
0.0150011
0.015001
0.015001
0.015001
0.015001
0.015001
0.015001
0.015001
0.015001
0.0150009
0.0150009
0.0150009
0.0150009
0.0150009
0.0150008
0.0150008
0.0150008
0.0150008
0.0150008
0.0150007
0.0150007
0.0150007
0.0150007
0.0150006
0.0150006
0.0150006
0.0150006
0.0150005
0.0150005
0.0150005
0.0150004
0.0150004
0.0150004
0.0150004
0.0150003
0.0150003
0.0150003
0.0150002
0.0150002
0.0150002
0.0150002
0.0150001
0.0150001
0.0150001
0.0150001
0.015
0.015
0.015
0.0149999
0.0149999
0.0149999
0.0149999
0.0149998
0.0149998
0.0149998
0.0149998
0.0149998
0.0149997
0.0149997
0.0149997
0.0149997
0.0149996
0.0149996
0.0149996
0.0149996
0.0149996
0.0149996
0.0149995
0.0149995
0.0149995
0.0149995
0.0149995
0.0149995
0.0149994
0.0149994
0.0149994
0.0149994
0.0149994
0.0149994
0.0149994
0.0149994
0.0149994
0.0149994
0.0149994
0.0149994
0.0149993
0.0149993
0.0149993
0.0149993
0.0149993
0.0149993
0.0149993
0.0149993
0.0149993
0.0149993
0.0149993
0.0149993
0.0149993
0.0149993
0.0149994
0.0149994
0.0149994
0.0149994
0.0149994
0.0149994
0.0149994
0.0149994
0.0149994
0.0149994
0.0149994
0.0149994
0.0149995
0.0149995
0.0149995
0.0149995
0.0149995
0.0149995
0.0149995
0.0149995
0.0149996
0.0149996
0.0149996
0.0149996
0.0149996
0.0149996
0.0149996
0.0149997
0.0149997
0.0149997
0.0149997
0.0149997
0.0149997
0.0149998
0.0149998
0.0149998
0.0149998
0.0149998
0.0149998
0.0149999
0.0149999
0.0149999
0.0149999
0.0149999
0.0149999
0.015
0.015
0.015
0.015
0.015
0.015
0.0150001
0.0150001
0.0150001
0.0150001
0.0150001
0.0150001
0.0150001
0.0150002
0.0150002
0.0150002
0.0150002
0.0150002
0.0150002
0.0150002
0.0150002
0.0150003
0.0150003
0.0150003
0.0150003
0.0150003
0.0150003
0.0150003
0.0150003
0.0150003
0.0150003
0.0150003
0.0150004
0.0150004
0.0150004
0.0150004
0.0150004
0.0150004
0.0150004
0.0150004
0.0150004
0.0150004
0.0150004
0.0150004
0.0150004
0.0150004
0.0150004
0.0150004
0.0150004
0.0150004
0.0150004
0.0150004
0.0150004
0.0150004
0.0150004
0.0150004
0.0150004
0.0150004
0.0150004
0.0150004
0.0150004
0.0150004
0.0150004
0.0150004
0.0150004
0.0150003
0.0150003
0.0150003
0.0150003
0.0150003
0.0150003
0.0150003
0.0150003
0.0150003
0.0150003
0.0150003
0.0150003
0.0150003
0.0150002
0.0150002
0.0150002
0.0150002
0.0150002
0.0150002
0.0150002
0.0150002
0.0150002
0.0150002
0.0150001
0.0150001
0.0150001
0.0150001
0.0150001
0.0150001
0.0150001
0.0150001
0.0150001
0.0150001
0.015
0.015
0.015
0.015
0.015
0.015
0.015
0.015
0.015
0.015
0.015
0.0149999
0.0149999
0.0149999
0.0149999
0.0149999
0.0149999
0.0149999
0.0149999
0.0149999
0.0149999
0.0149999
0.0149999
0.0149998
0.0149998
0.0149998
0.0149998
0.0149998
0.0149998
0.0149998
0.0149998
0.0149998
0.0149998
0.0149998
0.0149998
0.0149998
0.0149998
0.0149998
0.0149998
0.0149998
0.0149998
0.0149998
0.0149998
0.0149998
0.0149998
0.0149998
0.0149998
0.0149998
0.0149998
0.0149998
0.0149998
0.0149998
0.0149998
0.0149998
0.0149998
0.0149998
0.0149998
0.0149998
0.0149998
0.0149998
0.0149998
0.0149998
0.0149998
0.0149998
0.0149998
0.0149998
0.0149998
0.0149998
0.0149998
0.0149998
0.0149998
0.0149998
0.0149998
0.0149998
0.0149998
0.0149998
0.0149998
0.0149998
0.0149998
0.0149998
0.0149998
0.0149999
0.0149999
0.0149999
0.0149999
0.0149999
0.0149999
0.0149999
0.0149999
0.0149999
0.0149999
0.0149999
0.0149999
0.0149999
0.0149999
0.0149999
0.0149999
0.015
0.015
0.015
0.015
0.015
0.015
0.015
0.015
0.015
0.015
0.015
0.015
0.015
0.015
0.015
0.015
0.015
0.015
0.0150001
0.0150001
0.0150001
0.0150001
0.0150001
0.0150001
0.0150001
0.0150001
0.0150001
0.0150001
0.0150001
0.0150001
0.0150001
0.0150001
0.0150001
0.0150001
0.0150001
0.0150001
0.0150001
0.0150001
0.0150001
0.0150001
0.0150001
0.0150001
0.0150001
0.0150001
0.0150001
0.0150001
0.0150001
0.0150001
0.0150001
0.0150001
0.0150001
0.0150001
0.0150001
0.0150001
0.0150001
0.0150001
0.0150001
0.0150001
0.0150001
0.0150001
0.0150001
0.0150001
0.0150001
0.0150001
0.0150001
0.0150001
0.0150001
0.0150001
0.0150001
0.0150001
0.0150001
0.0150001
0.0150001
0.0150001
0.0150001
0.0150001
0.0150001
0.0150001
0.0150001
0.0150001
0.0150001
0.0150001
0.0150001
0.0150001
0.0150001
0.0150001
0.0150001
0.0150001
0.0150001
0.0150001
0.0150001
0.0150001
0.0150001
0.0150001
0.0150001
0.015
0.015
0.015
0.015
0.015
0.015
0.015
0.015
0.015
0.015
0.015
0.015
0.015
0.015
0.015
0.015
0.015
0.015
0.015
0.015
0.015
0.015
0.015
0.015
0.015
0.015
0.015
0.015
0.015
0.015
0.0149999
0.0149999
0.0149999
0.0149999
0.0149999
0.0149999
0.0149999
0.0149999
0.0149999
0.0149999
0.0149999
0.0149999
0.0149999
0.0149999
0.0149999
0.0149999
0.0149999
0.0149999
0.0149999
0.0149999
0.0149999
0.0149999
