0
0
1.04646e-08
4.27396e-08
1.09032e-07
2.22388e-07
3.96672e-07
6.46545e-07
9.87439e-07
1.43554e-06
2.00774e-06
2.72167e-06
3.5956e-06
4.64847e-06
5.89982e-06
7.36983e-06
9.07921e-06
1.10492e-05
1.33017e-05
1.58589e-05
1.87435e-05
2.19787e-05
2.55881e-05
2.95957e-05
3.40258e-05
3.89029e-05
4.4252e-05
5.00983e-05
5.64672e-05
6.33842e-05
7.08753e-05
7.89663e-05
8.76834e-05
9.70526e-05
0.0001071
0.000117852
0.000129336
0.000141576
0.0001546
0.000168433
0.000183102
0.000198632
0.000215049
0.000232379
0.000250648
0.00026988
0.0002901
0.000311332
0.000333603
0.000356934
0.00038135
0.000406875
0.00043353
0.00046134
0.000490325
0.000520507
0.000551909
0.00058455
0.00061845
0.00065363
0.000690108
0.000727903
0.000767034
0.000807517
0.00084937
0.00089261
0.00093725
0.000983308
0.0010308
0.00107973
0.00113012
0.00118199
0.00123533
0.00129017
0.00134651
0.00140437
0.00146375
0.00152466
0.00158711
0.00165111
0.00171666
0.00178377
0.00185244
0.00192267
0.00199448
0.00206786
0.00214282
0.00221935
0.00229746
0.00237715
0.00245842
0.00254126
0.00262567
0.00271166
0.00279921
0.00288832
0.002979
0.00307123
0.003165
0.00326032
0.00335717
0.00345554
0.00355544
0.00365684
0.00375974
0.00386413
0.00397
0.00407734
0.00418614
0.00429638
0.00440805
0.00452114
0.00463564
0.00475152
0.00486879
0.00498741
0.00510739
0.0052287
0.00535132
0.00547524
0.00560045
0.00572693
0.00585465
0.00598361
0.00611379
0.00624516
0.00637771
0.00651142
0.00664628
0.00678226
0.00691935
0.00705752
0.00719676
0.00733706
0.00747838
0.00762071
0.00776404
0.00790834
0.00805359
0.00819978
0.00834688
0.00849488
0.00864375
0.00879348
0.00894406
0.00909545
0.00924764
0.00940062
0.00955436
0.00970885
0.00986407
0.01002
0.0101766
0.0103339
0.0104919
0.0106505
0.0108097
0.0109695
0.0111299
0.0112909
0.0114524
0.0116145
0.0117772
0.0119403
0.0121039
0.012268
0.0124326
0.0125977
0.0127632
0.0129291
0.0130954
0.0132622
0.0134293
0.0135969
0.0137648
0.013933
0.0141017
0.0142706
0.0144399
0.0146095
0.0147795
0.0149497
0.0151203
0.0152911
0.0154622
0.0156336
0.0158053
0.0159772
0.0161495
0.0163219
0.0164946
0.0166676
0.0168408
0.0170142
0.0171879
0.0173618
0.017536
0.0177104
0.017885
0.0180598
0.0182349
0.0184102
0.0185857
0.0187614
0.0189374
0.0191136
0.01929
0.0194666
0.0196435
0.0198206
0.019998
0.0201755
0.0203533
0.0205314
0.0207097
0.0208883
0.0210671
0.0212461
0.0214254
0.021605
0.0217849
0.021965
0.0221454
0.022326
0.022507
0.0226882
0.0228698
0.0230516
0.0232338
0.0234162
0.023599
0.0237821
0.0239655
0.0241493
0.0243334
0.0245178
0.0247026
0.0248877
0.0250732
0.0252591
0.0254454
0.025632
0.025819
0.0260064
0.0261941
0.0263823
0.0265709
0.0267599
0.0269493
0.0271391
0.0273293
0.02752
0.0277111
0.0279027
0.0280946
0.0282871
0.0284799
0.0286732
0.028867
0.0290613
0.029256
0.0294511
0.0296467
0.0298428
0.0300394
0.0302365
0.030434
0.030632
0.0308304
0.0310294
0.0312288
0.0314288
0.0316292
0.03183
0.0320314
0.0322332
0.0324356
0.0326384
0.0328417
0.0330454
0.0332497
0.0334544
0.0336596
0.0338652
0.0340714
0.034278
0.034485
0.0346925
0.0349005
0.0351089
0.0353178
0.0355271
0.0357369
0.0359471
0.0361577
0.0363687
0.0365802
0.0367921
0.0370043
0.037217
0.0374301
0.0376435
0.0378574
0.0380716
0.0382862
0.0385011
0.0387164
0.038932
0.039148
0.0393643
0.0395809
0.0397978
0.040015
0.0402326
0.0404504
0.0406684
0.0408868
0.0411054
0.0413242
0.0415433
0.0417626
0.0419821
0.0422018
0.0424218
0.0426419
0.0428622
0.0430826
0.0433032
0.043524
0.0437449
0.0439659
0.044187
0.0444083
0.0446296
0.044851
0.0450725
0.045294
0.0455156
0.0457372
0.0459589
0.0461805
0.0464022
0.0466239
0.0468455
0.0470672
0.0472888
0.0475103
0.0477318
0.0479532
0.0481746
0.0483958
0.048617
0.048838
0.0490589
0.0492797
0.0495004
0.0497209
0.0499413
0.0501614
0.0503814
0.0506013
0.0508209
0.0510403
0.0512595
0.0514785
0.0516972
0.0519157
0.052134
0.052352
0.0525697
0.0527872
0.0530044
0.0532212
0.0534378
0.0536541
0.0538701
0.0540857
0.054301
0.054516
0.0547307
0.054945
0.0551589
0.0553725
0.0555857
0.0557986
0.0560111
0.0562231
0.0564348
0.0566461
0.056857
0.0570675
0.0572776
0.0574873
0.0576965
0.0579054
0.0581138
0.0583217
0.0585293
0.0587364
0.058943
0.0591492
0.0593549
0.0595602
0.0597651
0.0599694
0.0601734
0.0603768
0.0605798
0.0607823
0.0609843
0.0611859
0.0613869
0.0615875
0.0617876
0.0619872
0.0621864
0.062385
0.0625832
0.0627808
0.062978
0.0631747
0.0633709
0.0635665
0.0637617
0.0639564
0.0641506
0.0643442
0.0645374
0.0647301
0.0649222
0.0651139
0.0653051
0.0654957
0.0656858
0.0658755
0.0660646
0.0662532
0.0664413
0.0666288
0.0668159
0.0670025
0.0671885
0.067374
0.067559
0.0677435
0.0679275
0.068111
0.0682939
0.0684764
0.0686583
0.0688397
0.0690205
0.0692009
0.0693807
0.06956
0.0697388
0.069917
0.0700947
0.0702719
0.0704486
0.0706247
0.0708004
0.0709754
0.07115
0.071324
0.0714975
0.0716704
0.0718428
0.0720146
0.0721859
0.0723567
0.0725269
0.0726966
0.0728657
0.0730343
0.0732023
0.0733698
0.0735367
0.073703
0.0738688
0.074034
0.0741986
0.0743627
0.0745262
0.0746891
0.0748514
0.0750132
0.0751743
0.0753349
0.0754949
0.0756543
0.0758131
0.0759712
0.0761288
0.0762858
0.0764421
0.0765979
0.076753
0.0769075
0.0770614
0.0772146
0.0773672
0.0775191
0.0776704
0.0778211
0.0779711
0.0781205
0.0782691
0.0784172
0.0785645
0.0787112
0.0788572
0.0790025
0.0791471
0.079291
0.0794343
0.0795768
0.0797186
0.0798597
0.0800001
0.0801397
0.0802787
0.0804169
0.0805543
0.0806911
0.080827
0.0809622
0.0810967
0.0812304
0.0813633
0.0814955
0.0816269
0.0817575
0.0818873
0.0820163
0.0821445
0.0822719
0.0823986
0.0825244
0.0826493
0.0827735
0.0828968
0.0830193
0.083141
0.0832618
0.0833818
0.0835009
0.0836192
0.0837366
0.0838531
0.0839688
0.0840836
0.0841975
0.0843106
0.0844227
0.084534
0.0846443
0.0847538
0.0848623
0.08497
0.0850767
0.0851825
0.0852874
0.0853914
0.0854945
0.0855966
0.0856977
0.085798
0.0858973
0.0859956
0.086093
0.0861895
0.086285
0.0863795
0.086473
0.0865656
0.0866573
0.0867479
0.0868376
0.0869263
0.0870141
0.0871008
0.0871866
0.0872713
0.0873551
0.0874379
0.0875197
0.0876005
0.0876803
0.0877591
0.0878369
0.0879137
0.0879894
0.0880642
0.088138
0.0882107
0.0882825
0.0883532
0.0884229
0.0884916
0.0885593
0.0886259
0.0886916
0.0887562
0.0888198
0.0888823
0.0889439
0.0890044
0.0890639
0.0891224
0.0891798
0.0892362
0.0892916
0.089346
0.0893993
0.0894516
0.0895029
0.0895531
0.0896023
0.0896505
0.0896977
0.0897438
0.0897889
0.089833
0.089876
0.089918
0.089959
0.089999
0.0900379
0.0900758
0.0901127
0.0901486
0.0901834
0.0902172
0.09025
0.0902817
0.0903124
0.0903421
0.0903708
0.0903985
0.0904251
0.0904507
0.0904753
0.0904989
0.0905215
0.090543
0.0905635
0.090583
0.0906015
0.090619
0.0906355
0.0906509
0.0906654
0.0906788
0.0906912
0.0907026
0.0907131
0.0907224
0.0907308
0.0907382
0.0907446
0.09075
0.0907543
0.0907577
0.0907601
0.0907614
0.0907618
0.0907612
0.0907595
0.0907569
0.0907533
0.0907486
0.090743
0.0907364
0.0907288
0.0907202
0.0907106
0.0907
0.0906884
0.0906759
0.0906623
0.0906478
0.0906323
0.0906157
0.0905982
0.0905798
0.0905603
0.0905398
0.0905184
0.090496
0.0904726
0.0904482
0.0904228
0.0903964
0.0903691
0.0903408
0.0903115
0.0902813
0.09025
0.0902178
0.0901846
0.0901504
0.0901153
0.0900791
0.090042
0.090004
0.0899649
0.0899249
0.0898839
0.0898419
0.089799
0.0897551
0.0897102
0.0896644
0.0896175
0.0895698
0.089521
0.0894713
0.0894206
0.0893689
0.0893163
0.0892627
0.0892081
0.0891526
0.0890961
0.0890387
0.0889803
0.0889209
0.0888605
0.0887992
0.088737
0.0886737
0.0886096
0.0885444
0.0884783
0.0884113
0.0883432
0.0882743
0.0882043
0.0881335
0.0880616
0.0879888
0.0879151
0.0878404
0.0877647
0.0876882
0.0876106
0.0875321
0.0874527
0.0873723
0.087291
0.0872087
0.0871255
0.0870413
0.0869562
0.0868702
0.0867832
0.0866953
0.0866065
0.0865167
0.086426
0.0863344
0.0862418
0.0861483
0.0860539
0.0859585
0.0858623
0.0857651
0.0856669
0.0855679
0.085468
0.0853671
0.0852653
0.0851626
0.085059
0.0849545
0.0848491
0.0847428
0.0846356
0.0845275
0.0844185
0.0843086
0.0841978
0.0840861
0.0839735
0.08386
0.0837457
0.0836304
0.0835143
0.0833974
0.0832795
0.0831608
0.0830412
0.0829207
0.0827994
0.0826772
0.0825541
0.0824302
0.0823055
0.0821799
0.0820534
0.0819261
0.081798
0.081669
0.0815392
0.0814086
0.0812771
0.0811448
0.0810117
0.0808778
0.0807431
0.0806075
0.0804711
0.080334
0.080196
0.0800572
0.0799176
0.0797773
0.0796361
0.0794942
0.0793515
0.079208
0.0790637
0.0789186
0.0787728
0.0786263
0.0784789
0.0783308
0.078182
0.0780324
0.0778821
0.077731
0.0775792
0.0774266
0.0772734
0.0771194
0.0769646
0.0768092
0.076653
0.0764962
0.0763386
0.0761803
0.0760213
0.0758617
0.0757013
0.0755403
0.0753785
0.0752161
0.075053
0.0748893
0.0747249
0.0745598
0.0743941
0.0742277
0.0740606
0.073893
0.0737246
0.0735557
0.0733861
0.0732159
0.073045
0.0728735
0.0727014
0.0725288
0.0723554
0.0721815
0.072007
0.0718319
0.0716562
0.0714799
0.0713031
0.0711256
0.0709476
0.070769
0.0705899
0.0704102
0.0702299
0.070049
0.0698677
0.0696857
0.0695033
0.0693203
0.0691368
0.0689527
0.0687681
0.068583
0.0683974
0.0682113
0.0680246
0.0678375
0.0676498
0.0674617
0.0672731
0.067084
0.0668944
0.0667043
0.0665138
0.0663227
0.0661313
0.0659393
0.0657469
0.0655541
0.0653608
0.065167
0.0649729
0.0647783
0.0645832
0.0643877
0.0641918
0.0639955
0.0637988
0.0636016
0.0634041
0.0632062
0.0630078
0.0628091
0.0626099
0.0624104
0.0622105
0.0620102
0.0618096
0.0616086
0.0614072
0.0612055
0.0610034
0.0608009
0.0605981
0.060395
0.0601915
0.0599877
0.0597836
0.0595791
0.0593743
0.0591692
0.0589638
0.0587581
0.0585521
0.0583458
0.0581391
0.0579322
0.057725
0.0575175
0.0573098
0.0571017
0.0568934
0.0566848
0.056476
0.0562669
0.0560576
0.055848
0.0556381
0.0554281
0.0552177
0.0550072
0.0547964
0.0545854
0.0543742
0.0541628
0.0539512
0.0537394
0.0535273
0.0533151
0.0531027
0.0528901
0.0526773
0.0524643
0.0522512
0.0520379
0.0518244
0.0516108
0.051397
0.0511831
0.050969
0.0507548
0.0505405
0.050326
0.0501114
0.0498967
0.0496818
0.0494669
0.0492518
0.0490366
0.0488214
0.048606
0.0483906
0.048175
0.0479594
0.0477437
0.047528
0.0473121
0.0470963
0.0468803
0.0466643
0.0464483
0.0462322
0.0460161
0.0457999
0.0455838
0.0453676
0.0451513
0.0449351
0.0447189
0.0445026
0.0442864
0.0440702
0.043854
0.0436378
0.0434216
0.0432054
0.0429893
0.0427732
0.0425572
0.0423412
0.0421252
0.0419093
0.0416935
0.0414777
0.041262
0.0410464
0.0408308
0.0406154
0.0404
0.0401847
0.0399696
0.0397545
0.0395395
0.0393247
0.03911
0.0388954
0.0386809
0.0384666
0.0382524
0.0380383
0.0378244
0.0376106
0.0373971
0.0371836
0.0369704
0.0367573
0.0365444
0.0363317
0.0361191
0.0359068
0.0356946
0.0354827
0.035271
0.0350594
0.0348481
0.0346371
0.0344262
0.0342156
0.0340052
0.0337951
0.0335852
0.0333755
0.0331661
0.032957
0.0327482
0.0325396
0.0323312
0.0321232
0.0319155
0.031708
0.0315008
0.031294
0.0310874
0.0308812
0.0306752
0.0304696
0.0302643
0.0300593
0.0298547
0.0296504
0.0294464
0.0292428
0.0290396
0.0288366
0.0286341
0.0284319
0.0282301
0.0280286
0.0278276
0.0276269
0.0274266
0.0272267
0.0270272
0.0268281
0.0266294
0.0264311
0.0262332
0.0260357
0.0258387
0.0256421
0.0254459
0.0252502
0.0250549
0.02486
0.0246656
0.0244716
0.0242781
0.0240851
0.0238925
0.0237004
0.0235088
0.0233176
0.0231269
0.0229368
0.0227471
0.0225579
0.0223692
0.022181
0.0219933
0.0218061
0.0216194
0.0214333
0.0212477
0.0210626
0.0208781
0.020694
0.0205106
0.0203276
0.0201452
0.0199634
0.0197821
0.0196014
0.0194212
0.0192417
0.0190626
0.0188842
0.0187063
0.0185291
0.0183524
0.0181763
0.0180008
0.0178259
0.0176516
0.0174779
0.0173048
0.0171323
0.0169605
0.0167892
0.0166186
0.0164486
0.0162793
0.0161106
0.0159425
0.0157751
0.0156083
0.0154421
0.0152767
0.0151118
0.0149477
0.0147842
0.0146213
0.0144592
0.0142977
0.0141369
0.0139768
0.0138173
0.0136586
0.0135005
0.0133432
0.0131865
0.0130305
0.0128753
0.0127207
0.0125669
0.0124138
0.0122614
0.0121097
0.0119588
0.0118086
0.0116591
0.0115103
0.0113623
0.0112151
0.0110685
0.0109228
0.0107777
0.0106335
0.01049
0.0103472
0.0102052
0.010064
0.00992359
0.00978392
0.00964503
0.00950692
0.00936959
0.00923305
0.00909729
0.00896233
0.00882817
0.0086948
0.00856223
0.00843047
0.00829951
0.00816937
0.00804004
0.00791152
0.00778382
0.00765694
0.00753089
0.00740566
0.00728127
0.0071577
0.00703497
0.00691308
0.00679203
0.00667183
0.00655247
0.00643396
0.0063163
0.00619949
0.00608354
0.00596846
0.00585423
0.00574087
0.00562837
0.00551675
0.005406
0.00529612
0.00518712
0.005079
0.00497176
0.00486541
0.00475994
0.00465536
0.00455168
0.00444889
0.00434699
0.004246
0.0041459
0.00404671
0.00394843
0.00385105
0.00375458
0.00365903
0.00356439
0.00347067
0.00337786
0.00328598
0.00319502
0.00310499
0.00301588
0.0029277
0.00284046
0.00275414
0.00266876
0.00258432
0.00250082
0.00241826
0.00233664
0.00225597
0.00217625
0.00209747
0.00201964
0.00194277
0.00186685
0.00179188
0.00171788
0.00164483
0.00157274
0.00150161
0.00143145
0.00136226
0.00129403
0.00122677
0.00116048
0.00109516
0.00103082
0.000967446
0.000905053
0.000843637
0.0007832
0.000723744
0.000665269
0.000607778
0.000551271
0.000495749
0.000441214
0.000387668
0.000335111
0.000283544
0.00023297
0.000183388
0.0001348
8.72067e-05
4.061e-05
-4.98959e-06
-4.9591e-05
-9.31931e-05
-0.000135795
-0.000177396
-0.000217995
-0.000257591
-0.000296183
-0.00033377
-0.000370352
-0.000405927
-0.000440495
-0.000474056
-0.000506608
-0.00053815
-0.000568683
-0.000598204
-0.000626715
-0.000654213
-0.000680699
-0.000706172
-0.000730632
-0.000754077
-0.000776507
-0.000797922
-0.000818322
-0.000837705
-0.000856073
-0.000873423
-0.000889756
-0.000905072
-0.00091937
-0.000932649
-0.000944911
-0.000956153
-0.000966377
-0.000975582
-0.000983768
-0.000990934
-0.000997081
-0.00100221
-0.00100632
-0.0010094
-0.00101147
-0.00101252
-0.00101255
-0.00101156
-0.00100955
-0.00100652
-0.00100247
-0.000997398
-0.00099131
-0.000984203
-0.000976077
-0.000966932
-0.000956769
-0.000945588
-0.000933389
-0.000920173
-0.000905939
-0.000890689
-0.000874422
-0.00085714
-0.000838841
-0.000819528
-0.000799199
-0.000777857
-0.000755501
-0.000732131
-0.000707749
-0.000682355
-0.000655949
-0.000628533
-0.000600106
-0.00057067
-0.000540225
-0.000508771
-0.000476311
-0.000442843
-0.00040837
-0.000372892
-0.000336409
-0.000298922
-0.000260434
-0.000220943
-0.000180451
-0.00013896
-9.64694e-05
-5.29809e-05
-8.49534e-06
3.69863e-05
8.34629e-05
0.000130934
0.000179397
0.000228852
0.000279298
0.000330734
0.000383158
0.000436569
0.000490967
0.000546349
0.000602715
0.000660063
0.000718392
0.000777702
0.000837989
0.000899254
0.000961494
0.00102471
0.0010889
0.00115406
0.00122019
0.00128728
0.00135535
0.00142438
0.00149437
0.00156533
0.00163725
0.00171013
0.00178396
0.00185876
0.0019345
0.0020112
0.00208885
0.00216745
0.002247
0.00232749
0.00240893
0.00249131
0.00257463
0.00265889
0.00274409
0.00283022
0.00291729
0.00300528
0.00309421
0.00318406
0.00327484
0.00336654
0.00345916
0.00355271
0.00364717
0.00374254
0.00383883
0.00393603
0.00403413
0.00413315
0.00423307
0.00433389
0.00443561
0.00453823
0.00464174
0.00474615
0.00485145
0.00495764
0.00506471
0.00517267
0.00528151
0.00539123
0.00550182
0.00561329
0.00572563
0.00583885
0.00595292
0.00606787
0.00618367
0.00630034
0.00641786
0.00653623
0.00665546
0.00677554
0.00689646
0.00701823
0.00714083
0.00726428
0.00738856
0.00751367
0.00763962
0.00776639
0.00789398
0.0080224
0.00815164
0.00828169
0.00841255
0.00854423
0.00867671
0.00881
0.00894409
0.00907897
0.00921466
0.00935113
0.0094884
0.00962645
0.00976528
0.00990489
0.0100453
0.0101865
0.0103284
0.0104711
0.0106146
0.0107588
0.0109038
0.0110495
0.011196
0.0113433
0.0114913
0.01164
0.0117895
0.0119397
0.0120906
0.0122423
0.0123947
0.0125478
0.0127196
0.0129099
0.0131186
0.0133453
0.0135898
0.0138519
0.0141313
0.0144277
0.0147407
0.0150701
0.0154156
0.0157767
0.0161532
0.0165447
0.0169508
0.0173711
0.0178052
0.0182527
0.0187133
0.0191864
0.0196717
0.0201687
0.0206769
0.021196
0.0217255
0.0222649
0.0228137
0.0233715
0.0239377
0.024512
0.0250939
0.0256828
0.0262783
0.0268799
0.0274871
0.0280995
0.0287164
0.0293376
0.0299624
0.0305903
0.0312211
0.031854
0.0324887
0.0331247
0.0337615
0.0343987
0.0350358
0.0356724
0.036308
0.0369421
0.0375744
0.0382044
0.0388316
0.0394558
0.0400764
0.0406931
0.0413055
0.0419131
0.0425157
0.0431129
0.0437043
0.0442896
0.0448684
0.0454404
0.0460054
0.0465629
0.0471128
0.0476547
0.0481884
0.0487135
0.04923
0.0497374
0.0502357
0.0507246
0.0512039
0.0516733
0.0521328
0.0525822
0.0530214
0.05345
0.0538682
0.0542757
0.0546724
0.0550583
0.0554333
0.0557973
0.0561502
0.0564921
0.0568228
0.0571424
0.0574508
0.0577481
0.0580343
0.0583094
0.0585735
0.0588265
0.0590686
0.0592998
0.0595202
0.0597299
0.0599291
0.0601177
0.0602959
0.060464
0.0606219
0.0607699
0.0609081
0.0610366
0.0611557
0.0612656
0.0613663
0.0614582
0.0615414
0.0616162
0.0616826
0.0617411
0.0617917
0.0618348
0.0618706
0.0618993
0.0619212
0.0619365
0.0619455
0.0619485
0.0619456
0.0619373
0.0619237
0.0619052
0.061882
0.0618543
0.0618226
0.061787
0.0617479
0.0617055
0.0616601
0.061612
0.0615615
0.0615089
0.0614545
0.0613985
0.0613412
0.0612829
0.0612239
0.0611645
0.0611049
0.0610454
0.0609863
0.0609279
0.0608703
0.060814
0.060759
0.0607058
0.0606545
0.0606053
0.0605586
0.0605145
0.0604732
0.0604351
0.0604003
0.0603691
0.0603415
0.0603179
0.0602985
0.0602834
0.0602727
0.0602668
0.0602657
0.0602697
0.0602788
0.0602933
0.0603132
0.0603388
0.06037
0.0604072
0.0604503
0.0604995
0.0605549
0.0606166
0.0606846
0.0607591
0.0608401
0.0609276
0.0610218
0.0611227
0.0612304
0.0613447
0.0614659
0.0615939
0.0617287
0.0618703
0.0620188
0.0621741
0.0623362
0.0625051
0.0626807
0.0628631
0.0630521
0.0632478
0.06345
0.0636588
0.063874
0.0640956
0.0643235
0.0645576
0.0647978
0.0650441
0.0652963
0.0655543
0.065818
0.0660873
0.0663621
0.0666423
0.0669277
0.0672181
0.0675135
0.0678138
0.0681186
0.068428
0.0687418
0.0690598
0.0693818
0.0697077
0.0700374
0.0703706
0.0707072
0.0710471
0.0713899
0.0717357
0.0720842
0.0724352
0.0727885
0.0731441
0.0735016
0.0738609
0.0742219
0.0745843
0.074948
0.0753128
0.0756785
0.076045
0.076412
0.0767794
0.077147
0.0775146
0.0778821
0.0782492
0.0786159
0.0789819
0.0793471
0.0797113
0.0800743
0.0804361
0.0807963
0.0811549
0.0815118
0.0818667
0.0822196
0.0825702
0.0829184
0.0832642
0.0836073
0.0839477
0.0842852
0.0846196
0.084951
0.0852791
0.0856038
0.085925
0.0862427
0.0865567
0.086867
0.0871734
0.0874758
0.0877743
0.0880686
0.0883587
0.0886446
0.0889262
0.0892034
0.0894762
0.0897445
0.0900083
0.0902675
0.0905221
0.090772
0.0910173
0.0912579
0.0914937
0.0917248
0.0919512
0.0921728
0.0923897
0.0926018
0.0928091
0.0930117
0.0932096
0.0934027
0.0935911
0.0937749
0.0939541
0.0941286
0.0942985
0.094464
0.0946249
0.0947814
0.0949335
0.0950812
0.0952247
0.0953639
0.095499
0.0956299
0.0957568
0.0958798
0.0959989
0.0961142
0.0962257
0.0963336
0.0964379
0.0965387
0.0966361
0.0967303
0.0968211
0.0969089
0.0969936
0.0970754
0.0971543
0.0972305
0.097304
0.097375
0.0974435
0.0975097
0.0975736
0.0976353
0.097695
0.0977528
0.0978087
0.0978629
0.0979155
0.0979665
0.0980161
0.0980643
0.0981113
0.0981572
0.0982021
0.098246
0.0982891
0.0983315
0.0983732
0.0984144
0.0984552
0.0984956
0.0985357
0.0985757
0.0986155
0.0986554
0.0986954
0.0987355
0.098776
0.0988167
0.0988578
0.0988995
0.0989417
0.0989846
0.0990281
0.0990724
0.0991176
0.0991637
0.0992107
0.0992587
0.0993078
0.0993581
0.0994095
0.0994622
0.0995161
0.0995714
0.099628
0.0996859
0.0997454
0.0998063
0.0998686
0.0999325
0.099998
0.100065
0.100134
0.100204
0.100276
0.100349
0.100424
0.100501
0.100579
0.100659
0.100741
0.100824
0.100909
0.100995
0.101084
0.101173
0.101265
0.101358
0.101452
0.101548
0.101645
0.101744
0.101845
0.101946
0.102049
0.102154
0.10226
0.102367
0.102475
0.102584
0.102695
0.102806
0.102919
0.103033
0.103147
0.103263
0.103379
0.103496
0.103614
0.103732
0.103851
0.103971
0.104091
0.104212
0.104332
0.104454
0.104575
0.104697
0.104818
0.10494
0.105062
0.105183
0.105305
0.105426
0.105547
0.105668
0.105788
0.105908
0.106027
0.106146
0.106264
0.106381
0.106498
0.106613
0.106728
0.106842
0.106954
0.107066
0.107176
0.107285
0.107393
0.1075
0.107605
0.107708
0.107811
0.107911
0.10801
0.108107
0.108203
0.108297
0.108389
0.108479
0.108567
0.108653
0.108738
0.10882
0.1089
0.108978
0.109054
0.109128
0.109199
0.109269
0.109336
0.1094
0.109463
0.109523
0.10958
0.109635
0.109688
0.109738
0.109786
0.109832
0.109874
0.109915
0.109953
0.109988
0.110021
0.110051
0.110079
0.110104
0.110127
0.110147
0.110164
0.110179
0.110192
0.110201
0.110209
0.110214
0.110216
0.110216
0.110213
0.110208
0.110201
0.110191
0.110178
0.110164
0.110147
0.110127
0.110105
0.110081
0.110055
0.110026
0.109996
0.109963
0.109928
0.10989
0.109851
0.109809
0.109766
0.10972
0.109673
0.109624
0.109572
0.109519
0.109464
0.109408
0.109349
0.109289
0.109227
0.109163
0.109098
0.109032
0.108964
0.108894
0.108823
0.10875
0.108676
0.108601
0.108525
0.108447
0.108368
0.108288
0.108207
0.108125
0.108041
0.107957
0.107872
0.107786
0.107698
0.10761
0.107522
0.107432
0.107342
0.107251
0.107159
0.107066
0.106973
0.10688
0.106786
0.106691
0.106596
0.1065
0.106404
0.106307
0.10621
0.106113
0.106016
0.105918
0.10582
0.105721
0.105622
0.105524
0.105424
0.105325
0.105226
0.105126
0.105026
0.104927
0.104827
0.104727
0.104627
0.104527
0.104426
0.104326
0.104226
0.104126
0.104025
0.103925
0.103825
0.103724
0.103624
0.103524
0.103423
0.103323
0.103223
0.103122
0.103022
0.102922
0.102821
0.102721
0.10262
0.10252
0.10242
0.102319
0.102219
0.102118
0.102017
0.101917
0.101816
0.101715
0.101614
0.101512
0.101411
0.10131
0.101208
0.101106
0.101004
0.100902
0.100799
0.100696
0.100593
0.10049
0.100386
0.100282
0.100178
0.100073
0.0999682
0.0998627
0.0997567
0.0996504
0.0995435
0.0994362
0.0993284
0.09922
0.0991111
0.0990017
0.0988916
0.0987809
0.0986696
0.0985577
0.0984451
0.0983318
0.0982178
0.098103
0.0979876
0.0978713
0.0977543
0.0976364
0.0975177
0.0973982
0.0972778
0.0971566
0.0970344
0.0969114
0.0967874
0.0966624
0.0965365
0.0964097
0.0962818
0.0961529
0.096023
0.0958921
0.0957601
0.095627
0.0954929
0.0953577
0.0952214
0.095084
0.0949455
0.0948058
0.0946651
0.0945231
0.09438
0.0942358
0.0940904
0.0939438
0.0937961
0.0936472
0.0934971
0.0933458
0.0931933
0.0930396
0.0928847
0.0927286
0.0925714
0.0924129
0.0922532
0.0920924
0.0919303
0.0917671
0.0916026
0.091437
0.0912702
0.0911022
0.0909331
0.0907628
0.0905913
0.0904187
0.0902449
0.09007
0.089894
0.0897168
0.0895386
0.0893592
0.0891788
0.0889973
0.0888147
0.088631
0.0884464
0.0882606
0.0880739
0.0878862
0.0876975
0.0875078
0.0873171
0.0871255
0.086933
0.0867395
0.0865452
0.0863499
0.0861538
0.0859569
0.0857591
0.0855605
0.0853611
0.0851609
0.0849599
0.0847582
0.0845558
0.0843526
0.0841488
0.0839443
0.0837391
0.0835333
0.0833269
0.0831199
0.0829122
0.0827041
0.0824953
0.0822861
0.0820763
0.0818661
0.0816553
0.0814441
0.0812325
0.0810205
0.080808
0.0805952
0.080382
0.0801685
0.0799546
0.0797404
0.0795259
0.0793111
0.0790961
0.0788808
0.0786653
0.0784496
0.0782337
0.0780175
0.0778013
0.0775848
0.0773683
0.0771516
0.0769348
0.0767178
0.0765009
0.0762838
0.0760667
0.0758495
0.0756323
0.0754151
0.0751978
0.0749806
0.0747634
0.0745462
0.074329
0.0741119
0.0738948
0.0736778
0.0734609
0.073244
0.0730273
0.0728106
0.072594
0.0723775
0.0721612
0.0719449
0.0717288
0.0715129
0.071297
0.0710813
0.0708658
0.0706504
0.0704352
0.0702201
0.0700052
0.0697904
0.0695758
0.0693614
0.0691472
0.0689332
0.0687193
0.0685056
0.068292
0.0680787
0.0678655
0.0676525
0.0674397
0.0672271
0.0670147
0.0668024
0.0665903
0.0663784
0.0661666
0.0659551
0.0657437
0.0655325
0.0653214
0.0651105
0.0648998
0.0646892
0.0644788
0.0642685
0.0640584
0.0638484
0.0636386
0.0634289
0.0632194
0.06301
0.0628007
0.0625916
0.0623825
0.0621736
0.0619649
0.0617562
0.0615476
0.0613392
0.0611308
0.0609225
0.0607144
0.0605063
0.0602983
0.0600904
0.0598826
0.0596748
0.0594672
0.0592596
0.059052
0.0588446
0.0586371
0.0584298
0.0582225
0.0580152
0.057808
0.0576009
0.0573938
0.0571867
0.0569797
0.0567727
0.0565658
0.0563589
0.056152
0.0559451
0.0557383
0.0555315
0.0553248
0.0551181
0.0549114
0.0547047
0.0544981
0.0542915
0.0540849
0.0538783
0.0536718
0.0534654
0.0532589
0.0530525
0.0528461
0.0526398
0.0524335
0.0522273
0.0520211
0.0518149
0.0516088
0.0514028
0.0511968
0.0509909
0.050785
0.0505792
0.0503735
0.0501678
0.0499623
0.0497568
0.0495515
0.0493462
0.049141
0.0489359
0.048731
0.0485262
0.0483215
0.0481169
0.0479125
0.0477082
0.047504
0.0473001
0.0470963
0.0468926
0.0466892
0.0464859
0.0462829
0.04608
0.0458773
0.0456749
0.0454727
0.0452707
0.045069
0.0448676
0.0446664
0.0444654
0.0442648
0.0440644
0.0438643
0.0436646
0.0434651
0.043266
0.0430672
0.0428688
0.0426707
0.042473
0.0422756
0.0420786
0.041882
0.0416858
0.04149
0.0412947
0.0410997
0.0409052
0.0407112
0.0405175
0.0403244
0.0401317
0.0399395
0.0397479
0.0395567
0.039366
0.0391758
0.0389862
0.0387971
0.0386085
0.0384205
0.0382331
0.0380462
0.0378599
0.0376743
0.0374892
0.0373047
0.0371208
0.0369375
0.0367549
0.0365729
0.0363916
0.0362109
0.0360309
0.0358515
0.0356729
0.0354949
0.0353176
0.035141
0.0349651
0.0347899
0.0346154
0.0344416
0.0342686
0.0340963
0.0339248
0.033754
0.033584
0.0334147
0.0332462
0.0330784
0.0329114
0.0327453
0.0325798
0.0324152
0.0322514
0.0320884
0.0319262
0.0317648
0.0316041
0.0314444
0.0312854
0.0311272
0.0309699
0.0308134
0.0306578
0.0305029
0.0303489
0.0301958
0.0300435
0.029892
0.0297414
0.0295917
0.0294427
0.0292947
0.0291475
0.0290011
0.0288557
0.028711
0.0285673
0.0284244
0.0282824
0.0281412
0.0280009
0.0278615
0.0277229
0.0275852
0.0274484
0.0273125
0.0271774
0.0270432
0.0269099
0.0267774
0.0266458
0.0265151
0.0263853
0.0262563
0.0261282
0.026001
0.0258746
0.0257492
0.0256245
0.0255008
0.025378
0.025256
0.0251349
0.0250146
0.0248952
0.0247767
0.0246591
0.0245423
0.0244264
0.0243114
0.0241973
0.024084
0.0239716
0.02386
0.0237493
0.0236395
0.0235305
0.0234224
0.0233152
0.0232088
0.0231033
0.0229987
0.0228949
0.022792
0.02269
0.0225888
0.0224885
0.022389
0.0222904
0.0221927
0.0220958
0.0219998
0.0219047
0.0218104
0.021717
0.0216244
0.0215327
0.0214419
0.021352
0.0212629
0.0211746
0.0210873
0.0210008
0.0209151
0.0208304
0.0207465
0.0206634
0.0205813
0.0205
0.0204196
0.02034
0.0202614
0.0201836
0.0201067
0.0200306
0.0199555
0.0198812
0.0198078
0.0197353
0.0196637
0.0195929
0.0195231
0.0194541
0.0193861
0.0193189
0.0192526
0.0191872
0.0191228
0.0190592
0.0189965
0.0189347
0.0188739
0.0188139
0.0187549
0.0186968
0.0186396
0.0185833
0.0185279
0.0184735
0.01842
0.0183674
0.0183157
0.018265
0.0182152
0.0181664
0.0181185
0.0180715
0.0180255
0.0179805
0.0179363
0.0178932
0.017851
0.0178098
0.0177695
0.0177302
0.0176918
0.0176545
0.0176181
0.0175826
0.0175482
0.0175147
0.0174822
0.0174507
0.0174202
0.0173907
0.0173622
0.0173347
0.0173081
0.0172826
0.0172581
0.0172345
0.017212
0.0171905
0.01717
0.0171506
0.0171321
0.0171147
0.0170982
0.0170828
0.0170685
0.0170551
0.0170428
0.0170315
0.0170213
0.017012
0.0170039
0.0169967
0.0169906
0.0169855
0.0169815
0.0169785
0.0169766
0.0169757
0.0169759
0.0169771
0.0169793
0.0169826
0.016987
0.0169924
0.0169989
0.0170064
0.0170149
0.0170246
0.0170353
0.017047
0.0170598
0.0170736
0.0170886
0.0171045
0.0171216
0.0171396
0.0171588
0.017179
0.0172002
0.0172226
0.0172459
0.0172704
0.0172959
0.0173224
0.01735
0.0173787
0.0174084
0.0174391
0.0174709
0.0175038
0.0175377
0.0175727
0.0176087
0.0176458
0.0176839
0.0177231
0.0177633
0.0178045
0.0178468
0.0178901
0.0179345
0.0179799
0.0180263
0.0180738
0.0181223
0.0181718
0.0182223
0.0182739
0.0183265
0.0183801
0.0184348
0.0184905
0.0185471
0.0186048
0.0186635
0.0187232
0.0187839
0.0188457
0.0189084
0.0189721
0.0190368
0.0191025
0.0191692
0.0192369
0.0193056
0.0193753
0.0194459
0.0195175
0.0195901
0.0196637
0.0197382
0.0198137
0.0198902
0.0199677
0.020046
0.0201254
0.0202057
0.020287
0.0203692
0.0204523
0.0205364
0.0206214
0.0207074
0.0207943
0.0208821
0.0209709
0.0210605
0.0211511
0.0212426
0.0213351
0.0214284
0.0215227
0.0216178
0.0217139
0.0218109
0.0219087
0.0220075
0.0221071
0.0222077
0.0223091
0.0224114
0.0225146
0.0226187
0.0227236
0.0228294
0.0229361
0.0230436
0.023152
0.0232613
0.0233714
0.0234824
0.0235942
0.0237069
0.0238204
0.0239348
0.02405
0.024166
0.0242829
0.0244006
0.0245191
0.0246385
0.0247587
0.0248797
0.0250015
0.0251241
0.0252475
0.0253718
0.0254969
0.0256227
0.0257494
0.0258769
0.0260051
0.0261342
0.026264
0.0263946
0.0265261
0.0266583
0.0267912
0.026925
0.0270595
0.0271948
0.0273309
0.0274677
0.0276053
0.0277437
0.0278828
0.0280227
0.0281633
0.0283047
0.0284468
0.0285897
0.0287333
0.0288777
0.0290228
0.0291686
0.0293151
0.0294624
0.0296105
0.0297592
0.0299087
0.0300588
0.0302097
0.0303614
0.0305137
0.0306667
0.0308205
0.0309749
0.03113
0.0312859
0.0314424
0.0315996
0.0317575
0.0319161
0.0320754
0.0322354
0.032396
0.0325573
0.0327193
0.032882
0.0330453
0.0332093
0.0333739
0.0335392
0.0337051
0.0338717
0.034039
0.0342069
0.0343754
0.0345446
0.0347144
0.0348848
0.0350559
0.0352276
0.0353999
0.0355728
0.0357463
0.0359205
0.0360953
0.0362706
0.0364466
0.0366232
0.0368003
0.0369781
0.0371564
0.0373353
0.0375148
0.0376949
0.0378756
0.0380568
0.0382386
0.0384209
0.0386038
0.0387873
0.0389713
0.0391558
0.0393409
0.0395266
0.0397127
0.0398994
0.0400867
0.0402744
0.0404627
0.0406514
0.0408407
0.0410305
0.0412208
0.0414116
0.0416029
0.0417947
0.0419869
0.0421796
0.0423729
0.0425665
0.0427607
0.0429553
0.0431504
0.0433459
0.0435419
0.0437383
0.0439351
0.0441324
0.0443301
0.0445283
0.0447268
0.0449258
0.0451252
0.045325
0.0455252
0.0457258
0.0459268
0.0461282
0.04633
0.0465321
0.0467346
0.0469375
0.0471408
0.0473444
0.0475483
0.0477527
0.0479573
0.0481623
0.0483676
0.0485733
0.0487793
0.0489856
0.0491922
0.0493992
0.0496064
0.0498139
0.0500218
0.0502299
0.0504383
0.050647
0.0508559
0.0510651
0.0512746
0.0514844
0.0516944
0.0519047
0.0521152
0.0523259
0.0525369
0.0527481
0.0529595
0.0531711
0.053383
0.0535951
0.0538073
0.0540198
0.0542325
0.0544453
0.0546584
0.0548716
0.055085
0.0552985
0.0555122
0.0557261
0.0559402
0.0561543
0.0563687
0.0565831
0.0567977
0.0570124
0.0572273
0.0574422
0.0576573
0.0578725
0.0580878
0.0583032
0.0585187
0.0587342
0.0589499
0.0591656
0.0593814
0.0595973
0.0598132
0.0600292
0.0602453
0.0604614
0.0606775
0.0608937
0.0611099
0.0613262
0.0615424
0.0617587
0.061975
0.0621913
0.0624077
0.062624
0.0628403
0.0630566
0.0632729
0.0634892
0.0637055
0.0639217
0.0641379
0.064354
0.0645702
0.0647862
0.0650022
0.0652182
0.0654341
0.06565
0.0658657
0.0660814
0.066297
0.0665126
0.066728
0.0669434
0.0671586
0.0673738
0.0675888
0.0678037
0.0680185
0.0682332
0.0684478
0.0686623
0.0688766
0.0690907
0.0693048
0.0695186
0.0697324
0.0699459
0.0701593
0.0703726
0.0705856
0.0707985
0.0710113
0.0712238
0.0714361
0.0716483
0.0718603
0.072072
0.0722836
0.0724949
0.072706
0.0729169
0.0731276
0.0733381
0.0735483
0.0737583
0.073968
0.0741775
0.0743867
0.0745957
0.0748045
0.0750129
0.0752211
0.0754291
0.0756367
0.0758441
0.0760512
0.0762579
0.0764644
0.0766706
0.0768765
0.0770821
0.0772874
0.0774924
0.077697
0.0779013
0.0781053
0.0783089
0.0785123
0.0787152
0.0789179
0.0791201
0.079322
0.0795236
0.0797248
0.0799256
0.080126
0.0803261
0.0805258
0.0807251
0.080924
0.0811225
0.0813206
0.0815184
0.0817157
0.0819126
0.082109
0.0823051
0.0825007
0.0826959
0.0828907
0.083085
0.0832789
0.0834723
0.0836653
0.0838578
0.0840499
0.0842415
0.0844326
0.0846233
0.0848135
0.0850032
0.0851924
0.0853811
0.0855693
0.0857571
0.0859443
0.086131
0.0863172
0.0865029
0.0866881
0.0868728
0.0870569
0.0872405
0.0874236
0.0876061
0.087788
0.0879695
0.0881503
0.0883306
0.0885104
0.0886896
0.0888682
0.0890462
0.0892237
0.0894006
0.0895769
0.0897526
0.0899277
0.0901022
0.0902761
0.0904494
0.0906221
0.0907942
0.0909657
0.0911365
0.0913067
0.0914763
0.0916452
0.0918136
0.0919812
0.0921483
0.0923146
0.0924804
0.0926454
0.0928098
0.0929736
0.0931366
0.093299
0.0934608
0.0936218
0.0937822
0.0939418
0.0941008
0.0942591
0.0944167
0.0945736
0.0947298
0.0948853
0.09504
0.0951941
0.0953474
0.0955
0.0956519
0.095803
0.0959534
0.0961031
0.0962521
0.0964002
0.0965477
0.0966944
0.0968403
0.0969855
0.0971299
0.0972736
0.0974165
0.0975586
0.0977
0.0978406
0.0979804
0.0981194
0.0982576
0.098395
0.0985317
0.0986675
0.0988026
0.0989368
0.0990703
0.0992029
0.0993348
0.0994658
0.099596
0.0997254
0.0998539
0.0999817
0.100109
0.100235
0.10036
0.100484
0.100608
0.100731
0.100852
0.100974
0.101094
0.101213
0.101332
0.101449
0.101566
0.101682
0.101797
0.101911
0.102024
0.102137
0.102248
0.102359
0.102469
0.102578
0.102686
0.102793
0.102899
0.103005
0.103109
0.103213
0.103315
0.103417
0.103518
0.103618
0.103717
0.103815
0.103912
0.104009
0.104104
0.104199
0.104292
0.104385
0.104477
0.104568
0.104657
0.104746
0.104834
0.104922
0.105008
0.105093
0.105177
0.105261
0.105343
0.105424
0.105505
0.105585
0.105663
0.105741
0.105818
0.105893
0.105968
0.106042
0.106115
0.106187
0.106258
0.106328
0.106397
0.106465
0.106532
0.106598
0.106664
0.106728
0.106791
0.106853
0.106915
0.106975
0.107034
0.107093
0.10715
0.107206
0.107262
0.107316
0.10737
0.107422
0.107474
0.107524
0.107574
0.107622
0.10767
0.107716
0.107762
0.107806
0.10785
0.107892
0.107934
0.107975
0.108014
0.108053
0.10809
0.108127
0.108162
0.108197
0.10823
0.108263
0.108294
0.108325
0.108355
0.108383
0.108411
0.108437
0.108462
0.108487
0.10851
0.108533
0.108554
0.108575
0.108594
0.108613
0.10863
0.108646
0.108662
0.108676
0.108689
0.108702
0.108713
0.108723
0.108732
0.108741
0.108748
0.108754
0.108759
0.108763
0.108767
0.108769
0.10877
0.10877
0.108769
0.108767
0.108764
0.10876
0.108755
0.108749
0.108742
0.108734
0.108725
0.108715
0.108704
0.108692
0.108679
0.108665
0.108649
0.108633
0.108616
0.108598
0.108579
0.108558
0.108537
0.108515
0.108492
0.108467
0.108442
0.108416
0.108388
0.10836
0.108331
0.1083
0.108269
0.108236
0.108203
0.108169
0.108133
0.108097
0.108059
0.108021
0.107982
0.107941
0.1079
0.107857
0.107814
0.10777
0.107724
0.107678
0.10763
0.107582
0.107532
0.107482
0.107431
0.107378
0.107325
0.107271
0.107215
0.107159
0.107102
0.107043
0.106984
0.106924
0.106863
0.1068
0.106737
0.106673
0.106608
0.106542
0.106475
0.106407
0.106338
0.106268
0.106197
0.106125
0.106052
0.105978
0.105903
0.105827
0.105751
0.105673
0.105594
0.105515
0.105434
0.105353
0.10527
0.105187
0.105103
0.105018
0.104931
0.104844
0.104756
0.104667
0.104578
0.104487
0.104395
0.104302
0.104209
0.104114
0.104019
0.103922
0.103825
0.103727
0.103628
0.103528
0.103427
0.103325
0.103223
0.103119
0.103015
0.102909
0.102803
0.102696
0.102588
0.102479
0.102369
0.102259
0.102147
0.102035
0.101922
0.101807
0.101692
0.101577
0.10146
0.101342
0.101224
0.101105
0.100984
0.100863
0.100742
0.100619
0.100495
0.100371
0.100246
0.10012
0.0999931
0.0998655
0.099737
0.0996078
0.0994777
0.0993468
0.099215
0.0990825
0.0989492
0.0988151
0.0986801
0.0985444
0.0984079
0.0982706
0.0981325
0.0979936
0.097854
0.0977136
0.0975724
0.0974304
0.0972877
0.0971442
0.0969999
0.0968549
0.0967092
0.0965626
0.0964154
0.0962674
0.0961186
0.0959691
0.0958189
0.095668
0.0955163
0.0953639
0.0952108
0.0950569
0.0949024
0.0947471
0.0945912
0.0944345
0.0942771
0.094119
0.0939603
0.0938008
0.0936407
0.0934799
0.0933184
0.0931562
0.0929933
0.0928298
0.0926656
0.0925008
0.0923353
0.0921692
0.0920024
0.0918349
0.0916668
0.0914981
0.0913287
0.0911587
0.0909881
0.0908169
0.090645
0.0904725
0.0902994
0.0901257
0.0899514
0.0897765
0.089601
0.0894249
0.0892482
0.089071
0.0888931
0.0887147
0.0885357
0.0883561
0.088176
0.0879953
0.087814
0.0876322
0.0874498
0.0872669
0.0870835
0.0868995
0.086715
0.0865299
0.0863444
0.0861583
0.0859717
0.0857845
0.0855969
0.0854088
0.0852201
0.085031
0.0848414
0.0846513
0.0844607
0.0842696
0.084078
0.083886
0.0836935
0.0835006
0.0833072
0.0831133
0.082919
0.0827242
0.082529
0.0823334
0.0821373
0.0819408
0.0817439
0.0815466
0.0813488
0.0811506
0.0809521
0.0807531
0.0805537
0.080354
0.0801538
0.0799533
0.0797524
0.0795511
0.0793494
0.0791474
0.078945
0.0787423
0.0785392
0.0783357
0.0781319
0.0779278
0.0777233
0.0775185
0.0773134
0.077108
0.0769022
0.0766961
0.0764898
0.0762831
0.0760761
0.0758688
0.0756613
0.0754534
0.0752453
0.0750369
0.0748283
0.0746193
0.0744101
0.0742007
0.073991
0.073781
0.0735708
0.0733604
0.0731497
0.0729388
0.0727277
0.0725164
0.0723048
0.0720931
0.0718811
0.0716689
0.0714566
0.071244
0.0710313
0.0708184
0.0706053
0.070392
0.0701786
0.069965
0.0697512
0.0695373
0.0693233
0.0691091
0.0688947
0.0686803
0.0684657
0.0682509
0.0680361
0.0678211
0.0676061
0.0673909
0.0671756
0.0669603
0.0667448
0.0665293
0.0663136
0.0660979
0.0658822
0.0656663
0.0654504
0.0652345
0.0650184
0.0648024
0.0645863
0.0643701
0.064154
0.0639378
0.0637215
0.0635053
0.063289
0.0630728
0.0628565
0.0626402
0.062424
0.0622077
0.0619915
0.0617753
0.0615591
0.0613429
0.0611268
0.0609107
0.0606947
0.0604787
0.0602627
0.0600468
0.059831
0.0596153
0.0593996
0.059184
0.0589684
0.058753
0.0585377
0.0583224
0.0581073
0.0578922
0.0576773
0.0574625
0.0572478
0.0570332
0.0568188
0.0566045
0.0563903
0.0561763
0.0559625
0.0557487
0.0555352
0.0553218
0.0551086
0.0548955
0.0546827
0.05447
0.0542575
0.0540452
0.053833
0.0536211
0.0534094
0.0531979
0.0529866
0.0527756
0.0525647
0.0523541
0.0521437
0.0519336
0.0517237
0.0515141
0.0513047
0.0510955
0.0508867
0.0506781
0.0504697
0.0502617
0.0500539
0.0498464
0.0496392
0.0494323
0.0492257
0.0490194
0.0488134
0.0486077
0.0484023
0.0481973
0.0479925
0.0477881
0.0475841
0.0473804
0.047177
0.046974
0.0467713
0.046569
0.046367
0.0461655
0.0459642
0.0457634
0.045563
0.0453629
0.0451632
0.0449639
0.044765
0.0445665
0.0443684
0.0441708
0.0439735
0.0437767
0.0435803
0.0433843
0.0431887
0.0429936
0.0427989
0.0426047
0.0424109
0.0422176
0.0420248
0.0418324
0.0416404
0.041449
0.041258
0.0410675
0.0408775
0.0406879
0.0404989
0.0403103
0.0401223
0.0399348
0.0397477
0.0395612
0.0393752
0.0391898
0.0390048
0.0388204
0.0386365
0.0384532
0.0382704
0.0380881
0.0379064
0.0377252
0.0375446
0.0373646
0.0371851
0.0370063
0.0368279
0.0366502
0.036473
0.0362965
0.0361205
0.0359451
0.0357703
0.0355961
0.0354225
0.0352495
0.0350772
0.0349054
0.0347343
0.0345638
0.034394
0.0342247
0.0340561
0.0338882
0.0337208
0.0335542
0.0333882
0.0332228
0.0330581
0.032894
0.0327307
0.032568
0.0324059
0.0322446
0.0320839
0.0319239
0.0317646
0.031606
0.031448
0.0312908
0.0311343
0.0309785
0.0308234
0.030669
0.0305153
0.0303623
0.0302101
0.0300586
0.0299078
0.0297577
0.0296084
0.0294598
0.029312
0.0291649
0.0290185
0.028873
0.0287281
0.028584
0.0284407
0.0282982
0.0281564
0.0280154
0.0278751
0.0277357
0.027597
0.0274591
0.027322
0.0271856
0.0270501
0.0269154
0.0267814
0.0266483
0.026516
0.0263845
0.0262537
0.0261239
0.0259948
0.0258665
0.0257391
0.0256124
0.0254867
0.0253617
0.0252376
0.0251143
0.0249918
0.0248702
0.0247495
0.0246295
0.0245105
0.0243923
0.0242749
0.0241584
0.0240428
0.023928
0.0238141
0.023701
0.0235888
0.0234775
0.0233671
0.0232575
0.0231489
0.0230411
0.0229342
0.0228282
0.022723
0.0226188
0.0225154
0.022413
0.0223114
0.0222108
0.0221111
0.0220122
0.0219143
0.0218173
0.0217212
0.021626
0.0215317
0.0214383
0.0213459
0.0212544
0.0211638
0.0210741
0.0209854
0.0208976
0.0208107
0.0207247
0.0206397
0.0205557
0.0204725
0.0203904
0.0203091
0.0202288
0.0201495
0.0200711
0.0199936
0.0199171
0.0198416
0.019767
0.0196934
0.0196207
0.019549
0.0194782
0.0194085
0.0193396
0.0192718
0.0192049
0.019139
0.019074
0.0190101
0.0189471
0.0188851
0.018824
0.018764
0.0187049
0.0186468
0.0185897
0.0185335
0.0184784
0.0184242
0.018371
0.0183188
0.0182676
0.0182174
0.0181682
0.01812
0.0180727
0.0180265
0.0179813
0.017937
0.0178938
0.0178515
0.0178103
0.01777
0.0177308
0.0176926
0.0176553
0.0176191
0.0175839
0.0175496
0.0175164
0.0174842
0.017453
0.0174228
0.0173936
0.0173655
0.0173383
0.0173121
0.017287
0.0172629
0.0172398
0.0172177
0.0171966
0.0171765
0.0171575
0.0171394
0.0171224
0.0171064
0.0170914
0.0170774
0.0170645
0.0170525
0.0170416
0.0170317
0.0170228
0.0170149
0.0170081
0.0170022
0.0169974
0.0169936
0.0169909
0.0169891
0.0169884
0.0169886
0.0169899
0.0169923
0.0169956
0.0169999
0.0170053
0.0170117
0.0170191
0.0170276
0.017037
0.0170475
0.017059
0.0170715
0.017085
0.0170995
0.0171151
0.0171316
0.0171492
0.0171678
0.0171874
0.0172081
0.0172297
0.0172524
0.017276
0.0173007
0.0173264
0.0173531
0.0173808
0.0174096
0.0174393
0.0174701
0.0175018
0.0175346
0.0175683
0.0176031
0.0176389
0.0176757
0.0177135
0.0177523
0.0177921
0.0178329
0.0178747
0.0179175
0.0179613
0.018006
0.0180518
0.0180986
0.0181464
0.0181952
0.0182449
0.0182957
0.0183474
0.0184002
0.0184539
0.0185086
0.0185643
0.018621
0.0186786
0.0187373
0.0187969
0.0188575
0.0189191
0.0189816
0.0190452
0.0191097
0.0191751
0.0192416
0.019309
0.0193774
0.0194467
0.019517
0.0195883
0.0196606
0.0197338
0.0198079
0.019883
0.0199591
0.0200361
0.0201141
0.020193
0.0202729
0.0203537
0.0204354
0.0205182
0.0206018
0.0206864
0.0207719
0.0208583
0.0209457
0.0210341
0.0211233
0.0212135
0.0213046
0.0213966
0.0214895
0.0215834
0.0216782
0.0217739
0.0218705
0.021968
0.0220664
0.0221658
0.022266
0.0223672
0.0224692
0.0225721
0.022676
0.0227807
0.0228863
0.0229928
0.0231002
0.0232085
0.0233176
0.0234277
0.0235386
0.0236504
0.023763
0.0238765
0.0239909
0.0241062
0.0242223
0.0243393
0.0244571
0.0245758
0.0246953
0.0248157
0.0249369
0.025059
0.0251819
0.0253056
0.0254302
0.0255556
0.0256819
0.0258089
0.0259368
0.0260655
0.0261951
0.0263254
0.0264566
0.0265885
0.0267213
0.0268549
0.0269892
0.0271244
0.0272604
0.0273971
0.0275347
0.027673
0.0278121
0.027952
0.0280926
0.0282341
0.0283763
0.0285193
0.028663
0.0288075
0.0289527
0.0290987
0.0292455
0.029393
0.0295412
0.0296902
0.0298399
0.0299904
0.0301416
0.0302935
0.0304461
0.0305995
0.0307536
0.0309083
0.0310638
0.03122
0.031377
0.0315346
0.0316929
0.0318519
0.0320115
0.0321719
0.032333
0.0324947
0.0326571
0.0328202
0.0329839
0.0331483
0.0333134
0.0334791
0.0336455
0.0338125
0.0339802
0.0341485
0.0343174
0.034487
0.0346572
0.0348281
0.0349995
0.0351716
0.0353443
0.0355176
0.0356916
0.0358661
0.0360412
0.0362169
0.0363932
0.0365701
0.0367476
0.0369257
0.0371043
0.0372835
0.0374633
0.0376436
0.0378245
0.038006
0.038188
0.0383706
0.0385537
0.0387373
0.0389215
0.0391062
0.0392915
0.0394772
0.0396635
0.0398503
0.0400376
0.0402255
0.0404138
0.0406026
0.0407919
0.0409817
0.041172
0.0413628
0.041554
0.0417458
0.041938
0.0421306
0.0423237
0.0425173
0.0427114
0.0429058
0.0431008
0.0432961
0.0434919
0.0436881
0.0438848
0.0440819
0.0442794
0.0444773
0.0446756
0.0448743
0.0450734
0.0452729
0.0454728
0.0456731
0.0458738
0.0460748
0.0462763
0.046478
0.0466802
0.0468827
0.0470856
0.0472888
0.0474924
0.0476963
0.0479005
0.0481051
0.04831
0.0485153
0.0487208
0.0489267
0.0491328
0.0493393
0.0495461
0.0497532
0.0499605
0.0501682
0.0503761
0.0505844
0.0507928
0.0510016
0.0512106
0.0514199
0.0516294
0.0518392
0.0520492
0.0522595
0.05247
0.0526808
0.0528917
0.0531029
0.0533143
0.0535259
0.0537377
0.0539498
0.054162
0.0543744
0.054587
0.0547998
0.0550128
0.0552259
0.0554392
0.0556527
0.0558664
0.0560801
0.0562941
0.0565082
0.0567224
0.0569368
0.0571513
0.0573659
0.0575807
0.0577955
0.0580105
0.0582256
0.0584408
0.0586561
0.0588715
0.059087
0.0593025
0.0595182
0.0597339
0.0599497
0.0601655
0.0603814
0.0605974
0.0608134
0.0610295
0.0612456
0.0614617
0.0616779
0.0618941
0.0621103
0.0623265
0.0625428
0.0627591
0.0629753
0.0631916
0.0634078
0.0636241
0.0638403
0.0640565
0.0642727
0.0644888
0.0647049
0.064921
0.065137
0.065353
0.0655689
0.0657847
0.0660005
0.0662163
0.0664319
0.0666475
0.066863
0.0670784
0.0672937
0.0675089
0.067724
0.067939
0.0681539
0.0683686
0.0685833
0.0687978
0.0690122
0.0692264
0.0694405
0.0696545
0.0698683
0.070082
0.0702955
0.0705088
0.070722
0.070935
0.0711478
0.0713604
0.0715728
0.0717851
0.0719971
0.072209
0.0724206
0.0726321
0.0728433
0.0730543
0.073265
0.0734756
0.0736859
0.0738959
0.0741057
0.0743153
0.0745246
0.0747337
0.0749424
0.075151
0.0753592
0.0755672
0.0757749
0.0759823
0.0761894
0.0763962
0.0766027
0.0768089
0.0770148
0.0772204
0.0774257
0.0776306
0.0778353
0.0780395
0.0782435
0.0784471
0.0786504
0.0788533
0.0790558
0.079258
0.0794599
0.0796613
0.0798624
0.0800631
0.0802635
0.0804634
0.080663
0.0808622
0.0810609
0.0812593
0.0814572
0.0816548
0.0818519
0.0820486
0.0822449
0.0824407
0.0826361
0.0828311
0.0830256
0.0832197
0.0834134
0.0836065
0.0837992
0.0839915
0.0841833
0.0843746
0.0845654
0.0847558
0.0849456
0.085135
0.0853239
0.0855123
0.0857001
0.0858875
0.0860744
0.0862607
0.0864466
0.0866319
0.0868166
0.0870009
0.0871846
0.0873678
0.0875504
0.0877325
0.087914
0.088095
0.0882754
0.0884552
0.0886345
0.0888132
0.0889913
0.0891689
0.0893458
0.0895222
0.089698
0.0898732
0.0900478
0.0902218
0.0903952
0.0905679
0.0907401
0.0909116
0.0910825
0.0912528
0.0914225
0.0915915
0.0917599
0.0919276
0.0920947
0.0922612
0.092427
0.0925921
0.0927566
0.0929204
0.0930836
0.0932461
0.0934079
0.093569
0.0937295
0.0938892
0.0940483
0.0942067
0.0943644
0.0945214
0.0946776
0.0948332
0.0949881
0.0951422
0.0952957
0.0954484
0.0956004
0.0957517
0.0959022
0.096052
0.0962011
0.0963494
0.096497
0.0966438
0.0967899
0.0969353
0.0970799
0.0972237
0.0973667
0.097509
0.0976506
0.0977913
0.0979313
0.0980705
0.0982089
0.0983465
0.0984834
0.0986194
0.0987547
0.0988892
0.0990228
0.0991557
0.0992877
0.099419
0.0995494
0.0996791
0.0998079
0.0999358
0.100063
0.100189
0.100315
0.10044
0.100563
0.100686
0.100809
0.10093
0.10105
0.10117
0.101289
0.101407
0.101524
0.10164
0.101755
0.10187
0.101983
0.102096
0.102208
0.102319
0.102429
0.102538
0.102647
0.102754
0.102861
0.102967
0.103072
0.103175
0.103279
0.103381
0.103482
0.103582
0.103682
0.10378
0.103878
0.103975
0.10407
0.104165
0.104259
0.104352
0.104444
0.104536
0.104626
0.104715
0.104804
0.104891
0.104978
0.105063
0.105148
0.105232
0.105315
0.105397
0.105477
0.105557
0.105636
0.105715
0.105792
0.105868
0.105943
0.106017
0.106091
0.106163
0.106234
0.106305
0.106374
0.106443
0.10651
0.106577
0.106642
0.106707
0.106771
0.106833
0.106895
0.106956
0.107016
0.107074
0.107132
0.107189
0.107245
0.1073
0.107353
0.107406
0.107458
0.107509
0.107559
0.107608
0.107656
0.107703
0.107748
0.107793
0.107837
0.10788
0.107922
0.107963
0.108003
0.108042
0.10808
0.108117
0.108153
0.108187
0.108221
0.108254
0.108286
0.108317
0.108347
0.108376
0.108404
0.10843
0.108456
0.108481
0.108505
0.108528
0.108549
0.10857
0.10859
0.108608
0.108626
0.108643
0.108659
0.108673
0.108687
0.108699
0.108711
0.108722
0.108731
0.10874
0.108747
0.108754
0.108759
0.108764
0.108767
0.10877
0.108771
0.108772
0.108771
0.108769
0.108767
0.108763
0.108758
0.108753
0.108746
0.108738
0.108729
0.108719
0.108709
0.108697
0.108684
0.10867
0.108655
0.108639
0.108622
0.108605
0.108586
0.108566
0.108545
0.108523
0.1085
0.108476
0.108451
0.108425
0.108398
0.10837
0.10834
0.10831
0.108279
0.108247
0.108214
0.10818
0.108145
0.108109
0.108072
0.108034
0.107994
0.107954
0.107913
0.107871
0.107828
0.107784
0.107739
0.107693
0.107645
0.107597
0.107548
0.107498
0.107447
0.107395
0.107342
0.107288
0.107233
0.107177
0.10712
0.107062
0.107003
0.106943
0.106882
0.10682
0.106757
0.106693
0.106628
0.106563
0.106496
0.106428
0.106359
0.10629
0.106219
0.106147
0.106075
0.106001
0.105927
0.105852
0.105775
0.105698
0.105619
0.10554
0.10546
0.105379
0.105297
0.105214
0.10513
0.105045
0.104959
0.104872
0.104785
0.104696
0.104607
0.104516
0.104425
0.104332
0.104239
0.104145
0.10405
0.103954
0.103857
0.103759
0.10366
0.103561
0.10346
0.103359
0.103256
0.103153
0.103049
0.102944
0.102838
0.102731
0.102624
0.102515
0.102406
0.102295
0.102184
0.102072
0.101959
0.101845
0.101731
0.101615
0.101499
0.101381
0.101263
0.101144
0.101024
0.100904
0.100782
0.10066
0.100537
0.100413
0.100288
0.100162
0.100036
0.0999083
0.0997801
0.0996511
0.0995213
0.0993907
0.0992593
0.0991271
0.098994
0.0988602
0.0987256
0.0985901
0.0984539
0.0983169
0.0981791
0.0980405
0.0979011
0.097761
0.0976201
0.0974784
0.0973359
0.0971927
0.0970487
0.096904
0.0967585
0.0966122
0.0964652
0.0963175
0.096169
0.0960197
0.0958698
0.0957191
0.0955677
0.0954155
0.0952626
0.095109
0.0949547
0.0947997
0.094644
0.0944875
0.0943304
0.0941726
0.094014
0.0938548
0.0936949
0.0935343
0.093373
0.0932111
0.0930484
0.0928851
0.0927212
0.0925565
0.0923913
0.0922253
0.0920587
0.0918915
0.0917236
0.0915551
0.0913859
0.0912161
0.0910457
0.0908746
0.090703
0.0905307
0.0903578
0.0901843
0.0900101
0.0898354
0.0896601
0.0894842
0.0893077
0.0891306
0.0889529
0.0887747
0.0885958
0.0884164
0.0882365
0.0880559
0.0878748
0.0876932
0.087511
0.0873283
0.087145
0.0869611
0.0867768
0.0865919
0.0864065
0.0862205
0.0860341
0.0858471
0.0856596
0.0854716
0.0852831
0.0850942
0.0849047
0.0847147
0.0845243
0.0843333
0.0841419
0.08395
0.0837577
0.0835649
0.0833716
0.0831779
0.0829837
0.082789
0.082594
0.0823985
0.0822025
0.0820062
0.0818094
0.0816122
0.0814145
0.0812165
0.081018
0.0808192
0.0806199
0.0804203
0.0802203
0.0800198
0.079819
0.0796179
0.0794163
0.0792144
0.0790121
0.0788095
0.0786065
0.0784032
0.0781995
0.0779955
0.0777911
0.0775864
0.0773814
0.0771761
0.0769704
0.0767644
0.0765582
0.0763516
0.0761447
0.0759375
0.0757301
0.0755223
0.0753143
0.075106
0.0748974
0.0746885
0.0744794
0.0742701
0.0740604
0.0738506
0.0736405
0.0734301
0.0732195
0.0730087
0.0727977
0.0725864
0.072375
0.0721633
0.0719514
0.0717393
0.071527
0.0713145
0.0711019
0.070889
0.070676
0.0704628
0.0702494
0.0700359
0.0698222
0.0696083
0.0693943
0.0691802
0.0689659
0.0687515
0.068537
0.0683223
0.0681075
0.0678926
0.0676776
0.0674624
0.0672472
0.0670319
0.0668165
0.066601
0.0663854
0.0661697
0.065954
0.0657382
0.0655223
0.0653064
0.0650904
0.0648743
0.0646583
0.0644422
0.064226
0.0640098
0.0637936
0.0635774
0.0633611
0.0631449
0.0629286
0.0627124
0.0624961
0.0622799
0.0620636
0.0618474
0.0616312
0.0614151
0.0611989
0.0609828
0.0607668
0.0605508
0.0603348
0.0601189
0.0599031
0.0596873
0.0594716
0.059256
0.0590405
0.058825
0.0586096
0.0583944
0.0581792
0.0579641
0.0577492
0.0575343
0.0573196
0.057105
0.0568905
0.0566762
0.056462
0.0562479
0.056034
0.0558202
0.0556066
0.0553932
0.0551799
0.0549668
0.0547539
0.0545411
0.0543285
0.0541162
0.053904
0.053692
0.0534802
0.0532687
0.0530573
0.0528462
0.0526353
0.0524246
0.0522141
0.0520039
0.0517939
0.0515842
0.0513747
0.0511655
0.0509565
0.0507478
0.0505394
0.0503312
0.0501234
0.0499158
0.0497085
0.0495014
0.0492947
0.0490883
0.0488822
0.0486764
0.0484709
0.0482658
0.0480609
0.0478564
0.0476522
0.0474484
0.0472449
0.0470418
0.046839
0.0466365
0.0464344
0.0462327
0.0460314
0.0458304
0.0456298
0.0454296
0.0452298
0.0450304
0.0448313
0.0446327
0.0444345
0.0442367
0.0440393
0.0438423
0.0436457
0.0434496
0.0432539
0.0430586
0.0428638
0.0426694
0.0424755
0.042282
0.042089
0.0418964
0.0417043
0.0415127
0.0413215
0.0411309
0.0409407
0.040751
0.0405618
0.0403731
0.0401848
0.0399971
0.0398099
0.0396232
0.0394371
0.0392514
0.0390663
0.0388817
0.0386976
0.0385141
0.0383311
0.0381487
0.0379668
0.0377854
0.0376046
0.0374244
0.0372448
0.0370657
0.0368872
0.0367092
0.0365319
0.0363551
0.0361789
0.0360033
0.0358283
0.0356539
0.0354802
0.035307
0.0351344
0.0349625
0.0347911
0.0346204
0.0344503
0.0342809
0.0341121
0.0339439
0.0337764
0.0336095
0.0334433
0.0332777
0.0331128
0.0329485
0.0327849
0.032622
0.0324597
0.0322981
0.0321372
0.031977
0.0318175
0.0316586
0.0315005
0.031343
0.0311863
0.0310302
0.0308749
0.0307202
0.0305663
0.0304131
0.0302606
0.0301089
0.0299579
0.0298076
0.029658
0.0295092
0.0293611
0.0292137
0.0290672
0.0289213
0.0287762
0.0286319
0.0284883
0.0283455
0.0282035
0.0280622
0.0279217
0.027782
0.0276431
0.0275049
0.0273675
0.027231
0.0270952
0.0269602
0.026826
0.0266926
0.02656
0.0264282
0.0262972
0.0261671
0.0260377
0.0259092
0.0257815
0.0256546
0.0255285
0.0254033
0.0252789
0.0251553
0.0250326
0.0249107
0.0247897
0.0246695
0.0245501
0.0244316
0.024314
0.0241972
0.0240813
0.0239662
0.023852
0.0237387
0.0236262
0.0235146
0.0234039
0.023294
0.0231851
0.023077
0.0229698
0.0228635
0.0227581
0.0226535
0.0225499
0.0224471
0.0223453
0.0222443
0.0221443
0.0220452
0.0219469
0.0218496
0.0217532
0.0216577
0.0215631
0.0214694
0.0213767
0.0212849
0.021194
0.021104
0.0210149
0.0209268
0.0208396
0.0207534
0.0206681
0.0205837
0.0205002
0.0204177
0.0203362
0.0202556
0.0201759
0.0200972
0.0200194
0.0199426
0.0198667
0.0197918
0.0197179
0.0196449
0.0195729
0.0195018
0.0194317
0.0193625
0.0192944
0.0192272
0.0191609
0.0190957
0.0190314
0.018968
0.0189057
0.0188443
0.0187839
0.0187245
0.0186661
0.0186086
0.0185522
0.0184967
0.0184422
0.0183887
0.0183362
0.0182846
0.0182341
0.0181845
0.018136
0.0180884
0.0180418
0.0179963
0.0179517
0.0179081
0.0178655
0.0178239
0.0177834
0.0177438
0.0177052
0.0176676
0.0176311
0.0175955
0.0175609
0.0175274
0.0174948
0.0174633
0.0174328
0.0174032
0.0173747
0.0173472
0.0173207
0.0172953
0.0172708
0.0172473
0.0172249
0.0172035
0.0171831
0.0171637
0.0171453
0.0171279
0.0171116
0.0170962
0.0170819
0.0170686
0.0170563
0.0170451
0.0170348
0.0170256
0.0170174
0.0170102
0.017004
0.0169989
0.0169947
0.0169916
0.0169895
0.0169884
0.0169884
0.0169893
0.0169913
0.0169943
0.0169983
0.0170034
0.0170094
0.0170165
0.0170246
0.0170337
0.0170438
0.017055
0.0170671
0.0170803
0.0170945
0.0171097
0.0171259
0.0171432
0.0171615
0.0171807
0.017201
0.0172223
0.0172446
0.017268
0.0172923
0.0173177
0.0173441
0.0173714
0.0173998
0.0174292
0.0174596
0.0174911
0.0175235
0.0175569
0.0175914
0.0176268
0.0176633
0.0177007
0.0177392
0.0177787
0.0178191
0.0178606
0.017903
0.0179465
0.017991
0.0180364
0.0180829
0.0181303
0.0181788
0.0182282
0.0182786
0.0183301
0.0183825
0.0184359
0.0184902
0.0185456
0.018602
0.0186593
0.0187176
0.0187769
0.0188372
0.0188984
0.0189607
0.0190239
0.0190881
0.0191532
0.0192193
0.0192864
0.0193545
0.0194235
0.0194935
0.0195645
0.0196364
0.0197093
0.0197831
0.0198579
0.0199336
0.0200103
0.020088
0.0201666
0.0202462
0.0203267
0.0204081
0.0204905
0.0205738
0.0206581
0.0207433
0.0208295
0.0209165
0.0210045
0.0210935
0.0211833
0.0212741
0.0213659
0.0214585
0.0215521
0.0216465
0.0217419
0.0218382
0.0219354
0.0220336
0.0221326
0.0222325
0.0223334
0.0224351
0.0225378
0.0226413
0.0227457
0.022851
0.0229573
0.0230644
0.0231723
0.0232812
0.0233909
0.0235016
0.023613
0.0237254
0.0238386
0.0239527
0.0240677
0.0241835
0.0243002
0.0244178
0.0245362
0.0246554
0.0247755
0.0248964
0.0250182
0.0251409
0.0252643
0.0253886
0.0255138
0.0256397
0.0257665
0.0258941
0.0260226
0.0261518
0.0262819
0.0264128
0.0265445
0.026677
0.0268103
0.0269444
0.0270793
0.027215
0.0273515
0.0274887
0.0276268
0.0277657
0.0279053
0.0280457
0.0281869
0.0283288
0.0284715
0.028615
0.0287592
0.0289042
0.02905
0.0291965
0.0293437
0.0294917
0.0296405
0.02979
0.0299402
0.0300911
0.0302428
0.0303952
0.0305483
0.0307021
0.0308567
0.0310119
0.0311679
0.0313246
0.0314819
0.03164
0.0317988
0.0319582
0.0321184
0.0322792
0.0324407
0.0326029
0.0327657
0.0329292
0.0330934
0.0332583
0.0334238
0.0335899
0.0337567
0.0339242
0.0340923
0.034261
0.0344304
0.0346004
0.034771
0.0349423
0.0351142
0.0352867
0.0354598
0.0356335
0.0358078
0.0359827
0.0361583
0.0363344
0.0365111
0.0366884
0.0368662
0.0370447
0.0372237
0.0374033
0.0375834
0.0377642
0.0379454
0.0381273
0.0383096
0.0384926
0.038676
0.03886
0.0390446
0.0392296
0.0394152
0.0396013
0.039788
0.0399751
0.0401628
0.0403509
0.0405396
0.0407287
0.0409184
0.0411085
0.0412991
0.0414902
0.0416818
0.0418738
0.0420663
0.0422593
0.0424527
0.0426466
0.0428409
0.0430357
0.0432309
0.0434266
0.0436227
0.0438192
0.0440161
0.0442135
0.0444112
0.0446094
0.044808
0.045007
0.0452064
0.0454061
0.0456063
0.0458068
0.0460078
0.0462091
0.0464107
0.0466128
0.0468152
0.0470179
0.047221
0.0474245
0.0476283
0.0478324
0.0480369
0.0482417
0.0484468
0.0486523
0.048858
0.0490641
0.0492705
0.0494771
0.0496841
0.0498914
0.050099
0.0503068
0.0505149
0.0507233
0.050932
0.0511409
0.0513501
0.0515596
0.0517693
0.0519792
0.0521894
0.0523998
0.0526105
0.0528214
0.0530325
0.0532438
0.0534554
0.0536671
0.0538791
0.0540912
0.0543036
0.0545161
0.0547289
0.0549418
0.0551549
0.0553681
0.0555815
0.0557951
0.0560089
0.0562228
0.0564368
0.056651
0.0568653
0.0570798
0.0572944
0.0575091
0.0577239
0.0579389
0.0581539
0.0583691
0.0585844
0.0587997
0.0590152
0.0592307
0.0594463
0.059662
0.0598778
0.0600936
0.0603095
0.0605254
0.0607414
0.0609575
0.0611736
0.0613897
0.0616058
0.061822
0.0620382
0.0622545
0.0624707
0.062687
0.0629032
0.0631195
0.0633357
0.063552
0.0637682
0.0639844
0.0642006
0.0644168
0.0646329
0.064849
0.065065
0.065281
0.0654969
0.0657128
0.0659286
0.0661444
0.06636
0.0665756
0.0667912
0.0670066
0.0672219
0.0674372
0.0676523
0.0678673
0.0680822
0.0682971
0.0685117
0.0687263
0.0689407
0.069155
0.0693692
0.0695832
0.0697971
0.0700108
0.0702243
0.0704377
0.0706509
0.070864
0.0710769
0.0712896
0.0715021
0.0717144
0.0719265
0.0721384
0.0723501
0.0725616
0.0727729
0.072984
0.0731948
0.0734054
0.0736158
0.0738259
0.0740358
0.0742455
0.0744549
0.074664
0.0748729
0.0750815
0.0752898
0.0754979
0.0757057
0.0759132
0.0761204
0.0763273
0.0765339
0.0767402
0.0769462
0.0771519
0.0773573
0.0775623
0.0777671
0.0779715
0.0781755
0.0783793
0.0785826
0.0787857
0.0789883
0.0791907
0.0793926
0.0795942
0.0797954
0.0799963
0.0801967
0.0803968
0.0805965
0.0807958
0.0809947
0.0811932
0.0813913
0.081589
0.0817862
0.0819831
0.0821795
0.0823755
0.082571
0.0827662
0.0829608
0.0831551
0.0833489
0.0835422
0.0837351
0.0839275
0.0841194
0.0843109
0.0845019
0.0846924
0.0848824
0.0850719
0.085261
0.0854495
0.0856376
0.0858251
0.0860121
0.0861987
0.0863847
0.0865701
0.0867551
0.0869395
0.0871234
0.0873068
0.0874896
0.0876718
0.0878535
0.0880347
0.0882153
0.0883953
0.0885748
0.0887537
0.088932
0.0891098
0.0892869
0.0894635
0.0896395
0.0898149
0.0899897
0.0901638
0.0903374
0.0905104
0.0906828
0.0908545
0.0910256
0.0911961
0.091366
0.0915352
0.0917038
0.0918718
0.0920391
0.0922058
0.0923718
0.0925372
0.0927019
0.0928659
0.0930293
0.093192
0.093354
0.0935154
0.0936761
0.093836
0.0939954
0.094154
0.0943119
0.0944691
0.0946256
0.0947814
0.0949365
0.0950909
0.0952446
0.0953976
0.0955498
0.0957013
0.0958521
0.0960022
0.0961515
0.0963001
0.0964479
0.096595
0.0967413
0.0968869
0.0970318
0.0971758
0.0973191
0.0974617
0.0976035
0.0977445
0.0978847
0.0980242
0.0981629
0.0983008
0.0984379
0.0985742
0.0987097
0.0988444
0.0989784
0.0991115
0.0992438
0.0993753
0.099506
0.0996359
0.099765
0.0998933
0.100021
0.100147
0.100273
0.100398
0.100522
0.100645
0.100768
0.10089
0.10101
0.10113
0.101249
0.101367
0.101485
0.101601
0.101717
0.101832
0.101946
0.102059
0.102171
0.102282
0.102393
0.102502
0.102611
0.102719
0.102826
0.102932
0.103037
0.103141
0.103244
0.103347
0.103448
0.103549
0.103649
0.103747
0.103845
0.103942
0.104039
0.104134
0.104228
0.104321
0.104414
0.104505
0.104596
0.104686
0.104774
0.104862
0.104949
0.105035
0.10512
0.105204
0.105287
0.105369
0.105451
0.105531
0.10561
0.105689
0.105766
0.105843
0.105918
0.105993
0.106066
0.106139
0.106211
0.106281
0.106351
0.10642
0.106488
0.106555
0.106621
0.106686
0.10675
0.106813
0.106875
0.106936
0.106996
0.107055
0.107113
0.10717
0.107226
0.107281
0.107336
0.107389
0.107441
0.107492
0.107542
0.107592
0.10764
0.107687
0.107733
0.107779
0.107823
0.107866
0.107908
0.107949
0.10799
0.108029
0.108067
0.108104
0.108141
0.108176
0.10821
0.108243
0.108276
0.108307
0.108337
0.108366
0.108394
0.108422
0.108448
0.108473
0.108497
0.10852
0.108542
0.108563
0.108583
0.108602
0.10862
0.108637
0.108653
0.108668
0.108682
0.108695
0.108707
0.108718
0.108728
0.108737
0.108745
0.108752
0.108758
0.108762
0.108766
0.108769
0.108771
0.108771
0.108771
0.10877
0.108768
0.108764
0.10876
0.108755
0.108748
0.108741
0.108732
0.108723
0.108712
0.108701
0.108688
0.108675
0.10866
0.108645
0.108628
0.108611
0.108592
0.108572
0.108552
0.10853
0.108507
0.108484
0.108459
0.108433
0.108407
0.108379
0.10835
0.108321
0.10829
0.108258
0.108225
0.108191
0.108157
0.108121
0.108084
0.108046
0.108008
0.107968
0.107927
0.107885
0.107842
0.107799
0.107754
0.107708
0.107661
0.107613
0.107565
0.107515
0.107464
0.107412
0.10736
0.107306
0.107251
0.107196
0.107139
0.107081
0.107023
0.106963
0.106902
0.106841
0.106778
0.106715
0.10665
0.106585
0.106518
0.106451
0.106382
0.106313
0.106243
0.106171
0.106099
0.106026
0.105952
0.105877
0.105801
0.105724
0.105646
0.105567
0.105487
0.105406
0.105324
0.105242
0.105158
0.105073
0.104988
0.104901
0.104814
0.104726
0.104636
0.104546
0.104455
0.104363
0.10427
0.104176
0.104082
0.103986
0.103889
0.103792
0.103693
0.103594
0.103494
0.103393
0.103291
0.103188
0.103084
0.102979
0.102873
0.102767
0.10266
0.102551
0.102442
0.102332
0.102221
0.102109
0.101997
0.101883
0.101769
0.101654
0.101537
0.10142
0.101303
0.101184
0.101064
0.100944
0.100823
0.100701
0.100578
0.100454
0.10033
0.100204
0.100078
0.0999508
0.0998229
0.0996942
0.0995647
0.0994344
0.0993032
0.0991712
0.0990385
0.0989049
0.0987705
0.0986354
0.0984994
0.0983627
0.0982251
0.0980868
0.0979477
0.0978078
0.0976671
0.0975257
0.0973835
0.0972405
0.0970968
0.0969523
0.0968071
0.0966611
0.0965143
0.0963668
0.0962186
0.0960696
0.0959198
0.0957694
0.0956182
0.0954663
0.0953137
0.0951603
0.0950062
0.0948514
0.094696
0.0945398
0.0943828
0.0942252
0.0940669
0.0939079
0.0937483
0.0935879
0.0934268
0.0932651
0.0931027
0.0929396
0.0927759
0.0926115
0.0924464
0.0922807
0.0921143
0.0919473
0.0917796
0.0916113
0.0914424
0.0912728
0.0911026
0.0909317
0.0907603
0.0905882
0.0904155
0.0902422
0.0900683
0.0898937
0.0897186
0.0895429
0.0893666
0.0891897
0.0890122
0.0888341
0.0886555
0.0884763
0.0882965
0.0881162
0.0879353
0.0877538
0.0875718
0.0873892
0.0872061
0.0870225
0.0868383
0.0866536
0.0864683
0.0862826
0.0860963
0.0859095
0.0857222
0.0855344
0.085346
0.0851572
0.0849679
0.0847781
0.0845878
0.084397
0.0842058
0.084014
0.0838218
0.0836292
0.0834361
0.0832425
0.0830485
0.082854
0.0826591
0.0824637
0.0822679
0.0820717
0.081875
0.0816779
0.0814805
0.0812825
0.0810842
0.0808855
0.0806864
0.0804869
0.080287
0.0800867
0.079886
0.079685
0.0794835
0.0792817
0.0790796
0.0788771
0.0786742
0.078471
0.0782674
0.0780635
0.0778593
0.0776547
0.0774498
0.0772445
0.077039
0.0768331
0.0766269
0.0764205
0.0762137
0.0760066
0.0757992
0.0755916
0.0753836
0.0751754
0.0749669
0.0747582
0.0745492
0.0743399
0.0741304
0.0739206
0.0737105
0.0735003
0.0732898
0.073079
0.0728681
0.0726569
0.0724455
0.0722339
0.072022
0.07181
0.0715978
0.0713854
0.0711728
0.07096
0.070747
0.0705339
0.0703205
0.0701071
0.0698934
0.0696796
0.0694657
0.0692516
0.0690374
0.068823
0.0686085
0.0683939
0.0681791
0.0679642
0.0677492
0.0675342
0.067319
0.0671037
0.0668883
0.0666728
0.0664572
0.0662416
0.0660259
0.0658101
0.0655943
0.0653783
0.0651624
0.0649464
0.0647303
0.0645142
0.0642981
0.0640819
0.0638657
0.0636495
0.0634332
0.063217
0.0630007
0.0627845
0.0625682
0.062352
0.0621357
0.0619195
0.0617033
0.0614871
0.061271
0.0610549
0.0608388
0.0606228
0.0604068
0.0601909
0.059975
0.0597592
0.0595435
0.0593279
0.0591123
0.0588968
0.0586814
0.0584661
0.0582509
0.0580358
0.0578208
0.0576059
0.0573912
0.0571765
0.056962
0.0567476
0.0565334
0.0563192
0.0561053
0.0558915
0.0556778
0.0554643
0.055251
0.0550378
0.0548248
0.054612
0.0543994
0.0541869
0.0539747
0.0537626
0.0535508
0.0533392
0.0531277
0.0529165
0.0527055
0.0524948
0.0522842
0.0520739
0.0518639
0.0516541
0.0514445
0.0512352
0.0510261
0.0508174
0.0506088
0.0504006
0.0501926
0.0499849
0.0497775
0.0495704
0.0493636
0.0491571
0.0489509
0.048745
0.0485394
0.0483341
0.0481292
0.0479245
0.0477203
0.0475163
0.0473127
0.0471094
0.0469065
0.046704
0.0465018
0.0462999
0.0460985
0.0458974
0.0456967
0.0454963
0.0452964
0.0450968
0.0448976
0.0446989
0.0445005
0.0443026
0.044105
0.0439079
0.0437112
0.0435149
0.0433191
0.0431237
0.0429287
0.0427342
0.0425401
0.0423464
0.0421533
0.0419606
0.0417683
0.0415765
0.0413852
0.0411944
0.041004
0.0408142
0.0406248
0.0404359
0.0402475
0.0400596
0.0398723
0.0396854
0.0394991
0.0393132
0.0391279
0.0389432
0.0387589
0.0385752
0.038392
0.0382094
0.0380273
0.0378458
0.0376648
0.0374844
0.0373046
0.0371253
0.0369466
0.0367685
0.0365909
0.036414
0.0362376
0.0360618
0.0358866
0.035712
0.035538
0.0353646
0.0351919
0.0350197
0.0348482
0.0346773
0.034507
0.0343373
0.0341683
0.0339999
0.0338321
0.033665
0.0334986
0.0333328
0.0331677
0.0330032
0.0328393
0.0326762
0.0325137
0.0323519
0.0321908
0.0320303
0.0318706
0.0317115
0.0315531
0.0313954
0.0312384
0.0310821
0.0309266
0.0307717
0.0306175
0.0304641
0.0303114
0.0301594
0.0300081
0.0298576
0.0297078
0.0295587
0.0294104
0.0292628
0.0291159
0.0289698
0.0288245
0.0286799
0.0285361
0.028393
0.0282508
0.0281092
0.0279685
0.0278285
0.0276893
0.0275509
0.0274132
0.0272764
0.0271403
0.0270051
0.0268706
0.026737
0.0266041
0.026472
0.0263408
0.0262104
0.0260807
0.0259519
0.0258239
0.0256968
0.0255704
0.0254449
0.0253203
0.0251964
0.0250734
0.0249512
0.0248299
0.0247094
0.0245898
0.024471
0.0243531
0.024236
0.0241198
0.0240045
0.02389
0.0237763
0.0236636
0.0235517
0.0234407
0.0233306
0.0232213
0.0231129
0.0230054
0.0228988
0.0227931
0.0226883
0.0225843
0.0224813
0.0223791
0.0222779
0.0221775
0.0220781
0.0219796
0.0218819
0.0217852
0.0216894
0.0215945
0.0215006
0.0214075
0.0213154
0.0212242
0.0211339
0.0210445
0.0209561
0.0208686
0.020782
0.0206964
0.0206117
0.020528
0.0204451
0.0203633
0.0202823
0.0202024
0.0201233
0.0200452
0.0199681
0.0198919
0.0198167
0.0197424
0.0196691
0.0195968
0.0195254
0.0194549
0.0193855
0.019317
0.0192495
0.0191829
0.0191173
0.0190527
0.018989
0.0189264
0.0188647
0.018804
0.0187442
0.0186855
0.0186277
0.0185709
0.0185151
0.0184602
0.0184064
0.0183536
0.0183017
0.0182508
0.0182009
0.018152
0.0181041
0.0180572
0.0180113
0.0179664
0.0179225
0.0178796
0.0178377
0.0177968
0.0177569
0.0177179
0.01768
0.0176431
0.0176072
0.0175723
0.0175384
0.0175056
0.0174737
0.0174428
0.017413
0.0173841
0.0173563
0.0173294
0.0173036
0.0172788
0.017255
0.0172323
0.0172105
0.0171897
0.01717
0.0171513
0.0171336
0.0171169
0.0171012
0.0170866
0.0170729
0.0170603
0.0170487
0.0170381
0.0170286
0.01702
0.0170125
0.017006
0.0170005
0.016996
0.0169925
0.0169901
0.0169887
0.0169883
0.0169889
0.0169905
0.0169932
0.0169969
0.0170016
0.0170073
0.017014
0.0170218
0.0170305
0.0170403
0.0170511
0.017063
0.0170758
0.0170897
0.0171045
0.0171204
0.0171373
0.0171552
0.0171742
0.0171941
0.0172151
0.0172371
0.0172601
0.0172841
0.0173091
0.0173352
0.0173622
0.0173903
0.0174193
0.0174494
0.0174805
0.0175126
0.0175457
0.0175798
0.0176149
0.017651
0.0176881
0.0177263
0.0177654
0.0178055
0.0178466
0.0178888
0.0179319
0.017976
0.0180212
0.0180673
0.0181144
0.0181625
0.0182116
0.0182617
0.0183128
0.0183649
0.0184179
0.018472
0.018527
0.0185831
0.0186401
0.0186981
0.018757
0.018817
0.0188779
0.0189398
0.0190027
0.0190666
0.0191314
0.0191972
0.019264
0.0193317
0.0194004
0.0194701
0.0195407
0.0196123
0.0196849
0.0197584
0.0198329
0.0199083
0.0199847
0.020062
0.0201403
0.0202195
0.0202997
0.0203809
0.0204629
0.020546
0.0206299
0.0207148
0.0208006
0.0208874
0.0209751
0.0210637
0.0211533
0.0212438
0.0213352
0.0214275
0.0215208
0.0216149
0.02171
0.021806
0.0219029
0.0220008
0.0220995
0.0221991
0.0222997
0.0224011
0.0225035
0.0226067
0.0227108
0.0228158
0.0229218
0.0230286
0.0231362
0.0232448
0.0233543
0.0234646
0.0235758
0.0236879
0.0238008
0.0239146
0.0240293
0.0241448
0.0242612
0.0243785
0.0244966
0.0246156
0.0247354
0.024856
0.0249775
0.0250999
0.0252231
0.0253471
0.025472
0.0255976
0.0257242
0.0258515
0.0259797
0.0261086
0.0262384
0.0263691
0.0265005
0.0266327
0.0267657
0.0268996
0.0270342
0.0271697
0.0273059
0.0274429
0.0275807
0.0277193
0.0278586
0.0279988
0.0281397
0.0282814
0.0284239
0.0285671
0.0287111
0.0288558
0.0290013
0.0291476
0.0292946
0.0294423
0.0295908
0.02974
0.02989
0.0300407
0.0301921
0.0303443
0.0304972
0.0306508
0.0308051
0.0309601
0.0311158
0.0312723
0.0314294
0.0315872
0.0317458
0.031905
0.0320649
0.0322255
0.0323868
0.0325487
0.0327114
0.0328747
0.0330386
0.0332032
0.0333685
0.0335345
0.0337011
0.0338683
0.0340362
0.0342047
0.0343739
0.0345437
0.0347141
0.0348851
0.0350568
0.0352291
0.035402
0.0355755
0.0357496
0.0359244
0.0360997
0.0362756
0.0364521
0.0366292
0.0368069
0.0369851
0.037164
0.0373434
0.0375233
0.0377039
0.0378849
0.0380666
0.0382488
0.0384315
0.0386148
0.0387986
0.038983
0.0391679
0.0393533
0.0395393
0.0397257
0.0399127
0.0401002
0.0402882
0.0404766
0.0406656
0.0408551
0.0410451
0.0412355
0.0414265
0.0416179
0.0418098
0.0420021
0.0421949
0.0423882
0.0425819
0.0427761
0.0429707
0.0431658
0.0433613
0.0435573
0.0437536
0.0439504
0.0441476
0.0443453
0.0445433
0.0447418
0.0449406
0.0451399
0.0453395
0.0455395
0.04574
0.0459407
0.0461419
0.0463435
0.0465454
0.0467477
0.0469503
0.0471533
0.0473566
0.0475603
0.0477643
0.0479687
0.0481734
0.0483784
0.0485837
0.0487894
0.0489954
0.0492016
0.0494082
0.0496151
0.0498223
0.0500297
0.0502375
0.0504455
0.0506538
0.0508624
0.0510712
0.0512804
0.0514897
0.0516993
0.0519092
0.0521193
0.0523297
0.0525402
0.0527511
0.0529621
0.0531734
0.0533848
0.0535965
0.0538084
0.0540205
0.0542328
0.0544453
0.0546579
0.0548708
0.0550838
0.055297
0.0555104
0.0557239
0.0559376
0.0561515
0.0563655
0.0565796
0.0567939
0.0570083
0.0572228
0.0574375
0.0576523
0.0578672
0.0580822
0.0582974
0.0585126
0.0587279
0.0589433
0.0591588
0.0593744
0.0595901
0.0598058
0.0600216
0.0602375
0.0604534
0.0606694
0.0608854
0.0611015
0.0613176
0.0615338
0.06175
0.0619662
0.0621824
0.0623986
0.0626149
0.0628312
0.0630474
0.0632637
0.0634799
0.0636961
0.0639124
0.0641286
0.0643447
0.0645608
0.0647769
0.064993
0.065209
0.065425
0.0656409
0.0658567
0.0660725
0.0662882
0.0665038
0.0667193
0.0669348
0.0671501
0.0673654
0.0675806
0.0677957
0.0680106
0.0682255
0.0684402
0.0686548
0.0688693
0.0690836
0.0692978
0.0695119
0.0697258
0.0699396
0.0701532
0.0703666
0.0705799
0.070793
0.0710059
0.0712187
0.0714312
0.0716436
0.0718558
0.0720678
0.0722796
0.0724911
0.0727025
0.0729136
0.0731245
0.0733352
0.0735457
0.0737559
0.0739659
0.0741756
0.0743851
0.0745943
0.0748033
0.075012
0.0752204
0.0754286
0.0756364
0.075844
0.0760513
0.0762583
0.0764651
0.0766715
0.0768776
0.0770834
0.0772889
0.077494
0.0776989
0.0779034
0.0781076
0.0783114
0.0785149
0.078718
0.0789208
0.0791233
0.0793253
0.0795271
0.0797284
0.0799294
0.08013
0.0803302
0.08053
0.0807294
0.0809284
0.0811271
0.0813253
0.0815231
0.0817205
0.0819175
0.0821141
0.0823102
0.0825059
0.0827012
0.082896
0.0830904
0.0832843
0.0834778
0.0836708
0.0838634
0.0840555
0.0842471
0.0844382
0.0846289
0.0848191
0.0850088
0.085198
0.0853867
0.0855749
0.0857627
0.0859499
0.0861365
0.0863227
0.0865084
0.0866935
0.0868781
0.0870622
0.0872457
0.0874287
0.0876111
0.087793
0.0879744
0.0881551
0.0883354
0.088515
0.0886941
0.0888726
0.0890506
0.0892279
0.0894047
0.0895809
0.0897565
0.0899315
0.0901059
0.0902796
0.0904528
0.0906254
0.0907973
0.0909687
0.0911394
0.0913094
0.0914789
0.0916477
0.0918159
0.0919834
0.0921503
0.0923165
0.0924821
0.092647
0.0928113
0.0929749
0.0931378
0.0933001
0.0934617
0.0936226
0.0937828
0.0939423
0.0941012
0.0942593
0.0944168
0.0945735
0.0947296
0.0948849
0.0950396
0.0951935
0.0953467
0.0954992
0.0956509
0.0958019
0.0959522
0.0961018
0.0962506
0.0963987
0.096546
0.0966926
0.0968385
0.0969836
0.0971279
0.0972715
0.0974143
0.0975563
0.0976976
0.0978381
0.0979778
0.0981167
0.0982549
0.0983922
0.0985288
0.0986646
0.0987996
0.0989338
0.0990672
0.0991998
0.0993316
0.0994626
0.0995927
0.0997221
0.0998506
0.0999783
0.100105
0.100231
0.100357
0.100481
0.100604
0.100727
0.100849
0.10097
0.10109
0.10121
0.101328
0.101446
0.101563
0.101679
0.101794
0.101908
0.102021
0.102134
0.102245
0.102356
0.102466
0.102575
0.102683
0.10279
0.102896
0.103002
0.103106
0.10321
0.103313
0.103415
0.103515
0.103615
0.103715
0.103813
0.10391
0.104007
0.104102
0.104197
0.10429
0.104383
0.104475
0.104566
0.104656
0.104745
0.104833
0.10492
0.105006
0.105092
0.105176
0.10526
0.105342
0.105424
0.105504
0.105584
0.105663
0.10574
0.105817
0.105893
0.105968
0.106042
0.106115
0.106187
0.106258
0.106328
0.106397
0.106465
0.106533
0.106599
0.106664
0.106728
0.106792
0.106854
0.106915
0.106976
0.107035
0.107094
0.107151
0.107208
0.107263
0.107318
0.107371
0.107424
0.107475
0.107526
0.107575
0.107624
0.107671
0.107718
0.107764
0.107808
0.107852
0.107894
0.107936
0.107976
0.108016
0.108055
0.108092
0.108129
0.108164
0.108199
0.108232
0.108265
0.108297
0.108327
0.108357
0.108385
0.108413
0.108439
0.108465
0.108489
0.108512
0.108535
0.108556
0.108577
0.108596
0.108615
0.108632
0.108648
0.108664
0.108678
0.108691
0.108703
0.108715
0.108725
0.108734
0.108742
0.10875
0.108756
0.108761
0.108765
0.108768
0.10877
0.108771
0.108771
0.10877
0.108768
0.108765
0.108761
0.108756
0.10875
0.108743
0.108735
0.108726
0.108716
0.108705
0.108693
0.108679
0.108665
0.10865
0.108634
0.108617
0.108598
0.108579
0.108559
0.108537
0.108515
0.108492
0.108467
0.108442
0.108416
0.108388
0.10836
0.108331
0.1083
0.108269
0.108236
0.108203
0.108168
0.108133
0.108097
0.108059
0.108021
0.107981
0.107941
0.107899
0.107857
0.107813
0.107769
0.107723
0.107677
0.107629
0.107581
0.107532
0.107481
0.10743
0.107377
0.107324
0.10727
0.107214
0.107158
0.107101
0.107042
0.106983
0.106923
0.106861
0.106799
0.106736
0.106672
0.106607
0.10654
0.106473
0.106405
0.106336
0.106266
0.106195
0.106123
0.106051
0.105977
0.105902
0.105826
0.105749
0.105672
0.105593
0.105514
0.105433
0.105352
0.105269
0.105186
0.105102
0.105016
0.10493
0.104843
0.104755
0.104666
0.104576
0.104486
0.104394
0.104301
0.104208
0.104113
0.104018
0.103922
0.103824
0.103726
0.103627
0.103527
0.103426
0.103325
0.103222
0.103118
0.103014
0.102909
0.102803
0.102695
0.102587
0.102479
0.102369
0.102258
0.102147
0.102034
0.101921
0.101807
0.101692
0.101576
0.10146
0.101342
0.101224
0.101104
0.100984
0.100863
0.100742
0.100619
0.100495
0.100371
0.100246
0.10012
0.0999933
0.0998657
0.0997372
0.099608
0.0994779
0.099347
0.0992153
0.0990828
0.0989495
0.0988154
0.0986805
0.0985448
0.0984083
0.098271
0.098133
0.0979941
0.0978545
0.0977141
0.0975729
0.097431
0.0972883
0.0971448
0.0970006
0.0968556
0.0967098
0.0965633
0.096416
0.0962681
0.0961193
0.0959698
0.0958196
0.0956687
0.095517
0.0953646
0.0952115
0.0950577
0.0949031
0.0947479
0.0945919
0.0944352
0.0942779
0.0941198
0.093961
0.0938016
0.0936414
0.0934806
0.0933191
0.0931569
0.0929941
0.0928306
0.0926664
0.0925015
0.092336
0.0921699
0.092003
0.0918356
0.0916675
0.0914988
0.0913294
0.0911594
0.0909887
0.0908175
0.0906456
0.0904731
0.0903
0.0901263
0.089952
0.0897771
0.0896015
0.0894254
0.0892487
0.0890714
0.0888936
0.0887151
0.0885361
0.0883565
0.0881763
0.0879956
0.0878144
0.0876325
0.0874501
0.0872672
0.0870838
0.0868998
0.0867152
0.0865301
0.0863446
0.0861584
0.0859718
0.0857847
0.085597
0.0854089
0.0852202
0.0850311
0.0848414
0.0846513
0.0844607
0.0842696
0.084078
0.083886
0.0836935
0.0835005
0.0833071
0.0831132
0.0829189
0.0827241
0.0825289
0.0823332
0.0821371
0.0819406
0.0817437
0.0815463
0.0813486
0.0811504
0.0809518
0.0807528
0.0805534
0.0803537
0.0801535
0.0799529
0.079752
0.0795507
0.0793491
0.079147
0.0789446
0.0787419
0.0785388
0.0783353
0.0781315
0.0779274
0.0777229
0.0775181
0.077313
0.0771075
0.0769018
0.0766957
0.0764893
0.0762826
0.0760757
0.0758684
0.0756608
0.075453
0.0752449
0.0750365
0.0748278
0.0746189
0.0744097
0.0742002
0.0739905
0.0737806
0.0735704
0.07336
0.0731493
0.0729384
0.0727273
0.072516
0.0723044
0.0720927
0.0718807
0.0716686
0.0714562
0.0712437
0.0710309
0.070818
0.0706049
0.0703917
0.0701782
0.0699647
0.0697509
0.069537
0.069323
0.0691088
0.0688945
0.06868
0.0684654
0.0682507
0.0680359
0.0678209
0.0676059
0.0673907
0.0671754
0.0669601
0.0667446
0.0665291
0.0663135
0.0660978
0.065882
0.0656662
0.0654503
0.0652344
0.0650184
0.0648023
0.0645862
0.0643701
0.0641539
0.0639378
0.0637215
0.0635053
0.0632891
0.0630728
0.0628566
0.0626403
0.062424
0.0622078
0.0619916
0.0617754
0.0615592
0.061343
0.0611269
0.0609108
0.0606948
0.0604788
0.0602629
0.060047
0.0598312
0.0596154
0.0593998
0.0591842
0.0589686
0.0587532
0.0585379
0.0583226
0.0581075
0.0578925
0.0576775
0.0574627
0.057248
0.0570335
0.0568191
0.0566048
0.0563906
0.0561766
0.0559627
0.055749
0.0555355
0.0553221
0.0551088
0.0548958
0.0546829
0.0544702
0.0542577
0.0540454
0.0538333
0.0536214
0.0534097
0.0531982
0.0529869
0.0527758
0.052565
0.0523544
0.052144
0.0519339
0.051724
0.0515143
0.0513049
0.0510958
0.0508869
0.0506783
0.05047
0.0502619
0.0500541
0.0498466
0.0496394
0.0494325
0.0492259
0.0490196
0.0488136
0.0486079
0.0484025
0.0481974
0.0479927
0.0477883
0.0475843
0.0473805
0.0471772
0.0469741
0.0467714
0.0465691
0.0463672
0.0461656
0.0459644
0.0457635
0.0455631
0.045363
0.0451633
0.044964
0.0447651
0.0445666
0.0443685
0.0441708
0.0439736
0.0437767
0.0435803
0.0433843
0.0431888
0.0429936
0.042799
0.0426047
0.0424109
0.0422176
0.0420247
0.0418323
0.0416404
0.0414489
0.0412579
0.0410674
0.0408774
0.0406879
0.0404988
0.0403103
0.0401222
0.0399347
0.0397476
0.0395611
0.0393751
0.0391896
0.0390047
0.0388203
0.0386364
0.038453
0.0382702
0.038088
0.0379063
0.0377251
0.0375445
0.0373645
0.037185
0.0370061
0.0368278
0.03665
0.0364729
0.0362963
0.0361203
0.0359449
0.0357701
0.0355959
0.0354224
0.0352494
0.035077
0.0349053
0.0347342
0.0345637
0.0343938
0.0342246
0.034056
0.033888
0.0337207
0.033554
0.033388
0.0332226
0.0330579
0.0328939
0.0327305
0.0325678
0.0324058
0.0322444
0.0320837
0.0319237
0.0317644
0.0316058
0.0314479
0.0312907
0.0311342
0.0309783
0.0308232
0.0306688
0.0305152
0.0303622
0.03021
0.0300585
0.0299077
0.0297576
0.0296083
0.0294597
0.0293119
0.0291648
0.0290185
0.0288729
0.028728
0.028584
0.0284406
0.0282981
0.0281563
0.0280153
0.0278751
0.0277356
0.0275969
0.027459
0.0273219
0.0271856
0.0270501
0.0269154
0.0267814
0.0266483
0.026516
0.0263845
0.0262537
0.0261239
0.0259948
0.0258665
0.0257391
0.0256125
0.0254867
0.0253617
0.0252376
0.0251143
0.0249919
0.0248703
0.0247495
0.0246296
0.0245105
0.0243923
0.024275
0.0241585
0.0240428
0.023928
0.0238141
0.0237011
0.0235889
0.0234776
0.0233672
0.0232576
0.0231489
0.0230412
0.0229343
0.0228282
0.0227231
0.0226189
0.0225155
0.0224131
0.0223115
0.0222109
0.0221111
0.0220123
0.0219144
0.0218174
0.0217213
0.0216261
0.0215318
0.0214384
0.021346
0.0212545
0.0211639
0.0210742
0.0209855
0.0208977
0.0208108
0.0207248
0.0206398
0.0205558
0.0204726
0.0203905
0.0203092
0.0202289
0.0201496
0.0200712
0.0199937
0.0199172
0.0198417
0.0197671
0.0196934
0.0196208
0.0195491
0.0194783
0.0194085
0.0193397
0.0192719
0.019205
0.0191391
0.0190741
0.0190101
0.0189471
0.0188851
0.0188241
0.018764
0.0187049
0.0186468
0.0185897
0.0185336
0.0184784
0.0184242
0.0183711
0.0183189
0.0182677
0.0182175
0.0181682
0.01812
0.0180728
0.0180265
0.0179813
0.017937
0.0178938
0.0178515
0.0178103
0.01777
0.0177308
0.0176926
0.0176553
0.0176191
0.0175839
0.0175496
0.0175164
0.0174842
0.017453
0.0174228
0.0173936
0.0173654
0.0173383
0.0173121
0.017287
0.0172629
0.0172397
0.0172176
0.0171966
0.0171765
0.0171574
0.0171394
0.0171224
0.0171063
0.0170913
0.0170774
0.0170644
0.0170525
0.0170415
0.0170316
0.0170227
0.0170149
0.017008
0.0170022
0.0169974
0.0169936
0.0169908
0.016989
0.0169883
0.0169886
0.0169899
0.0169922
0.0169954
0.0169997
0.0170049
0.017011
0.0170181
0.0170261
0.0170349
0.0170447
0.0170553
0.0170668
0.017079
0.0170921
0.0171059
0.0171205
0.0171359
0.0171519
0.0171686
0.017186
0.0172041
0.0172227
0.017242
0.0172618
0.0172821
0.017303
0.0173243
0.0173461
0.0173684
0.017391
0.0174141
0.0174375
0.0174612
0.0174852
0.0175095
0.0175341
0.0175588
0.0175838
0.0176089
0.0176342
0.0176596
0.017685
0.0177106
0.0177361
0.0177617
0.0177873
0.0178128
0.0178382
0.0178636
0.0178888
0.0179139
0.0179388
0.0179635
0.0179881
0.0180124
0.0180364
0.0180602
0.0180836
0.0181068
0.0181296
0.018152
0.0181741
0.0181958
0.0182171
0.0182379
0.0182583
0.0182782
0.0182977
0.0183166
0.0183351
0.018353
0.0183704
0.0183873
0.0184036
0.0184193
0.0184344
0.018449
0.018463
0.0184764
0.0184891
0.0185013
0.0185128
0.0185237
0.018534
0.0185436
0.0185526
0.0185609
0.0185686
0.0185757
0.0185821
0.0185878
0.018593
0.0185974
0.0186013
0.0186044
0.018607
0.0186089
0.0186102
0.0186109
0.0186109
0.0186104
0.0186092
0.0186075
0.0186051
0.0186022
0.0185987
0.0185946
0.01859
0.0185848
0.0185791
0.0185729
0.0185662
0.0185589
0.0185512
0.018543
0.0185344
0.0185253
0.0185157
0.0185058
0.0184954
0.0184847
0.0184735
0.018462
0.0184502
0.018438
0.0184255
0.0184127
0.0183997
0.0183863
0.0183727
0.0183589
0.0183448
0.0183306
0.0183161
0.0183015
0.0182868
0.0182718
0.0182568
0.0182417
0.0182264
0.0182111
0.0181958
0.0181804
0.0181649
0.0181495
0.0181341
0.0181186
0.0181033
0.0180879
0.0180727
0.0180575
0.0180424
0.0180274
0.0180125
0.0179978
0.0179832
0.0179688
0.0179546
0.0179405
0.0179267
0.0179131
0.0178996
0.0178865
0.0178735
0.0178609
0.0178484
0.0178363
0.0178245
0.0178129
0.0178016
0.0177907
0.0177801
0.0177698
0.0177598
0.0177502
0.0177409
0.017732
0.0177234
0.0177152
0.0177074
0.0176999
0.0176928
0.0176861
0.0176797
0.0176738
0.0176682
0.017663
0.0176582
0.0176538
0.0176498
0.0176462
0.017643
0.0176401
0.0176377
0.0176356
0.0176339
0.0176326
0.0176317
0.0176312
0.017631
0.0176312
0.0176318
0.0176327
0.017634
0.0176357
0.0176377
0.01764
0.0176427
0.0176457
0.017649
0.0176526
0.0176566
0.0176609
0.0176654
0.0176703
0.0176754
0.0176808
0.0176864
0.0176924
0.0176985
0.0177049
0.0177116
0.0177184
0.0177255
0.0177328
0.0177403
0.0177479
0.0177558
0.0177638
0.0177719
0.0177802
0.0177887
0.0177972
0.0178059
0.0178147
0.0178236
0.0178326
0.0178416
0.0178507
0.0178599
0.0178692
0.0178784
0.0178877
0.017897
0.0179064
0.0179157
0.017925
0.0179343
0.0179436
0.0179528
0.017962
0.0179711
0.0179802
0.0179892
0.0179981
0.018007
0.0180157
0.0180243
0.0180329
0.0180413
0.0180495
0.0180577
0.0180657
0.0180736
0.0180813
0.0180888
0.0180962
0.0181034
0.0181105
0.0181174
0.018124
0.0181305
0.0181368
0.0181429
0.0181488
0.0181545
0.0181599
0.0181652
0.0181702
0.018175
0.0181796
0.018184
0.0181881
0.0181921
0.0181957
0.0181992
0.0182024
0.0182054
0.0182081
0.0182106
0.0182129
0.0182149
0.0182167
0.0182183
0.0182196
0.0182207
0.0182216
0.0182222
0.0182226
0.0182228
0.0182228
0.0182225
0.018222
0.0182213
0.0182204
0.0182193
0.0182179
0.0182164
0.0182147
0.0182127
0.0182106
0.0182083
0.0182058
0.0182031
0.0182002
0.0181972
0.018194
0.0181906
0.0181871
0.0181834
0.0181796
0.0181756
0.0181715
0.0181673
0.018163
0.0181585
0.0181539
0.0181492
0.0181444
0.0181395
0.0181345
0.0181295
0.0181243
0.0181191
0.0181138
0.0181085
0.0181031
0.0180976
0.0180921
0.0180866
0.018081
0.0180754
0.0180698
0.0180642
0.0180586
0.018053
0.0180473
0.0180417
0.0180361
0.0180305
0.018025
0.0180194
0.0180139
0.0180085
0.0180031
0.0179977
0.0179924
0.0179872
0.017982
0.0179769
0.0179719
0.0179669
0.0179621
0.0179573
0.0179526
0.017948
0.0179435
0.0179391
0.0179348
0.0179306
0.0179265
0.0179226
0.0179187
0.017915
0.0179114
0.0179079
0.0179046
0.0179014
0.0178983
0.0178953
0.0178925
0.0178898
0.0178873
0.0178849
0.0178826
0.0178804
0.0178785
0.0178766
0.0178749
0.0178733
0.0178719
0.0178706
0.0178695
0.0178685
0.0178676
0.0178669
0.0178664
0.0178659
0.0178656
0.0178655
0.0178654
0.0178655
0.0178658
0.0178662
0.0178667
0.0178673
0.0178681
0.017869
0.01787
0.0178711
0.0178723
0.0178737
0.0178752
0.0178768
0.0178785
0.0178802
0.0178821
0.0178841
0.0178862
0.0178884
0.0178907
0.0178931
0.0178955
0.017898
0.0179006
0.0179033
0.017906
0.0179089
0.0179117
0.0179147
0.0179177
0.0179207
0.0179238
0.0179269
0.0179301
0.0179333
0.0179366
0.0179399
0.0179432
0.0179465
0.0179498
0.0179532
0.0179566
0.01796
0.0179634
0.0179668
0.0179702
0.0179736
0.017977
0.0179804
0.0179837
0.0179871
0.0179904
0.0179937
0.017997
0.0180002
0.0180034
0.0180066
0.0180097
0.0180128
0.0180159
0.0180189
0.0180219
0.0180248
0.0180276
0.0180304
0.0180332
0.0180358
0.0180384
0.018041
0.0180435
0.0180459
0.0180482
0.0180505
0.0180527
0.0180548
0.0180569
0.0180589
0.0180608
0.0180626
0.0180643
0.018066
0.0180675
0.018069
0.0180704
0.0180717
0.018073
0.0180741
0.0180752
0.0180762
0.0180771
0.0180779
0.0180786
0.0180792
0.0180798
0.0180802
0.0180806
0.0180809
0.0180811
0.0180812
0.0180813
0.0180812
0.0180811
0.0180809
0.0180806
0.0180803
0.0180798
0.0180793
0.0180788
0.0180781
0.0180774
0.0180766
0.0180757
0.0180748
0.0180738
0.0180727
0.0180716
0.0180704
0.0180692
0.0180679
0.0180665
0.0180651
0.0180636
0.0180621
0.0180606
0.018059
0.0180573
0.0180557
0.0180539
0.0180522
0.0180504
0.0180486
0.0180467
0.0180448
0.0180429
0.018041
0.018039
0.018037
0.0180351
0.018033
0.018031
0.018029
0.018027
0.0180249
0.0180229
0.0180208
0.0180187
0.0180167
0.0180146
0.0180126
0.0180106
0.0180085
0.0180065
0.0180045
0.0180025
0.0180006
0.0179986
0.0179967
0.0179948
0.0179929
0.0179911
0.0179892
0.0179874
0.0179857
0.0179839
0.0179822
0.0179806
0.0179789
0.0179773
0.0179758
0.0179743
0.0179728
0.0179714
0.01797
0.0179686
0.0179673
0.0179661
0.0179649
0.0179637
0.0179626
0.0179615
0.0179605
0.0179596
0.0179586
0.0179578
0.017957
0.0179562
0.0179555
0.0179548
0.0179542
0.0179537
0.0179532
0.0179527
0.0179523
0.0179519
0.0179517
0.0179514
0.0179512
0.0179511
0.017951
0.0179509
0.0179509
0.017951
0.0179511
0.0179512
0.0179514
0.0179517
0.017952
0.0179523
0.0179527
0.0179531
0.0179536
0.0179541
0.0179546
0.0179552
0.0179558
0.0179565
0.0179572
0.017958
0.0179587
0.0179595
0.0179604
0.0179612
0.0179621
0.0179631
0.017964
0.017965
0.017966
0.017967
0.0179681
0.0179692
0.0179703
0.0179714
0.0179725
0.0179737
0.0179748
0.017976
0.0179772
0.0179784
0.0179796
0.0179808
0.017982
0.0179833
0.0179845
0.0179858
0.017987
0.0179882
0.0179895
0.0179907
0.0179919
0.0179932
0.0179944
0.0179956
0.0179968
0.017998
0.0179992
0.0180004
0.0180016
0.0180027
0.0180039
0.018005
0.0180061
0.0180072
0.0180083
0.0180093
0.0180104
0.0180114
0.0180124
0.0180133
0.0180143
0.0180152
0.0180161
0.018017
0.0180178
0.0180186
0.0180194
0.0180202
0.018021
0.0180217
0.0180223
0.018023
0.0180236
0.0180242
0.0180248
0.0180253
0.0180258
0.0180263
0.0180267
0.0180271
0.0180275
0.0180279
0.0180282
0.0180285
0.0180287
0.0180289
0.0180291
0.0180293
0.0180294
0.0180295
0.0180296
0.0180296
0.0180296
0.0180296
0.0180296
0.0180295
0.0180294
0.0180292
0.0180291
0.0180289
0.0180287
0.0180284
0.0180281
0.0180278
0.0180275
0.0180272
0.0180268
0.0180264
0.018026
0.0180256
0.0180251
0.0180246
0.0180241
0.0180236
0.0180231
0.0180225
0.0180219
0.0180213
0.0180207
0.0180201
0.0180195
0.0180189
0.0180182
0.0180175
0.0180168
0.0180162
0.0180155
0.0180147
0.018014
0.0180133
0.0180126
0.0180118
0.0180111
0.0180104
0.0180096
0.0180089
0.0180081
0.0180074
0.0180066
0.0180059
0.0180051
0.0180044
0.0180036
0.0180029
0.0180022
0.0180015
0.0180007
0.018
0.0179993
0.0179986
0.0179979
0.0179972
0.0179966
0.0179959
0.0179952
0.0179946
0.017994
0.0179934
0.0179927
0.0179922
0.0179916
0.017991
0.0179905
0.0179899
0.0179894
0.0179889
0.0179884
0.017988
0.0179875
0.0179871
0.0179867
0.0179863
0.0179859
0.0179855
0.0179852
0.0179848
0.0179845
0.0179842
0.0179839
0.0179837
0.0179835
0.0179832
0.017983
0.0179829
0.0179827
0.0179826
0.0179824
0.0179823
0.0179823
0.0179822
0.0179821
0.0179821
0.0179821
0.0179821
0.0179821
0.0179822
0.0179822
0.0179823
0.0179824
0.0179825
0.0179826
0.0179828
0.0179829
0.0179831
0.0179833
0.0179835
0.0179837
0.017984
0.0179842
0.0179845
0.0179847
0.017985
0.0179853
0.0179856
0.017986
0.0179863
0.0179866
0.017987
0.0179873
0.0179877
0.0179881
0.0179885
0.0179889
0.0179893
0.0179897
0.0179901
0.0179905
0.0179909
0.0179914
0.0179918
0.0179922
0.0179927
0.0179931
0.0179936
0.017994
0.0179945
0.0179949
0.0179954
0.0179958
0.0179963
0.0179967
0.0179972
0.0179976
0.0179981
0.0179985
0.017999
0.0179994
0.0179998
0.0180003
0.0180007
0.0180011
0.0180015
0.0180019
0.0180023
0.0180027
0.0180031
0.0180035
0.0180039
0.0180042
0.0180046
0.018005
0.0180053
0.0180056
0.018006
0.0180063
0.0180066
0.0180069
0.0180072
0.0180074
0.0180077
0.018008
0.0180082
0.0180085
0.0180087
0.0180089
0.0180091
0.0180093
0.0180095
0.0180096
0.0180098
0.0180099
0.0180101
0.0180102
0.0180103
0.0180104
0.0180105
0.0180106
0.0180106
0.0180107
0.0180107
0.0180108
0.0180108
0.0180108
0.0180108
0.0180108
0.0180108
0.0180107
0.0180107
0.0180106
0.0180106
0.0180105
0.0180104
0.0180103
0.0180102
0.0180101
0.01801
0.0180099
0.0180097
0.0180096
0.0180094
0.0180093
0.0180091
0.0180089
0.0180087
0.0180086
0.0180084
0.0180082
0.0180079
0.0180077
0.0180075
0.0180073
0.018007
0.0180068
0.0180066
0.0180063
0.0180061
0.0180058
0.0180056
0.0180053
0.018005
0.0180048
0.0180045
0.0180042
0.018004
0.0180037
0.0180034
0.0180032
0.0180029
0.0180026
0.0180023
0.0180021
0.0180018
0.0180015
0.0180013
0.018001
0.0180007
0.0180005
0.0180002
0.0179999
0.0179997
0.0179994
0.0179992
0.0179989
0.0179987
0.0179984
0.0179982
0.017998
0.0179977
0.0179975
0.0179973
0.0179971
0.0179969
0.0179967
0.0179965
0.0179963
0.0179961
0.0179959
0.0179957
0.0179956
0.0179954
0.0179952
0.0179951
0.0179949
0.0179948
0.0179947
0.0179946
0.0179944
0.0179943
0.0179942
0.0179941
0.017994
0.0179939
0.0179939
0.0179938
0.0179937
0.0179937
0.0179936
0.0179936
0.0179935
0.0179935
0.0179935
0.0179935
0.0179935
0.0179935
0.0179935
0.0179935
0.0179935
0.0179935
0.0179936
0.0179936
0.0179936
0.0179937
0.0179937
0.0179938
0.0179939
0.0179939
0.017994
0.0179941
0.0179942
0.0179943
0.0179944
0.0179945
0.0179946
0.0179947
0.0179948
0.0179949
0.017995
0.0179952
0.0179953
0.0179954
0.0179956
0.0179957
0.0179958
0.017996
0.0179961
0.0179963
0.0179964
0.0179966
0.0179967
0.0179969
0.0179971
0.0179972
0.0179974
0.0179975
0.0179977
0.0179979
0.017998
0.0179982
0.0179984
0.0179985
0.0179987
0.0179989
0.017999
0.0179992
0.0179993
0.0179995
0.0179997
0.0179998
0.018
0.0180001
0.0180003
0.0180004
0.0180006
0.0180007
0.0180009
0.018001
0.0180012
0.0180013
0.0180015
0.0180016
0.0180017
0.0180018
0.018002
0.0180021
0.0180022
0.0180023
0.0180024
0.0180025
0.0180026
0.0180027
0.0180028
0.0180029
0.018003
0.0180031
0.0180032
0.0180033
0.0180033
0.0180034
0.0180035
0.0180035
0.0180036
0.0180036
0.0180037
0.0180037
0.0180038
0.0180038
0.0180038
0.0180039
0.0180039
0.0180039
0.0180039
0.0180039
0.0180039
0.0180039
0.0180039
0.0180039
0.0180039
0.0180039
0.0180039
0.0180039
0.0180039
0.0180038
0.0180038
0.0180038
0.0180037
0.0180037
0.0180036
0.0180036
0.0180035
0.0180035
0.0180034
0.0180034
0.0180033
0.0180032
0.0180032
0.0180031
0.018003
0.018003
0.0180029
0.0180028
0.0180027
0.0180026
0.0180025
0.0180025
0.0180024
0.0180023
0.0180022
0.0180021
0.018002
0.0180019
0.0180018
0.0180017
0.0180016
0.0180015
0.0180014
0.0180013
0.0180012
0.0180011
0.018001
0.0180009
0.0180008
0.0180007
0.0180006
0.0180005
0.0180004
0.0180003
0.0180002
0.0180001
0.018
0.0179999
0.0179999
0.0179998
0.0179997
0.0179996
0.0179995
0.0179994
0.0179993
0.0179992
0.0179992
0.0179991
0.017999
0.0179989
0.0179988
0.0179988
0.0179987
0.0179986
0.0179986
0.0179985
0.0179984
0.0179984
0.0179983
0.0179982
0.0179982
0.0179981
0.0179981
0.017998
0.017998
0.017998
0.0179979
0.0179979
0.0179978
0.0179978
0.0179978
0.0179978
0.0179977
0.0179977
0.0179977
0.0179977
0.0179977
0.0179976
0.0179976
0.0179976
0.0179976
0.0179976
0.0179976
0.0179976
0.0179976
0.0179976
0.0179976
0.0179977
0.0179977
0.0179977
0.0179977
0.0179977
0.0179977
0.0179978
0.0179978
0.0179978
0.0179979
0.0179979
0.0179979
0.017998
0.017998
0.017998
0.0179981
0.0179981
0.0179982
0.0179982
0.0179982
0.0179983
0.0179983
0.0179984
0.0179984
0.0179985
0.0179985
0.0179986
0.0179987
0.0179987
0.0179988
0.0179988
0.0179989
0.0179989
0.017999
0.0179991
0.0179991
0.0179992
0.0179992
0.0179993
0.0179994
0.0179994
0.0179995
0.0179995
0.0179996
0.0179997
0.0179997
0.0179998
0.0179998
0.0179999
0.018
0.018
0.0180001
0.0180001
0.0180002
0.0180002
0.0180003
0.0180003
0.0180004
0.0180004
0.0180005
0.0180005
0.0180006
0.0180006
0.0180007
0.0180007
0.0180008
0.0180008
0.0180009
0.0180009
0.0180009
0.018001
0.018001
0.018001
0.0180011
0.0180011
0.0180011
0.0180012
0.0180012
0.0180012
0.0180012
0.0180013
0.0180013
0.0180013
0.0180013
0.0180013
0.0180014
0.0180014
0.0180014
0.0180014
0.0180014
0.0180014
0.0180014
0.0180014
0.0180014
0.0180014
0.0180014
0.0180014
0.0180014
0.0180014
0.0180014
0.0180014
0.0180014
0.0180014
0.0180014
0.0180014
0.0180014
0.0180014
0.0180013
0.0180013
0.0180013
0.0180013
0.0180013
0.0180012
0.0180012
0.0180012
0.0180012
0.0180011
0.0180011
0.0180011
0.0180011
0.018001
0.018001
0.018001
0.018001
0.0180009
0.0180009
0.0180009
0.0180008
0.0180008
0.0180008
0.0180007
0.0180007
0.0180007
0.0180006
0.0180006
0.0180005
0.0180005
0.0180005
0.0180004
0.0180004
0.0180004
0.0180003
0.0180003
0.0180003
0.0180002
0.0180002
0.0180001
0.0180001
0.0180001
0.018
0.018
0.018
0.0179999
0.0179999
0.0179999
0.0179998
0.0179998
0.0179998
0.0179997
0.0179997
0.0179997
0.0179997
0.0179996
0.0179996
0.0179996
0.0179995
0.0179995
0.0179995
0.0179995
0.0179994
0.0179994
0.0179994
0.0179994
0.0179994
0.0179993
0.0179993
0.0179993
0.0179993
0.0179993
0.0179993
0.0179992
0.0179992
0.0179992
0.0179992
0.0179992
0.0179992
0.0179992
0.0179992
0.0179992
0.0179991
0.0179991
0.0179991
0.0179991
0.0179991
0.0179991
0.0179991
0.0179991
0.0179991
0.0179991
0.0179991
0.0179991
0.0179991
0.0179992
0.0179992
0.0179992
0.0179992
0.0179992
0.0179992
0.0179992
0.0179992
0.0179992
0.0179992
0.0179992
0.0179993
0.0179993
0.0179993
0.0179993
0.0179993
0.0179993
0.0179993
0.0179994
0.0179994
0.0179994
0.0179994
0.0179994
0.0179995
0.0179995
0.0179995
0.0179995
0.0179995
0.0179996
0.0179996
0.0179996
0.0179996
0.0179996
0.0179997
0.0179997
0.0179997
0.0179997
0.0179998
0.0179998
0.0179998
0.0179998
0.0179998
0.0179999
0.0179999
0.0179999
0.0179999
0.0179999
0.018
0.018
0.018
0.018
0.0180001
0.0180001
0.0180001
0.0180001
0.0180001
0.0180001
0.0180002
0.0180002
0.0180002
0.0180002
0.0180002
0.0180003
0.0180003
0.0180003
0.0180003
0.0180003
0.0180003
0.0180003
0.0180004
0.0180004
0.0180004
0.0180004
0.0180004
0.0180004
0.0180004
0.0180004
0.0180004
0.0180005
0.0180005
0.0180005
0.0180005
0.0180005
0.0180005
0.0180005
0.0180005
0.0180005
0.0180005
0.0180005
0.0180005
0.0180005
0.0180005
0.0180005
0.0180005
0.0180005
0.0180005
0.0180005
0.0180005
0.0180005
0.0180005
0.0180005
0.0180005
0.0180005
0.0180005
0.0180005
0.0180005
0.0180005
0.0180005
0.0180005
0.0180005
0.0180005
0.0180005
0.0180004
0.0180004
0.0180004
0.0180004
0.0180004
0.0180004
0.0180004
0.0180004
0.0180004
0.0180004
0.0180003
0.0180003
0.0180003
0.0180003
0.0180003
0.0180003
0.0180003
0.0180003
0.0180002
0.0180002
0.0180002
0.0180002
0.0180002
0.0180002
0.0180002
0.0180002
0.0180001
0.0180001
0.0180001
0.0180001
0.0180001
0.0180001
0.0180001
0.0180001
0.018
0.018
0.018
0.018
0.018
0.018
0.018
0.0179999
0.0179999
0.0179999
0.0179999
0.0179999
0.0179999
0.0179999
0.0179999
0.0179999
0.0179998
0.0179998
0.0179998
0.0179998
0.0179998
0.0179998
0.0179998
0.0179998
0.0179998
0.0179998
0.0179998
0.0179998
0.0179997
0.0179997
0.0179997
0.0179997
0.0179997
0.0179997
0.0179997
0.0179997
0.0179997
0.0179997
0.0179997
0.0179997
0.0179997
0.0179997
0.0179997
0.0179997
0.0179997
0.0179997
0.0179997
0.0179997
0.0179997
0.0179997
0.0179997
0.0179997
0.0179997
0.0179997
0.0179997
0.0179997
0.0179997
0.0179997
0.0179997
0.0179997
0.0179997
0.0179997
0.0179997
0.0179997
0.0179997
0.0179997
0.0179997
0.0179997
0.0179997
0.0179997
0.0179998
0.0179998
0.0179998
0.0179998
0.0179998
0.0179998
0.0179998
0.0179998
0.0179998
0.0179998
0.0179998
0.0179998
0.0179998
0.0179998
0.0179998
0.0179999
0.0179999
0.0179999
0.0179999
0.0179999
0.0179999
0.0179999
0.0179999
0.0179999
0.0179999
0.0179999
0.0179999
0.018
0.018
0.018
0.018
0.018
0.018
0.018
0.018
0.018
0.018
0.018
0.018
0.018
0.018
0.0180001
0.0180001
0.0180001
0.0180001
0.0180001
0.0180001
0.0180001
0.0180001
0.0180001
0.0180001
0.0180001
0.0180001
0.0180001
0.0180001
0.0180001
0.0180001
0.0180001
0.0180001
0.0180002
0.0180002
0.0180002
0.0180002
0.0180002
0.0180002
0.0180002
0.0180002
0.0180002
0.0180002
0.0180002
0.0180002
0.0180002
0.0180002
0.0180002
0.0180002
0.0180002
0.0180002
0.0180002
0.0180002
0.0180002
0.0180002
0.0180002
0.0180002
0.0180002
0.0180002
0.0180002
0.0180002
0.0180002
0.0180002
0.0180002
0.0180002
0.0180002
0.0180002
0.0180002
0.0180002
0.0180002
0.0180002
0.0180002
0.0180002
0.0180002
0.0180002
0.0180001
0.0180001
0.0180001
0.0180001
0.0180001
0.0180001
0.0180001
0.0180001
0.0180001
0.0180001
0.0180001
0.0180001
0.0180001
0.0180001
0.0180001
0.0180001
0.0180001
0.0180001
0.0180001
0.0180001
0.0180001
0.0180001
0.0180001
0.018
0.018
0.018
0.018
0.018
0.018
0.018
0.018
0.018
0.018
0.018
0.018
0.018
0.018
0.018
0.018
0.018
0.018
0.018
0.018
0.018
0.018
0.0179999
0.0179999
0.0179999
0.0179999
0.0179999
0.0179999
0.0179999
0.0179999
0.0179999
0.0179999
0.0179999
0.0179999
0.0179999
0.0179999
0.0179999
0.0179999
0.0179999
0.0179999
0.0179999
0.0179999
0.0179999
0.0179999
0.0179999
0.0179999
0.0179999
0.0179999
0.0179999
0.0179999
0.0179999
0.0179999
0.0179999
0.0179999
0.0179999
0.0179999
0.0179999
0.0179999
0.0179999
0.0179999
0.0179999
0.0179999
0.0179999
0.0179999
0.0179999
0.0179999
0.0179999
0.0179999
0.0179999
0.0179999
0.0179999
0.0179999
0.0179999
0.0179999
0.0179999
0.0179999
0.0179999
0.0179999
0.0179999
0.0179999
0.0179999
0.0179999
0.0179999
0.0179999
0.0179999
0.0179999
0.0179999
0.0179999
0.0179999
0.0179999
0.0179999
0.0179999
0.0179999
0.018
0.018
0.018
0.018
0.018
0.018
0.018
0.018
0.018
0.018
0.018
0.018
0.018
0.018
0.018
0.018
0.018
0.018
0.018
0.018
0.018
0.018
0.018
0.018
0.018
0.018
0.018
0.018
0.018
0.018
0.018
0.018
0.018
0.018
0.018
0.018
0.018
0.018
0.018
0.0180001
0.0180001
0.0180001
0.0180001
0.0180001
0.0180001
0.0180001
0.0180001
0.0180001
0.0180001
0.0180001
0.0180001
0.0180001
0.0180001
0.0180001
0.0180001
0.0180001
0.0180001
0.0180001
0.0180001
0.0180001
0.0180001
0.0180001
0.0180001
0.0180001
0.0180001
0.0180001
0.0180001
0.0180001
0.0180001
0.0180001
0.0180001
0.0180001
0.0180001
0.0180001
0.0180001
0.0180001
0.0180001
0.0180001
0.0180001
0.0180001
0.0180001
0.0180001
0.0180001
0.0180001
0.0180001
0.0180001
0.0180001
0.0180001
0.018
0.018
0.018
0.018
0.018
0.018
0.018
0.018
0.018
0.018
0.018
0.018
0.018
0.018
0.018
0.018
0.018
0.018
0.018
0.018
0.018
0.018
0.018
0.018
0.018
0.018
0.018
0.018
0.018
0.018
0.018
0.018
0.018
0.018
0.018
0.018
0.018
0.018
0.018
0.018
0.018
0.018
0.018
0.018
0.018
0.018
0.018
0.018
0.018
0.018
0.018
0.018
0.018
0.018
0.018
0.018
0.018
0.018
0.018
0.018
0.018
0.018
0.018
0.018
0.018
0.018
0.018
0.018
